0 0.322265625 0.919921875 0.111328125 0.1552734375
0 0.3388671875 0.5791015625 0.046875 0.0615234375
0 0.2265625 0.7578125 0.0908203125 0.111328125
0 0.3818359375 0.5068359375 0.033203125 0.0517578125
0 0.7099609375 0.556640625 0.0458984375 0.0634765625
0 0.4150390625 0.56640625 0.044921875 0.080078125
0 0.5498046875 0.4638671875 0.0263671875 0.04296875
0 0.4521484375 0.4619140625 0.025390625 0.0390625
0 0.0244140625 0.8671875 0.048828125 0.109375
0 0.6142578125 0.49609375 0.044921875 0.0927734375
0 0.234375 0.6005859375 0.0830078125 0.1318359375
0 0.279296875 0.576171875 0.03125 0.0712890625
0 0.283203125 0.5810546875 0.0205078125 0.0634765625