0 0.3564453125 0.81640625 0.0859375 0.138671875
0 0.353515625 0.5556640625 0.0341796875 0.0625
0 0.7646484375 0.625 0.0634765625 0.0859375
0 0.265625 0.689453125 0.0732421875 0.0947265625
0 0.4228515625 0.5419921875 0.0419921875 0.0751953125
0 0.5595703125 0.4921875 0.029296875 0.048828125
0 0.0537109375 0.8076171875 0.107421875 0.1904296875
0 0.388671875 0.4921875 0.03125 0.044921875
0 0.640625 0.5439453125 0.060546875 0.115234375
0 0.640625 0.54296875 0.060546875 0.119140625
0 0.453125 0.4541015625 0.0263671875 0.03515625
0 0.2568359375 0.576171875 0.0693359375 0.1162109375
0 0.6171875 0.4462890625 0.0224609375 0.0322265625
0 0.529296875 0.3984375 0.01953125 0.02734375