0 0.6123046875 0.701171875 0.0615234375 0.1025390625
0 0.0673828125 0.818359375 0.126953125 0.1552734375
0 0.568359375 0.5107421875 0.03515625 0.0634765625
0 0.6953125 0.623046875 0.0576171875 0.0732421875
0 0.419921875 0.568359375 0.0361328125 0.068359375
0 0.283203125 0.669921875 0.099609375 0.2099609375
0 0.6279296875 0.5244140625 0.033203125 0.0517578125
0 0.87890625 0.7080078125 0.107421875 0.142578125
0 0.3603515625 0.4716796875 0.025390625 0.037109375
0 0.4638671875 0.4169921875 0.0205078125 0.0302734375
0 0.7158203125 0.546875 0.060546875 0.111328125
0 0.6015625 0.4755859375 0.0263671875 0.037109375