0 0.6845703125 0.6044921875 0.048828125 0.0712890625
0 0.6044921875 0.671875 0.0546875 0.0927734375
0 0.0205078125 0.91015625 0.041015625 0.130859375
0 0.5654296875 0.50390625 0.03515625 0.0615234375
0 0.40625 0.607421875 0.04296875 0.080078125
0 0.6220703125 0.5166015625 0.033203125 0.0517578125
0 0.85546875 0.6845703125 0.09765625 0.1337890625
0 0.462890625 0.421875 0.0205078125 0.0322265625
0 0.3525390625 0.4833984375 0.0322265625 0.0458984375
0 0.236328125 0.7490234375 0.134765625 0.26953125
0 0.2353515625 0.7490234375 0.134765625 0.26953125
0 0.7021484375 0.53515625 0.0693359375 0.1015625
0 0.466796875 0.4111328125 0.02734375 0.052734375