0 0.294921875 0.65625 0.0625 0.0947265625
0 0.25 0.6083984375 0.0537109375 0.0791015625
0 0.2880859375 0.89453125 0.109375 0.1943359375
0 0.453125 0.4541015625 0.0283203125 0.044921875
0 0.5625 0.494140625 0.0283203125 0.046875
0 0.7705078125 0.693359375 0.197265625 0.349609375
0 0.375 0.453125 0.021484375 0.033203125
0 0.3984375 0.4794921875 0.0283203125 0.0458984375
0 0.609375 0.4375 0.025390625 0.0400390625
0 0.6962890625 0.5810546875 0.072265625 0.15234375
0 0.6064453125 0.43359375 0.0302734375 0.046875