0 0.4072265625 0.55859375 0.0439453125 0.0625
0 0.5712890625 0.505859375 0.033203125 0.0498046875
0 0.3974609375 0.4755859375 0.0283203125 0.04296875
0 0.3388671875 0.5546875 0.04296875 0.06640625
0 0.5478515625 0.443359375 0.0234375 0.033203125
0 0.5654296875 0.419921875 0.021484375 0.029296875
0 0.1015625 0.84765625 0.203125 0.2890625
0 0.5859375 0.390625 0.029296875 0.0625
0 0.4609375 0.4248046875 0.021484375 0.03515625
0 0.5859375 0.388671875 0.029296875 0.05859375
0 0.1025390625 0.767578125 0.2041015625 0.4443359375
0 0.3388671875 0.5654296875 0.046875 0.0888671875