0 0.419921875 0.52734375 0.0361328125 0.0556640625
0 0.59375 0.5673828125 0.04296875 0.068359375
0 0.3388671875 0.87109375 0.091796875 0.1484375
0 0.5576171875 0.46875 0.02734375 0.0400390625
0 0.357421875 0.5283203125 0.041015625 0.0595703125
0 0.1337890625 0.74609375 0.2666015625 0.4892578125
0 0.08203125 0.6181640625 0.162109375 0.2373046875
0 0.404296875 0.462890625 0.0283203125 0.04296875
0 0.357421875 0.537109375 0.04296875 0.0830078125
0 0.59375 0.3974609375 0.033203125 0.068359375
0 0.59375 0.396484375 0.033203125 0.068359375
0 0.4638671875 0.4169921875 0.0185546875 0.02734375