0 0.42578125 0.541015625 0.03515625 0.0537109375
0 0.365234375 0.7509765625 0.0673828125 0.1123046875
0 0.125 0.7490234375 0.099609375 0.107421875
0 0.259765625 0.5205078125 0.138671875 0.2041015625
0 0.28515625 0.6474609375 0.08984375 0.1552734375
0 0.3798828125 0.509765625 0.0322265625 0.044921875
0 0.740234375 0.6064453125 0.05859375 0.0732421875
0 0.634765625 0.470703125 0.0244140625 0.0322265625
0 0.26171875 0.5205078125 0.140625 0.2041015625
0 0.9609375 0.8974609375 0.076171875 0.1787109375
0 0.1015625 0.9521484375 0.125 0.091796875
0 0.5537109375 0.431640625 0.03125 0.0625
0 0.5546875 0.431640625 0.0322265625 0.0625
0 0.53125 0.4052734375 0.021484375 0.0302734375
0 0.4111328125 0.443359375 0.0205078125 0.0322265625