0 0.123046875 0.9423828125 0.1455078125 0.1142578125
0 0.4287109375 0.53125 0.0322265625 0.048828125
0 0.384765625 0.5 0.0322265625 0.0498046875
0 0.373046875 0.7216796875 0.0634765625 0.1044921875
0 0.2685546875 0.513671875 0.12890625 0.197265625
0 0.1484375 0.72265625 0.0927734375 0.1015625
0 0.76953125 0.640625 0.06640625 0.0859375
0 0.64453125 0.484375 0.02734375 0.037109375
0 0.26953125 0.513671875 0.130859375 0.1962890625
0 0.296875 0.6240234375 0.080078125 0.1474609375
0 0.53125 0.41015625 0.0205078125 0.0361328125
0 0.607421875 0.443359375 0.0166015625 0.0234375
0 0.55859375 0.439453125 0.033203125 0.06640625
0 0.55859375 0.4384765625 0.033203125 0.06640625
0 0.2978515625 0.6240234375 0.080078125 0.1474609375
0 0.4130859375 0.4404296875 0.0185546875 0.0302734375