0 0.6142578125 0.49609375 0.0341796875 0.044921875
0 0.619140625 0.693359375 0.05859375 0.08984375
0 0.8466796875 0.9140625 0.138671875 0.1650390625
0 0.568359375 0.5185546875 0.0302734375 0.0458984375
0 0.34375 0.4970703125 0.029296875 0.0419921875
0 0.7216796875 0.505859375 0.119140625 0.1884765625
0 0.1904296875 0.6884765625 0.0810546875 0.10546875
0 0.8310546875 0.6953125 0.083984375 0.0947265625
0 0.4375 0.4501953125 0.037109375 0.0732421875
0 0.6923828125 0.609375 0.076171875 0.130859375
0 0.46875 0.41796875 0.021484375 0.0322265625
0 0.720703125 0.5048828125 0.119140625 0.1884765625
0 0.84375 0.69921875 0.060546875 0.091796875
0 0.384765625 0.4482421875 0.0185546875 0.025390625
0 0.6513671875 0.462890625 0.02734375 0.0498046875
0 0.4375 0.451171875 0.0361328125 0.0693359375