0 0.6005859375 0.630859375 0.048828125 0.076171875
0 0.767578125 0.76953125 0.095703125 0.119140625
0 0.5634765625 0.494140625 0.0283203125 0.0400390625
0 0.6025390625 0.4775390625 0.02734375 0.04296875
0 0.9541015625 0.8056640625 0.091796875 0.3515625
0 0.6982421875 0.482421875 0.1015625 0.1640625
0 0.697265625 0.482421875 0.103515625 0.162109375
0 0.458984375 0.44140625 0.025390625 0.0400390625
0 0.2998046875 0.5498046875 0.0390625 0.0537109375
0 0.4140625 0.4931640625 0.0478515625 0.0986328125
0 0.02734375 0.921875 0.052734375 0.1220703125
0 0.78515625 0.640625 0.0673828125 0.08203125
0 0.3662109375 0.47265625 0.0234375 0.037109375
0 0.6630859375 0.56640625 0.0634765625 0.119140625