0 0.630859375 0.7353515625 0.0732421875 0.107421875
0 0.3125 0.9013671875 0.1083984375 0.197265625
0 0.5859375 0.5732421875 0.041015625 0.0634765625
0 0.41796875 0.5615234375 0.041015625 0.0654296875
0 0.740234375 0.6474609375 0.115234375 0.2001953125
0 0.2109375 0.6162109375 0.1982421875 0.298828125
0 0.447265625 0.4833984375 0.033203125 0.0517578125
0 0.6083984375 0.4853515625 0.0283203125 0.0400390625
0 0.8447265625 0.6748046875 0.1083984375 0.1572265625
0 0.67578125 0.5087890625 0.033203125 0.04296875
0 0.384765625 0.4501953125 0.0185546875 0.02734375
0 0.546875 0.4560546875 0.0244140625 0.0400390625