0 0.369140625 0.7353515625 0.0732421875 0.107421875
0 0.6875 0.9013671875 0.1083984375 0.197265625
0 0.4140625 0.5732421875 0.041015625 0.0634765625
0 0.58203125 0.5615234375 0.041015625 0.0654296875
0 0.259765625 0.6474609375 0.115234375 0.2001953125
0 0.7890625 0.6162109375 0.1982421875 0.298828125
0 0.552734375 0.4833984375 0.033203125 0.0517578125
0 0.3916015625 0.4853515625 0.0283203125 0.0400390625
0 0.1552734375 0.6748046875 0.1083984375 0.1572265625
0 0.32421875 0.5087890625 0.033203125 0.04296875
0 0.615234375 0.4501953125 0.0185546875 0.02734375
0 0.453125 0.4560546875 0.0244140625 0.0400390625