0 0.80078125 0.8330078125 0.203125 0.326171875
0 0.42578125 0.53515625 0.0322265625 0.0498046875
0 0.3505859375 0.7578125 0.080078125 0.115234375
0 0.119140625 0.7294921875 0.236328125 0.4609375
0 0.578125 0.5673828125 0.041015625 0.076171875
0 0.326171875 0.6044921875 0.0517578125 0.0751953125
0 0.98046875 0.916015625 0.0390625 0.1376953125
0 0.650390625 0.572265625 0.044921875 0.068359375
0 0.7548828125 0.6123046875 0.0625 0.0888671875
0 0.5419921875 0.423828125 0.0166015625 0.029296875
0 0.28515625 0.5537109375 0.041015625 0.0595703125
0 0.6357421875 0.474609375 0.021484375 0.0361328125
0 0.59375 0.4345703125 0.0205078125 0.033203125
0 0.408203125 0.44140625 0.0361328125 0.046875
0 0.3408203125 0.4501953125 0.072265625 0.125
0 0.3408203125 0.4501953125 0.072265625 0.12890625