0 0.6416015625 0.5517578125 0.041015625 0.0615234375
0 0.853515625 0.912109375 0.142578125 0.1640625
0 0.8359375 0.62109375 0.232421875 0.318359375
0 0.615234375 0.6455078125 0.056640625 0.0849609375
0 0.3271484375 0.861328125 0.10546875 0.2080078125
0 0.2119140625 0.8115234375 0.0986328125 0.1552734375
0 0.4462890625 0.4560546875 0.021484375 0.0390625
0 0.5634765625 0.4990234375 0.0263671875 0.044921875
0 0.0419921875 0.88671875 0.083984375 0.212890625
0 0.37890625 0.4677734375 0.02734375 0.037109375
0 0.310546875 0.541015625 0.03125 0.052734375
0 0.642578125 0.4365234375 0.0625 0.1142578125
0 0.5439453125 0.4375 0.021484375 0.037109375
0 0.6865234375 0.5205078125 0.033203125 0.048828125
0 0.642578125 0.43359375 0.0634765625 0.1123046875
0 0.6083984375 0.47265625 0.041015625 0.0693359375