0 0.40234375 0.58984375 0.0439453125 0.0693359375
0 0.2275390625 0.7763671875 0.09765625 0.1181640625
0 0.6533203125 0.505859375 0.0361328125 0.052734375
0 0.21484375 0.5703125 0.173828125 0.2529296875
0 0.373046875 0.5205078125 0.033203125 0.048828125
0 0.7666015625 0.6337890625 0.0556640625 0.0830078125
0 0.5712890625 0.50390625 0.0322265625 0.0517578125
0 0.3681640625 0.4228515625 0.05859375 0.1015625
0 0.44140625 0.4755859375 0.0263671875 0.0419921875
0 0.40234375 0.4599609375 0.03515625 0.0615234375
0 0.4619140625 0.42578125 0.0205078125 0.029296875
0 0.330078125 0.4990234375 0.02734375 0.0400390625
0 0.2138671875 0.5712890625 0.173828125 0.2490234375
0 0.607421875 0.4404296875 0.015625 0.0224609375