0 0.603515625 0.595703125 0.046875 0.0732421875
0 0.2763671875 0.6884765625 0.0732421875 0.091796875
0 0.3876953125 0.498046875 0.0322265625 0.0458984375
0 0.294921875 0.966796875 0.10546875 0.06640625
0 0.9462890625 0.85546875 0.107421875 0.1669921875
0 0.416015625 0.548828125 0.03515625 0.056640625
0 0.7041015625 0.57421875 0.05078125 0.0693359375
0 0.0400390625 0.900390625 0.080078125 0.162109375
0 0.4453125 0.4599609375 0.0263671875 0.037109375
0 0.2548828125 0.53125 0.13671875 0.2099609375
0 0.2529296875 0.53125 0.134765625 0.2099609375
0 0.6279296875 0.4599609375 0.0224609375 0.0361328125
0 0.46484375 0.416015625 0.017578125 0.029296875