0 0.130859375 0.921875 0.14453125 0.1513671875
0 0.0703125 0.81640625 0.1357421875 0.1376953125
0 0.30078125 0.6494140625 0.064453125 0.080078125
0 0.326171875 0.8974609375 0.09765625 0.158203125
0 0.419921875 0.5283203125 0.03515625 0.0537109375
0 0.2734375 0.5107421875 0.1220703125 0.1884765625
0 0.6533203125 0.724609375 0.0771484375 0.1240234375
0 0.64453125 0.4775390625 0.025390625 0.037109375
0 0.4453125 0.4521484375 0.029296875 0.0390625
0 0.755859375 0.640625 0.083984375 0.099609375
0 0.396484375 0.486328125 0.0283203125 0.0419921875
0 0.5390625 0.419921875 0.0166015625 0.025390625
0 0.3525390625 0.470703125 0.0302734375 0.0458984375
0 0.412109375 0.439453125 0.037109375 0.052734375
0 0.57421875 0.4462890625 0.01953125 0.0302734375