0 0.1015625 0.77734375 0.119140625 0.1220703125
0 0.283203125 0.5048828125 0.1142578125 0.177734375
0 0.166015625 0.875 0.1201171875 0.1484375
0 0.341796875 0.8447265625 0.08984375 0.1376953125
0 0.4228515625 0.5166015625 0.033203125 0.0517578125
0 0.30859375 0.630859375 0.0634765625 0.078125
0 0.8046875 0.697265625 0.0888671875 0.1220703125
0 0.6962890625 0.8466796875 0.099609375 0.1845703125
0 0.654296875 0.490234375 0.029296875 0.04296875
0 0.400390625 0.48046875 0.025390625 0.037109375
0 0.3564453125 0.4677734375 0.0263671875 0.0400390625
0 0.44921875 0.4462890625 0.021484375 0.0322265625
0 0.5791015625 0.453125 0.021484375 0.0322265625
0 0.4140625 0.4384765625 0.0361328125 0.0537109375
0 0.541015625 0.4287109375 0.0185546875 0.0263671875
0 0.6015625 0.4345703125 0.0185546875 0.025390625