0 0.6123046875 0.673828125 0.0576171875 0.08984375
0 0.69921875 0.8837890625 0.111328125 0.1572265625
0 0.7939453125 0.6474609375 0.0712890625 0.08203125
0 0.650390625 0.564453125 0.0439453125 0.0615234375
0 0.443359375 0.478515625 0.0263671875 0.0400390625
0 0.73046875 0.693359375 0.072265625 0.09765625
0 0.677734375 0.4697265625 0.087890625 0.142578125
0 0.560546875 0.478515625 0.025390625 0.0361328125
0 0.37109375 0.466796875 0.0205078125 0.0302734375
0 0.2685546875 0.583984375 0.05078125 0.076171875
0 0.37890625 0.529296875 0.0322265625 0.0556640625
0 0.41796875 0.4521484375 0.0244140625 0.03515625
0 0.587890625 0.4580078125 0.0234375 0.029296875