0 0.58984375 0.609375 0.046875 0.0732421875
0 0.2783203125 0.58203125 0.0556640625 0.078125
0 0.4189453125 0.525390625 0.037109375 0.052734375
0 0.3935546875 0.6416015625 0.056640625 0.0927734375
0 0.7197265625 0.6044921875 0.154296875 0.259765625
0 0.3955078125 0.4013671875 0.04296875 0.0927734375
0 0.6005859375 0.4765625 0.0263671875 0.0419921875
0 0.55859375 0.486328125 0.029296875 0.046875
0 0.4599609375 0.43359375 0.021484375 0.0322265625
0 0.7197265625 0.603515625 0.15234375 0.2626953125
0 0.39453125 0.400390625 0.04296875 0.091796875
0 0.5390625 0.4189453125 0.025390625 0.0400390625
0 0.580078125 0.421875 0.025390625 0.037109375