0 0.396484375 0.587890625 0.044921875 0.0732421875
0 0.203125 0.67578125 0.0830078125 0.1142578125
0 0.88671875 0.9462890625 0.150390625 0.10546875
0 0.5771484375 0.5654296875 0.0390625 0.0625
0 0.3837890625 0.412109375 0.048828125 0.1044921875
0 0.685546875 0.556640625 0.1201171875 0.2080078125
0 0.3359375 0.8173828125 0.0947265625 0.169921875
0 0.4541015625 0.451171875 0.0234375 0.0361328125
0 0.95703125 0.896484375 0.083984375 0.16796875
0 0.59375 0.4638671875 0.0283203125 0.0400390625
0 0.42578125 0.427734375 0.0205078125 0.037109375
0 0.5546875 0.4697265625 0.029296875 0.0458984375
0 0.9580078125 0.8955078125 0.083984375 0.1611328125
0 0.5380859375 0.4140625 0.0234375 0.0361328125