0 0.263671875 0.693359375 0.068359375 0.1044921875
0 0.201171875 0.2890625 0.205078125 0.294921875 0.205078125 0.302734375 0.203125 0.3046875 0.1953125 0.3046875 0.193359375 0.302734375 0.1953125 0.291015625 0.19921875 0.2890625
0 0.279296875 0.646484375 0.29296875 0.6640625 0.294921875 0.712890625 0.287109375 0.732421875 0.275390625 0.734375 0.267578125 0.73828125 0.2578125 0.73828125 0.255859375 0.740234375 0.23828125 0.740234375 0.234375 0.736328125 0.234375 0.7265625 0.232421875 0.724609375 0.234375 0.669921875 0.24609375 0.6484375 0.267578125 0.6484375 0.2734375 0.64453125 0.27734375 0.646484375
0 0.33984375 0.318359375 0.3359375 0.3046875 0.3359375 0.294921875 0.33984375 0.2890625 0.349609375 0.2890625 0.35546875 0.302734375 0.353515625 0.31640625 0.3515625 0.318359375 0.341796875 0.318359375
0 0.15234375 0.26171875 0.154296875 0.263671875 0.154296875 0.279296875 0.14453125 0.279296875 0.14453125 0.265625 0.150390625 0.26171875
0 0.162109375 0.251953125 0.009765625 0.0107421875
0 0.1875 0.28125 0.19140625 0.28515625 0.19140625 0.29296875 0.189453125 0.294921875 0.181640625 0.294921875 0.1796875 0.29296875 0.1796875 0.287109375 0.185546875 0.28125
0 0.26953125 0.232421875 0.267578125 0.21875 0.2734375 0.21484375 0.279296875 0.21484375 0.279296875 0.22265625 0.28125 0.224609375 0.279296875 0.2265625 0.279296875 0.232421875 0.2734375 0.234375 0.271484375 0.232421875
0 0.166015625 0.28125 0.16796875 0.283203125 0.166015625 0.29296875 0.15625 0.29296875 0.15625 0.28125 0.1640625 0.28125
0 0.33203125 0.306640625 0.337890625 0.3203125 0.337890625 0.326171875 0.333984375 0.330078125 0.3203125 0.330078125 0.3203125 0.30859375 0.330078125 0.306640625
0 0.169921875 0.2890625 0.177734375 0.2890625 0.177734375 0.294921875 0.1796875 0.296875 0.1796875 0.302734375 0.17578125 0.3046875 0.16796875 0.302734375 0.16796875 0.29296875 0.169921875 0.291015625
0 0.421875 0.3359375 0.427734375 0.33984375 0.427734375 0.357421875 0.408203125 0.357421875 0.40625 0.35546875 0.408203125 0.337890625 0.41015625 0.3359375 0.419921875 0.3359375
0 0.173828125 0.2734375 0.177734375 0.2734375 0.181640625 0.279296875 0.1796875 0.287109375 0.171875 0.287109375 0.171875 0.27734375 0.173828125 0.275390625
0 0.28125 0.2919921875 0.0126953125 0.021484375