0 0.2109375 0.6357421875 0.0751953125 0.0791015625
0 0.6591796875 0.8125 0.0908203125 0.169921875
0 0.357421875 0.5498046875 0.041015625 0.0556640625
0 0.0966796875 0.8818359375 0.1923828125 0.2294921875
0 0.3955078125 0.447265625 0.056640625 0.099609375
0 0.5859375 0.54296875 0.037109375 0.0693359375
0 0.6494140625 0.4921875 0.03125 0.044921875
0 0.4228515625 0.5546875 0.03515625 0.056640625
0 0.287109375 0.962890625 0.1142578125 0.0732421875
0 0.7578125 0.73046875 0.103515625 0.1748046875
0 0.7802734375 0.5634765625 0.181640625 0.29296875
0 0.5390625 0.4296875 0.0205078125 0.0361328125
0 0.451171875 0.451171875 0.02734375 0.033203125
0 0.3232421875 0.51171875 0.03515625 0.046875
0 0.5654296875 0.4150390625 0.017578125 0.0263671875
0 0.7802734375 0.5625 0.177734375 0.2958984375
0 0.611328125 0.4384765625 0.021484375 0.0302734375
0 0.646484375 0.4951171875 0.041015625 0.0419921875