0 0.6005859375 0.6337890625 0.0498046875 0.076171875
0 0.63671875 0.544921875 0.0419921875 0.0556640625
0 0.669921875 0.4599609375 0.080078125 0.1259765625
0 0.345703125 0.587890625 0.044921875 0.0732421875
0 0.662109375 0.7734375 0.0859375 0.1240234375
0 0.4326171875 0.5107421875 0.03125 0.046875
0 0.705078125 0.65234375 0.0625 0.078125
0 0.353515625 0.4892578125 0.029296875 0.04296875
0 0.2109375 0.65234375 0.076171875 0.1044921875
0 0.76953125 0.6142578125 0.056640625 0.072265625
0 0.40625 0.474609375 0.029296875 0.0390625
0 0.556640625 0.4609375 0.0263671875 0.037109375
0 0.59765625 0.3955078125 0.04296875 0.080078125
0 0.9599609375 0.865234375 0.080078125 0.19140625
0 0.904296875 0.91796875 0.189453125 0.1552734375
0 0.58203125 0.4462890625 0.0224609375 0.03515625
0 0.7724609375 0.6220703125 0.05078125 0.05859375