0 0.361328125 0.748046875 0.076171875 0.1123046875
0 0.650390625 0.68359375 0.0693359375 0.12109375
0 0.5478515625 0.46484375 0.029296875 0.0458984375
0 0.4072265625 0.431640625 0.0498046875 0.0830078125
0 0.3779296875 0.5126953125 0.033203125 0.0458984375
0 0.27734375 0.55859375 0.0517578125 0.05859375
0 0.43359375 0.5107421875 0.029296875 0.046875
0 0.6328125 0.462890625 0.0263671875 0.0322265625
0 0.693359375 0.544921875 0.0400390625 0.0595703125
0 0.5791015625 0.44140625 0.0205078125 0.0302734375
0 0.21875 0.72265625 0.1328125 0.220703125