0 0.4052734375 0.5947265625 0.0458984375 0.068359375
0 0.3056640625 0.919921875 0.1162109375 0.16015625
0 0.609375 0.494140625 0.0302734375 0.0419921875
0 0.8046875 0.6806640625 0.076171875 0.109375
0 0.6787109375 0.513671875 0.037109375 0.046875
0 0.3984375 0.4765625 0.029296875 0.0400390625
0 0.5751953125 0.5546875 0.0400390625 0.0693359375
0 0.4189453125 0.4189453125 0.041015625 0.078125
0 0.5673828125 0.4228515625 0.0185546875 0.02734375
0 0.310546875 0.583984375 0.0751953125 0.1337890625
0 0.443359375 0.47265625 0.033203125 0.0419921875
0 0.3271484375 0.4990234375 0.03515625 0.0419921875
0 0.310546875 0.5830078125 0.0751953125 0.1318359375