0 0.728515625 0.9462890625 0.138671875 0.10546875
0 0.7119140625 0.673828125 0.068359375 0.1044921875
0 0.3955078125 0.6171875 0.05078125 0.072265625
0 0.806640625 0.6640625 0.076171875 0.095703125
0 0.6015625 0.474609375 0.02734375 0.0419921875
0 0.2744140625 0.6796875 0.0771484375 0.1083984375
0 0.630859375 0.4580078125 0.0224609375 0.02734375
0 0.43359375 0.5107421875 0.033203125 0.0458984375
0 0.544921875 0.4365234375 0.0224609375 0.0322265625
0 0.4169921875 0.4482421875 0.0234375 0.0302734375
0 0.361328125 0.5078125 0.048828125 0.08984375
0 0.0390625 0.90234375 0.078125 0.162109375
0 0.4306640625 0.40234375 0.0341796875 0.0595703125
0 0.4521484375 0.443359375 0.021484375 0.0302734375