0 0.5966796875 0.5927734375 0.0458984375 0.0693359375
0 0.564453125 0.494140625 0.03125 0.0419921875
0 0.240234375 0.7578125 0.087890625 0.1357421875
0 0.931640625 0.818359375 0.12890625 0.1357421875
0 0.4501953125 0.4462890625 0.021484375 0.0361328125
0 0.361328125 0.4677734375 0.0234375 0.033203125
0 0.142578125 0.720703125 0.095703125 0.119140625
0 0.7041015625 0.64453125 0.0693359375 0.0947265625
0 0.388671875 0.4921875 0.0322265625 0.044921875
0 0.580078125 0.443359375 0.0263671875 0.03515625
0 0.544921875 0.4365234375 0.025390625 0.037109375
0 0.5673828125 0.3974609375 0.03515625 0.05859375
0 0.7119140625 0.6513671875 0.0556640625 0.08984375
0 0.6318359375 0.498046875 0.0458984375 0.0830078125
0 0.54296875 0.4287109375 0.0322265625 0.0517578125