0 0.1904296875 0.8349609375 0.123046875 0.1513671875
0 0.095703125 0.7587890625 0.1904296875 0.431640625
0 0.365234375 0.52734375 0.0400390625 0.0615234375
0 0.333984375 0.861328125 0.1005859375 0.1708984375
0 0.5927734375 0.572265625 0.044921875 0.0712890625
0 0.7373046875 0.5849609375 0.0537109375 0.0712890625
0 0.7666015625 0.755859375 0.091796875 0.140625
0 0.43359375 0.4921875 0.029296875 0.0419921875
0 0.263671875 0.576171875 0.0458984375 0.068359375
0 0.0947265625 0.6826171875 0.189453125 0.27734375
0 0.4521484375 0.447265625 0.021484375 0.029296875
0 0.5400390625 0.4140625 0.013671875 0.029296875
0 0.537109375 0.4150390625 0.017578125 0.03515625
0 0.4013671875 0.4482421875 0.033203125 0.0712890625