0 0.888671875 0.7119140625 0.22265625 0.396484375
0 0.23046875 0.6259765625 0.0634765625 0.0849609375
0 0.3916015625 0.6181640625 0.052734375 0.087890625
0 0.771484375 0.7705078125 0.1015625 0.1279296875
0 0.62890625 0.515625 0.0380859375 0.0556640625
0 0.5625 0.482421875 0.029296875 0.03515625
0 0.642578125 0.7822265625 0.083984375 0.1357421875
0 0.1484375 0.892578125 0.1328125 0.1982421875
0 0.716796875 0.55859375 0.046875 0.0595703125
0 0.546875 0.44140625 0.021484375 0.0322265625
0 0.4580078125 0.423828125 0.0126953125 0.0263671875