0 0.873046875 0.685546875 0.25390625 0.3427734375
0 0.5966796875 0.642578125 0.052734375 0.0830078125
0 0.701171875 0.640625 0.0615234375 0.08203125
0 0.677734375 0.474609375 0.078125 0.1337890625
0 0.6240234375 0.51171875 0.03515625 0.052734375
0 0.5595703125 0.4990234375 0.029296875 0.044921875
0 0.453125 0.443359375 0.0224609375 0.0322265625
0 0.3720703125 0.701171875 0.06640625 0.1259765625
0 0.677734375 0.4765625 0.080078125 0.1337890625
0 0.3720703125 0.6982421875 0.06640625 0.125
0 0.3720703125 0.69921875 0.06640625 0.125