0 0.587890625 0.587890625 0.0419921875 0.06640625
0 0.4052734375 0.5966796875 0.041015625 0.0712890625
0 0.2421875 0.7724609375 0.087890625 0.1376953125
0 0.625 0.5205078125 0.0400390625 0.048828125
0 0.802734375 0.798828125 0.134765625 0.1884765625
0 0.6767578125 0.599609375 0.048828125 0.06640625
0 0.6552734375 0.447265625 0.0703125 0.1220703125
0 0.314453125 0.5341796875 0.0361328125 0.0556640625
0 0.6298828125 0.6748046875 0.060546875 0.0986328125
0 0.380859375 0.52734375 0.0341796875 0.0517578125
0 0.7353515625 0.5732421875 0.0439453125 0.0634765625
0 0.05078125 0.8740234375 0.099609375 0.203125
0 0.5927734375 0.3955078125 0.0390625 0.0830078125
0 0.5927734375 0.3955078125 0.041015625 0.0830078125
0 0.90625 0.75390625 0.1357421875 0.1708984375
0 0.9072265625 0.75390625 0.13671875 0.171875
0 0.4580078125 0.4365234375 0.017578125 0.0322265625
0 0.55078125 0.447265625 0.0224609375 0.03515625