0 0.2431640625 0.76171875 0.11328125 0.16796875
0 0.591796875 0.56640625 0.046875 0.0712890625
0 0.361328125 0.5302734375 0.0380859375 0.0517578125
0 0.435546875 0.5224609375 0.03125 0.046875
0 0.5458984375 0.4462890625 0.025390625 0.04296875
0 0.2822265625 0.5205078125 0.115234375 0.162109375
0 0.5830078125 0.38671875 0.0283203125 0.05859375
0 0.3701171875 0.4384765625 0.0634765625 0.08984375
0 0.583984375 0.4501953125 0.0185546875 0.033203125
0 0.4052734375 0.4599609375 0.0283203125 0.0400390625
0 0.4541015625 0.44921875 0.029296875 0.037109375
0 0.5869140625 0.453125 0.01953125 0.0302734375
0 0.4375 0.408203125 0.43359375 0.3984375 0.43359375 0.384765625 0.439453125 0.376953125 0.4453125 0.376953125 0.451171875 0.388671875 0.44921875 0.408203125 0.439453125 0.408203125
0 0.5419921875 0.369140625 0.009765625 0.013671875
0 0.51953125 0.35546875 0.525390625 0.35546875 0.52734375 0.357421875 0.525390625 0.365234375 0.51953125 0.365234375 0.51953125 0.357421875
0 0.48828125 0.34765625 0.494140625 0.34765625 0.494140625 0.359375 0.490234375 0.361328125 0.486328125 0.359375 0.486328125 0.3515625 0.48828125 0.349609375
0 0.44921875 0.43359375 0.4609375 0.43359375 0.466796875 0.44921875 0.462890625 0.46484375 0.447265625 0.46484375 0.4453125 0.462890625 0.4453125 0.443359375 0.44921875 0.435546875
0 0.421875 0.544921875 0.421875 0.515625 0.42578125 0.50390625 0.4296875 0.5 0.443359375 0.5 0.447265625 0.5078125 0.44921875 0.54296875 0.427734375 0.54296875 0.423828125 0.544921875
0 0.4765625 0.3828125 0.4765625 0.373046875 0.478515625 0.37109375 0.484375 0.37109375 0.486328125 0.375 0.484375 0.3828125 0.482421875 0.384765625 0.478515625 0.3828125
0 0.578125 0.4375 0.587890625 0.4375 0.591796875 0.443359375 0.591796875 0.44921875 0.595703125 0.45703125 0.591796875 0.46875 0.578125 0.466796875 0.57421875 0.462890625 0.57421875 0.453125 0.578125 0.439453125
0 0.53515625 0.384765625 0.541015625 0.3984375 0.537109375 0.408203125 0.529296875 0.408203125 0.52734375 0.40625 0.52734375 0.388671875 0.533203125 0.384765625
0 0.564453125 0.369140625 0.568359375 0.375 0.56640625 0.3828125 0.560546875 0.3828125 0.55859375 0.380859375 0.55859375 0.37109375 0.5625 0.369140625
0 0.47265625 0.380859375 0.478515625 0.388671875 0.478515625 0.396484375 0.47265625 0.3984375 0.466796875 0.392578125 0.466796875 0.384765625 0.470703125 0.3828125
0 0.318359375 0.443359375 0.330078125 0.447265625 0.330078125 0.451171875 0.333984375 0.45703125 0.333984375 0.474609375 0.33203125 0.4765625 0.333984375 0.48046875 0.333984375 0.529296875 0.328125 0.541015625 0.318359375 0.55078125 0.310546875 0.564453125 0.306640625 0.56640625 0.3046875 0.578125 0.294921875 0.587890625 0.279296875 0.595703125 0.234375 0.595703125 0.232421875 0.59375 0.23046875 0.548828125 0.228515625 0.546875 0.228515625 0.49609375 0.2265625 0.4921875 0.23046875 0.486328125 0.248046875 0.4765625 0.25390625 0.466796875 0.265625 0.462890625 0.2734375 0.45703125 0.27734375 0.45703125 0.2890625 0.447265625 0.31640625 0.443359375
0 0.408203125 0.4453125 0.4140625 0.447265625 0.41796875 0.455078125 0.41796875 0.470703125 0.412109375 0.478515625 0.39453125 0.478515625 0.39453125 0.453125 0.3984375 0.447265625 0.40625 0.4453125
0 0.384765625 0.390625 0.388671875 0.396484375 0.388671875 0.427734375 0.390625 0.4296875 0.388671875 0.4609375 0.376953125 0.474609375 0.3671875 0.478515625 0.3515625 0.478515625 0.34375 0.474609375 0.34375 0.462890625 0.341796875 0.4609375 0.341796875 0.408203125 0.3515625 0.396484375 0.361328125 0.390625 0.369140625 0.390625 0.37109375 0.388671875 0.380859375 0.388671875 0.3828125 0.390625
0 0.373046875 0.505859375 0.376953125 0.5078125 0.3828125 0.521484375 0.3828125 0.541015625 0.37890625 0.544921875 0.376953125 0.552734375 0.369140625 0.548828125 0.349609375 0.552734375 0.34765625 0.55078125 0.34765625 0.5390625 0.345703125 0.537109375 0.345703125 0.529296875 0.3515625 0.513671875 0.361328125 0.505859375 0.37109375 0.505859375
0 0.265625 0.681640625 0.267578125 0.68359375 0.279296875 0.68359375 0.294921875 0.705078125 0.296875 0.7109375 0.296875 0.7265625 0.298828125 0.728515625 0.298828125 0.75390625 0.296875 0.755859375 0.296875 0.767578125 0.275390625 0.798828125 0.275390625 0.802734375 0.26953125 0.8125 0.267578125 0.830078125 0.26171875 0.837890625 0.259765625 0.8359375 0.20703125 0.8359375 0.205078125 0.837890625 0.197265625 0.837890625 0.19140625 0.830078125 0.19140625 0.81640625 0.1875 0.802734375 0.1875 0.765625 0.189453125 0.763671875 0.19140625 0.73828125 0.1953125 0.7265625 0.220703125 0.693359375 0.232421875 0.68359375 0.263671875 0.681640625
0 0.435546875 0.404296875 0.44140625 0.41796875 0.44140625 0.42578125 0.4375 0.431640625 0.42578125 0.431640625 0.423828125 0.4296875 0.42578125 0.40625 0.427734375 0.404296875 0.43359375 0.404296875
0 0.396484375 0.412109375 0.404296875 0.416015625 0.404296875 0.427734375 0.40625 0.4296875 0.404296875 0.435546875 0.39453125 0.435546875 0.390625 0.431640625 0.390625 0.4140625 0.39453125 0.4140625
0 0 0.919921875 0.009765625 0.9296875 0.01171875 0.9609375 0.013671875 0.962890625 0.01171875 0.998046875 0 0.998046875 0 0.921875
0 0.462890625 0.3603515625 0.0185546875 0.0322265625
0 0.439453125 0.369140625 0.443359375 0.3671875 0.447265625 0.369140625 0.447265625 0.376953125 0.439453125 0.375 0.4375 0.373046875 0.439453125 0.37109375
0 0.58984375 0.53515625 0.599609375 0.5390625 0.603515625 0.556640625 0.607421875 0.5625 0.607421875 0.568359375 0.611328125 0.576171875 0.611328125 0.587890625 0.607421875 0.59375 0.607421875 0.599609375 0.595703125 0.599609375 0.59375 0.59765625 0.57421875 0.599609375 0.57421875 0.587890625 0.5703125 0.580078125 0.5703125 0.568359375 0.572265625 0.56640625 0.5703125 0.5546875 0.57421875 0.546875 0.57421875 0.541015625 0.58203125 0.53515625 0.587890625 0.53515625
0 0.462890625 0.39453125 0.470703125 0.39453125 0.474609375 0.400390625 0.474609375 0.412109375 0.458984375 0.412109375 0.458984375 0.40234375 0.462890625 0.396484375
0 0.55078125 0.4296875 0.556640625 0.447265625 0.5546875 0.451171875 0.5546875 0.46484375 0.552734375 0.466796875 0.548828125 0.46484375 0.53515625 0.46484375 0.53515625 0.435546875 0.5390625 0.4296875 0.548828125 0.4296875
0 0.4580078125 0.3828125 0.013671875 0.017578125
0 0.48828125 0.361328125 0.48828125 0.369140625 0.484375 0.373046875 0.48046875 0.369140625 0.48046875 0.361328125 0.482421875 0.359375 0.486328125 0.361328125
0 0.5703125 0.359375 0.587890625 0.359375 0.595703125 0.36328125 0.595703125 0.4140625 0.59375 0.416015625 0.578125 0.416015625 0.5703125 0.408203125 0.5703125 0.390625 0.568359375 0.388671875 0.5703125 0.384765625 0.568359375 0.380859375 0.5703125 0.37890625 0.5703125 0.361328125