0 0.880859375 0.7607421875 0.111328125 0.119140625
0 0.3896484375 0.49609375 0.0322265625 0.0400390625
0 0.671875 0.626953125 0.072265625 0.109375
0 0.6162109375 0.49609375 0.0322265625 0.0458984375
0 0.6796875 0.4873046875 0.083984375 0.1259765625
0 0.333984375 0.7802734375 0.0849609375 0.150390625
0 0.6171875 0.4228515625 0.05078125 0.0859375
0 0.44140625 0.4912109375 0.0302734375 0.0556640625
0 0.40625 0.3974609375 0.033203125 0.068359375
0 0.556640625 0.4873046875 0.02734375 0.0419921875
0 0.560546875 0.4873046875 0.0380859375 0.044921875
0 0.4609375 0.41015625 0.017578125 0.0322265625