0 0.119140625 0.7607421875 0.111328125 0.119140625
0 0.6103515625 0.49609375 0.0322265625 0.0400390625
0 0.328125 0.626953125 0.072265625 0.109375
0 0.3837890625 0.49609375 0.0322265625 0.0458984375
0 0.3203125 0.4873046875 0.083984375 0.1259765625
0 0.666015625 0.7802734375 0.0849609375 0.150390625
0 0.3828125 0.4228515625 0.05078125 0.0859375
0 0.55859375 0.4912109375 0.0302734375 0.0556640625
0 0.59375 0.3974609375 0.033203125 0.068359375
0 0.443359375 0.4873046875 0.02734375 0.0419921875
0 0.439453125 0.4873046875 0.0380859375 0.044921875
0 0.5390625 0.41015625 0.017578125 0.0322265625