0 0.0947265625 0.78125 0.115234375 0.125
0 0.6259765625 0.4306640625 0.0546875 0.1025390625
0 0.400390625 0.5078125 0.0380859375 0.0625
0 0.556640625 0.4677734375 0.0263671875 0.048828125
0 0.279296875 0.5654296875 0.052734375 0.0654296875
0 0.7705078125 0.78515625 0.091796875 0.140625
0 0.365234375 0.44140625 0.0546875 0.0888671875
0 0.626953125 0.4306640625 0.0546875 0.1025390625
0 0.2890625 0.966796875 0.103515625 0.06640625
0 0.662109375 0.8427734375 0.09765625 0.2236328125
0 0.4541015625 0.4462890625 0.0205078125 0.02734375
0 0.662109375 0.841796875 0.0986328125 0.224609375