0 0.404296875 0.6103515625 0.0439453125 0.06640625
0 0.625 0.6728515625 0.0634765625 0.1220703125
0 0.302734375 0.6337890625 0.0595703125 0.078125
0 0.265625 0.576171875 0.052734375 0.0634765625
0 0.7001953125 0.5078125 0.109375 0.177734375
0 0.4326171875 0.453125 0.02734375 0.0458984375
0 0.345703125 0.4921875 0.03125 0.046875
0 0.3916015625 0.4150390625 0.041015625 0.0634765625
0 0.4638671875 0.416015625 0.015625 0.025390625
0 0.6025390625 0.4267578125 0.015625 0.0234375
0 0.576171875 0.43359375 0.017578125 0.0302734375