0 0.8359375 0.6435546875 0.2373046875 0.349609375
0 0.359375 0.537109375 0.0361328125 0.052734375
0 0.04296875 0.8955078125 0.0849609375 0.15234375
0 0.2568359375 0.736328125 0.08203125 0.109375
0 0.427734375 0.525390625 0.0302734375 0.046875
0 0.3857421875 0.697265625 0.0595703125 0.0888671875
0 0.314453125 0.515625 0.0341796875 0.046875
0 0.541015625 0.4296875 0.0234375 0.037109375
0 0.6279296875 0.4541015625 0.021484375 0.029296875
0 0.6015625 0.478515625 0.025390625 0.0458984375
0 0.37890625 0.45703125 0.0263671875 0.0419921875
0 0.4453125 0.4287109375 0.0224609375 0.037109375