0 0.1640625 0.6435546875 0.2373046875 0.349609375
0 0.640625 0.537109375 0.0361328125 0.052734375
0 0.95703125 0.8955078125 0.0849609375 0.15234375
0 0.7431640625 0.736328125 0.08203125 0.109375
0 0.572265625 0.525390625 0.0302734375 0.046875
0 0.6142578125 0.697265625 0.0595703125 0.0888671875
0 0.685546875 0.515625 0.0341796875 0.046875
0 0.458984375 0.4296875 0.0234375 0.037109375
0 0.3720703125 0.4541015625 0.021484375 0.029296875
0 0.3984375 0.478515625 0.025390625 0.0458984375
0 0.62109375 0.45703125 0.0263671875 0.0419921875
0 0.5546875 0.4287109375 0.0224609375 0.037109375