0 0.69921875 0.65234375 0.0634765625 0.087890625
0 0.876953125 0.751953125 0.1025390625 0.1083984375
0 0.564453125 0.498046875 0.02734375 0.044921875
0 0.591796875 0.619140625 0.046875 0.0634765625
0 0.6240234375 0.5107421875 0.03125 0.0458984375
0 0.9208984375 0.97265625 0.1396484375 0.0537109375
0 0.453125 0.4462890625 0.025390625 0.04296875
0 0.375 0.517578125 0.0361328125 0.0595703125
0 0.3544921875 0.474609375 0.025390625 0.0361328125
0 0.66796875 0.4951171875 0.029296875 0.0390625
0 0.9208984375 0.9599609375 0.1396484375 0.080078125
0 0.4296875 0.42578125 0.017578125 0.0302734375
0 0.548828125 0.421875 0.0205078125 0.037109375