0 0.30078125 0.65234375 0.0634765625 0.087890625
0 0.123046875 0.751953125 0.1025390625 0.1083984375
0 0.435546875 0.498046875 0.02734375 0.044921875
0 0.408203125 0.619140625 0.046875 0.0634765625
0 0.3759765625 0.5107421875 0.03125 0.0458984375
0 0.0791015625 0.97265625 0.1396484375 0.0537109375
0 0.546875 0.4462890625 0.025390625 0.04296875
0 0.625 0.517578125 0.0361328125 0.0595703125
0 0.6455078125 0.474609375 0.025390625 0.0361328125
0 0.33203125 0.4951171875 0.029296875 0.0390625
0 0.0791015625 0.9599609375 0.1396484375 0.080078125
0 0.5703125 0.42578125 0.017578125 0.0302734375
0 0.451171875 0.421875 0.0205078125 0.037109375