0 0.66015625 0.7978515625 0.080078125 0.1513671875
0 0.4228515625 0.552734375 0.03515625 0.05859375
0 0.75 0.611328125 0.05859375 0.080078125
0 0.3857421875 0.4990234375 0.0322265625 0.04296875
0 0.671875 0.62109375 0.0576171875 0.0791015625
0 0.16796875 0.6689453125 0.1005859375 0.1318359375
0 0.2958984375 0.544921875 0.046875 0.0556640625
0 0.34375 0.56640625 0.0380859375 0.0537109375
0 0.55078125 0.4658203125 0.0244140625 0.0361328125
0 0.3916015625 0.6123046875 0.048828125 0.0751953125
0 0.259765625 0.6962890625 0.0966796875 0.1376953125
0 0.390625 0.6240234375 0.0517578125 0.0595703125
0 0.357421875 0.4365234375 0.0615234375 0.107421875
0 0.5966796875 0.42578125 0.017578125 0.0263671875