0 0.3642578125 0.537109375 0.037109375 0.056640625
0 0.283203125 0.6669921875 0.0673828125 0.0859375
0 0.7197265625 0.56640625 0.048828125 0.0654296875
0 0.580078125 0.546875 0.0419921875 0.072265625
0 0.259765625 0.58984375 0.0537109375 0.06640625
0 0.6298828125 0.46484375 0.0224609375 0.0302734375
0 0.794921875 0.814453125 0.111328125 0.1748046875
0 0.6015625 0.4775390625 0.0322265625 0.046875
0 0.4345703125 0.5107421875 0.0341796875 0.052734375
0 0.794921875 0.8115234375 0.111328125 0.1806640625
0 0.3671875 0.4580078125 0.0234375 0.0322265625
0 0.40625 0.4599609375 0.025390625 0.04296875
0 0.5712890625 0.41796875 0.01953125 0.025390625