0 0.6357421875 0.537109375 0.037109375 0.056640625
0 0.716796875 0.6669921875 0.0673828125 0.0859375
0 0.2802734375 0.56640625 0.048828125 0.0654296875
0 0.419921875 0.546875 0.0419921875 0.072265625
0 0.740234375 0.58984375 0.0537109375 0.06640625
0 0.3701171875 0.46484375 0.0224609375 0.0302734375
0 0.205078125 0.814453125 0.111328125 0.1748046875
0 0.3984375 0.4775390625 0.0322265625 0.046875
0 0.5654296875 0.5107421875 0.0341796875 0.052734375
0 0.205078125 0.8115234375 0.111328125 0.1806640625
0 0.6328125 0.4580078125 0.0234375 0.0322265625
0 0.59375 0.4599609375 0.025390625 0.04296875
0 0.4287109375 0.41796875 0.01953125 0.025390625