0 0.302734375 0.6328125 0.060546875 0.078125
0 0.7451171875 0.5947265625 0.0537109375 0.0732421875
0 0.37109375 0.5224609375 0.0380859375 0.0537109375
0 0.5947265625 0.5859375 0.048828125 0.08984375
0 0.291015625 0.955078125 0.11328125 0.087890625
0 0.27734375 0.5712890625 0.05078125 0.0654296875
0 0.638671875 0.474609375 0.0263671875 0.037109375
0 0.6103515625 0.494140625 0.0341796875 0.0537109375
0 0.4384765625 0.4990234375 0.033203125 0.04296875
0 0.4111328125 0.4541015625 0.0244140625 0.037109375
0 0.57421875 0.423828125 0.017578125 0.0263671875
0 0.884765625 0.9326171875 0.13671875 0.134765625
0 0.59375 0.421875 0.017578125 0.0224609375