0 0.697265625 0.6328125 0.060546875 0.078125
0 0.2548828125 0.5947265625 0.0537109375 0.0732421875
0 0.62890625 0.5224609375 0.0380859375 0.0537109375
0 0.4052734375 0.5859375 0.048828125 0.08984375
0 0.708984375 0.955078125 0.11328125 0.087890625
0 0.72265625 0.5712890625 0.05078125 0.0654296875
0 0.361328125 0.474609375 0.0263671875 0.037109375
0 0.3896484375 0.494140625 0.0341796875 0.0537109375
0 0.5615234375 0.4990234375 0.033203125 0.04296875
0 0.5888671875 0.4541015625 0.0244140625 0.037109375
0 0.42578125 0.423828125 0.017578125 0.0263671875
0 0.115234375 0.9326171875 0.13671875 0.134765625
0 0.40625 0.421875 0.017578125 0.0224609375