0 0.6796875 0.603515625 0.0517578125 0.0693359375
0 0.6796875 0.8935546875 0.1044921875 0.1669921875
0 0.6201171875 0.5107421875 0.0322265625 0.048828125
0 0.2216796875 0.63671875 0.06640625 0.0888671875
0 0.3515625 0.486328125 0.02734375 0.0361328125
0 0.3857421875 0.638671875 0.0615234375 0.1162109375
0 0.708984375 0.552734375 0.044921875 0.0595703125
0 0.376953125 0.515625 0.037109375 0.056640625
0 0.4208984375 0.43359375 0.021484375 0.029296875
0 0.5859375 0.4462890625 0.0224609375 0.037109375
0 0.556640625 0.486328125 0.02734375 0.033203125
0 0.5478515625 0.4384765625 0.025390625 0.033203125