0 0.4052734375 0.609375 0.0478515625 0.0751953125
0 0.2646484375 0.7080078125 0.076171875 0.0986328125
0 0.728515625 0.5849609375 0.052734375 0.0693359375
0 0.3740234375 0.513671875 0.0341796875 0.0517578125
0 0.0322265625 0.8642578125 0.064453125 0.1416015625
0 0.6103515625 0.48828125 0.0322265625 0.044921875
0 0.5625 0.4462890625 0.0244140625 0.033203125
0 0.76953125 0.763671875 0.0986328125 0.158203125
0 0.3427734375 0.494140625 0.033203125 0.044921875
0 0.4072265625 0.4619140625 0.02734375 0.0390625
0 0.62890625 0.466796875 0.021484375 0.033203125
0 0.4560546875 0.4443359375 0.025390625 0.0361328125