0 0.056640625 0.80078125 0.11328125 0.140625
0 0.287109375 0.6650390625 0.068359375 0.0859375
0 0.3818359375 0.5009765625 0.033203125 0.046875
0 0.7578125 0.62109375 0.0615234375 0.08203125
0 0.412109375 0.58203125 0.04296875 0.068359375
0 0.56640625 0.4580078125 0.025390625 0.0361328125
0 0.62109375 0.505859375 0.0322265625 0.0498046875
0 0.412109375 0.455078125 0.029296875 0.03515625
0 0.857421875 0.89453125 0.150390625 0.205078125
0 0.3505859375 0.484375 0.0302734375 0.0390625
0 0.638671875 0.4794921875 0.021484375 0.0322265625