0 0.35546875 0.5458984375 0.0390625 0.056640625
0 0.734375 0.67578125 0.078125 0.1123046875
0 0.59765625 0.5634765625 0.0419921875 0.06640625
0 0.361328125 0.7607421875 0.078125 0.1259765625
0 0.22265625 0.609375 0.0634765625 0.080078125
0 0.435546875 0.4951171875 0.033203125 0.0419921875
0 0.41015625 0.458984375 0.025390625 0.037109375
0 0.5673828125 0.4248046875 0.0185546875 0.0234375
0 0.7109375 0.5732421875 0.0400390625 0.048828125
0 0.5966796875 0.42578125 0.01953125 0.025390625
0 0.7080078125 0.5634765625 0.0380859375 0.05859375
0 0.376953125 0.451171875 0.021484375 0.0302734375