0 0.3408203125 0.74609375 0.0791015625 0.1318359375
0 0.802734375 0.8251953125 0.1123046875 0.15234375
0 0.7021484375 0.9541015625 0.111328125 0.0888671875
0 0.1943359375 0.685546875 0.076171875 0.10546875
0 0.6201171875 0.50390625 0.033203125 0.044921875
0 0.6005859375 0.62890625 0.05078125 0.08203125
0 0.052734375 0.9521484375 0.10546875 0.095703125
0 0.724609375 0.5537109375 0.046875 0.0634765625
0 0.9775390625 0.916015625 0.044921875 0.109375
0 0.38671875 0.447265625 0.0205078125 0.029296875
0 0.556640625 0.46484375 0.0341796875 0.0419921875
0 0.419921875 0.44921875 0.021484375 0.029296875
0 0.5791015625 0.4375 0.0234375 0.03515625