0 0.1884765625 0.8759765625 0.119140625 0.1787109375
0 0.63671875 0.5322265625 0.033203125 0.0498046875
0 0.568359375 0.525390625 0.03125 0.048828125
0 0.1181640625 0.7666015625 0.099609375 0.130859375
0 0.435546875 0.5078125 0.033203125 0.052734375
0 0.701171875 0.630859375 0.076171875 0.1142578125
0 0.5947265625 0.5703125 0.0419921875 0.0625
0 0.6318359375 0.4267578125 0.056640625 0.099609375
0 0.68359375 0.51953125 0.0390625 0.0458984375
0 0.388671875 0.4453125 0.021484375 0.0302734375
0 0.4208984375 0.4521484375 0.0234375 0.033203125
0 0.5830078125 0.388671875 0.0390625 0.0791015625
0 0.7822265625 0.6123046875 0.0751953125 0.107421875
0 0.5830078125 0.388671875 0.041015625 0.080078125
0 0.4697265625 0.412109375 0.0185546875 0.03515625
0 0.701171875 0.6318359375 0.07421875 0.1162109375
0 0.78125 0.61328125 0.078125 0.109375