0 0.8115234375 0.8759765625 0.119140625 0.1787109375
0 0.36328125 0.5322265625 0.033203125 0.0498046875
0 0.431640625 0.525390625 0.03125 0.048828125
0 0.8818359375 0.7666015625 0.099609375 0.130859375
0 0.564453125 0.5078125 0.033203125 0.052734375
0 0.298828125 0.630859375 0.076171875 0.1142578125
0 0.4052734375 0.5703125 0.0419921875 0.0625
0 0.3681640625 0.4267578125 0.056640625 0.099609375
0 0.31640625 0.51953125 0.0390625 0.0458984375
0 0.611328125 0.4453125 0.021484375 0.0302734375
0 0.5791015625 0.4521484375 0.0234375 0.033203125
0 0.4169921875 0.388671875 0.0390625 0.0791015625
0 0.2177734375 0.6123046875 0.0751953125 0.107421875
0 0.4169921875 0.388671875 0.041015625 0.080078125
0 0.5302734375 0.412109375 0.0185546875 0.03515625
0 0.298828125 0.6318359375 0.07421875 0.1162109375
0 0.21875 0.61328125 0.078125 0.109375