0 0.619140625 0.41796875 0.048828125 0.0986328125
0 0.666015625 0.57421875 0.056640625 0.0927734375
0 0.3974609375 0.6328125 0.05078125 0.091796875
0 0.685546875 0.923828125 0.1142578125 0.14453125
0 0.5810546875 0.529296875 0.0341796875 0.0556640625
0 0.39453125 0.5009765625 0.0322265625 0.044921875
0 0.357421875 0.4814453125 0.025390625 0.0361328125
0 0.900390625 0.7587890625 0.0986328125 0.10546875
0 0.615234375 0.5009765625 0.0302734375 0.04296875
0 0.732421875 0.556640625 0.056640625 0.08203125
0 0.662109375 0.49609375 0.033203125 0.0458984375
0 0.5771484375 0.3837890625 0.041015625 0.072265625
0 0.5771484375 0.384765625 0.041015625 0.0732421875
0 0.4609375 0.431640625 0.0244140625 0.0458984375
0 0.5576171875 0.490234375 0.0263671875 0.04296875
0 0.46484375 0.4267578125 0.029296875 0.0517578125