0 0.65234375 0.4931640625 0.0283203125 0.0400390625
0 0.3828125 0.4150390625 0.046875 0.0927734375
0 0.419921875 0.5205078125 0.0361328125 0.0517578125
0 0.33203125 0.8798828125 0.09765625 0.1650390625
0 0.62109375 0.6875 0.0634765625 0.109375
0 0.61328125 0.517578125 0.0380859375 0.0517578125
0 0.3408203125 0.5634765625 0.0537109375 0.080078125
0 0.1240234375 0.728515625 0.0869140625 0.09765625
0 0.3857421875 0.498046875 0.0302734375 0.04296875
0 0.2783203125 0.548828125 0.052734375 0.0791015625
0 0.423828125 0.3828125 0.0390625 0.072265625
0 0.341796875 0.4892578125 0.0283203125 0.0390625
0 0.5419921875 0.4462890625 0.0234375 0.03515625