0 0.6552734375 0.826171875 0.0908203125 0.1474609375
0 0.615234375 0.4150390625 0.048828125 0.0888671875
0 0.576171875 0.515625 0.0341796875 0.0498046875
0 0.65234375 0.5517578125 0.0498046875 0.08203125
0 0.373046875 0.541015625 0.04296875 0.0595703125
0 0.896484375 0.953125 0.16015625 0.091796875
0 0.3349609375 0.5107421875 0.033203125 0.0458984375
0 0.853515625 0.7001953125 0.080078125 0.0849609375
0 0.3515625 0.7744140625 0.080078125 0.1552734375
0 0.4541015625 0.4580078125 0.0224609375 0.0390625
0 0.57421875 0.380859375 0.037109375 0.072265625
0 0.57421875 0.380859375 0.037109375 0.0693359375
0 0.71484375 0.5400390625 0.048828125 0.0732421875
0 0.65234375 0.486328125 0.0283203125 0.037109375
0 0.8671875 0.703125 0.0537109375 0.087890625
0 0.5546875 0.4775390625 0.02734375 0.037109375