0 0.9169921875 0.7919921875 0.1220703125 0.1259765625
0 0.1728515625 0.8818359375 0.1298828125 0.19140625
0 0.693359375 0.9287109375 0.1181640625 0.142578125
0 0.19140625 0.6884765625 0.0810546875 0.1044921875
0 0.4208984375 0.5615234375 0.0400390625 0.06640625
0 0.76171875 0.5947265625 0.05078125 0.06640625
0 0.603515625 0.63671875 0.0537109375 0.0791015625
0 0.443359375 0.4814453125 0.0322265625 0.044921875
0 0.623046875 0.505859375 0.0400390625 0.0634765625
0 0.400390625 0.484375 0.03125 0.046875
0 0.6025390625 0.400390625 0.04296875 0.0791015625
0 0.564453125 0.4775390625 0.0263671875 0.0419921875
0 0.6767578125 0.494140625 0.033203125 0.0556640625
0 0.396484375 0.431640625 0.021484375 0.033203125
0 0.4326171875 0.4287109375 0.021484375 0.0302734375
0 0.4677734375 0.4140625 0.021484375 0.0322265625
0 0.748046875 0.716796875 0.0849609375 0.1162109375