0 0.630859375 0.533203125 0.0380859375 0.0517578125
0 0.576171875 0.5380859375 0.0400390625 0.05859375
0 0.8779296875 0.9404296875 0.138671875 0.119140625
0 0.236328125 0.6142578125 0.0615234375 0.0830078125
0 0.685546875 0.6171875 0.056640625 0.076171875
0 0.2958984375 0.6552734375 0.07421875 0.12890625
0 0.7734375 0.546875 0.1728515625 0.2470703125
0 0.380859375 0.5078125 0.0322265625 0.048828125
0 0.439453125 0.46875 0.0283203125 0.0458984375
0 0.609375 0.484375 0.0302734375 0.046875
0 0.0341796875 0.8974609375 0.0673828125 0.16796875
0 0.5546875 0.4599609375 0.02734375 0.0390625
0 0.71484375 0.955078125 0.130859375 0.0888671875