0 0.3017578125 0.6396484375 0.0595703125 0.0791015625
0 0.171875 0.8642578125 0.11328125 0.1416015625
0 0.5615234375 0.49609375 0.029296875 0.048828125
0 0.1767578125 0.6669921875 0.083984375 0.091796875
0 0.3701171875 0.5224609375 0.0380859375 0.0517578125
0 0.3984375 0.638671875 0.060546875 0.1083984375
0 0.3173828125 0.470703125 0.0888671875 0.1484375
0 0.615234375 0.443359375 0.021484375 0.029296875
0 0.73828125 0.705078125 0.0771484375 0.12109375
0 0.615234375 0.6259765625 0.060546875 0.1015625
0 0.443359375 0.4775390625 0.0302734375 0.0419921875
0 0.40234375 0.4775390625 0.0322265625 0.046875
0 0.400390625 0.4794921875 0.0263671875 0.0361328125
0 0.5947265625 0.4208984375 0.0205078125 0.0224609375
0 0.580078125 0.3935546875 0.0185546875 0.03515625