0 0.6181640625 0.69140625 0.0654296875 0.095703125
0 0.39453125 0.6474609375 0.0595703125 0.0927734375
0 0.68359375 0.59375 0.0517578125 0.0791015625
0 0.87890625 0.935546875 0.140625 0.12890625
0 0.3046875 0.646484375 0.06640625 0.099609375
0 0.7861328125 0.638671875 0.0703125 0.08203125
0 0.578125 0.5537109375 0.037109375 0.0615234375
0 0.708984375 0.53515625 0.033203125 0.0498046875
0 0.40234375 0.484375 0.029296875 0.0458984375
0 0.455078125 0.45703125 0.0234375 0.0322265625
0 0.3515625 0.48046875 0.03125 0.04296875
0 0.5908203125 0.388671875 0.0380859375 0.0732421875
0 0.646484375 0.4697265625 0.0302734375 0.052734375
0 0.603515625 0.47265625 0.033203125 0.048828125