0 0.3701171875 0.53515625 0.0400390625 0.05859375
0 0.7490234375 0.5947265625 0.05859375 0.072265625
0 0.6005859375 0.62890625 0.0517578125 0.0791015625
0 0.1298828125 0.90234375 0.166015625 0.1904296875
0 0.67578125 0.9306640625 0.107421875 0.138671875
0 0.6630859375 0.55859375 0.044921875 0.0712890625
0 0.794921875 0.8046875 0.1005859375 0.1318359375
0 0.568359375 0.525390625 0.0322265625 0.048828125
0 0.3037109375 0.9111328125 0.123046875 0.177734375
0 0.443359375 0.49609375 0.02734375 0.0458984375
0 0.3134765625 0.525390625 0.041015625 0.0537109375
0 0.4619140625 0.42578125 0.0205078125 0.0302734375
0 0.5859375 0.38671875 0.033203125 0.0712890625
0 0.6865234375 0.5107421875 0.029296875 0.0458984375
0 0.595703125 0.4580078125 0.029296875 0.0458984375
0 0.63671875 0.453125 0.029296875 0.0458984375
0 0.3798828125 0.4521484375 0.0224609375 0.0322265625