0 0.6650390625 0.578125 0.0576171875 0.095703125
0 0.6015625 0.64453125 0.05078125 0.0830078125
0 0.3095703125 0.619140625 0.060546875 0.0849609375
0 0.3681640625 0.7392578125 0.068359375 0.12890625
0 0.8564453125 0.763671875 0.287109375 0.4580078125
0 0.595703125 0.466796875 0.025390625 0.0400390625
0 0.306640625 0.5498046875 0.0419921875 0.0625
0 0.435546875 0.4931640625 0.037109375 0.068359375
0 0.4580078125 0.4384765625 0.0244140625 0.0361328125
0 0.431640625 0.421875 0.0205078125 0.0234375
0 0.5576171875 0.4794921875 0.0341796875 0.052734375
0 0.5546875 0.4716796875 0.037109375 0.0712890625
0 0.599609375 0.4052734375 0.037109375 0.0595703125