0 0.75390625 0.6025390625 0.064453125 0.0830078125
0 0.4130859375 0.583984375 0.0439453125 0.06640625
0 0.689453125 0.6337890625 0.0634765625 0.0927734375
0 0.0625 0.830078125 0.125 0.1484375
0 0.27734375 0.564453125 0.044921875 0.0595703125
0 0.365234375 0.7822265625 0.0732421875 0.1279296875
0 0.5771484375 0.5673828125 0.0380859375 0.0654296875
0 0.5458984375 0.4462890625 0.029296875 0.037109375
0 0.353515625 0.5302734375 0.03515625 0.0556640625
0 0.4365234375 0.501953125 0.02734375 0.04296875
0 0.26171875 0.7041015625 0.07421875 0.095703125
0 0.6455078125 0.484375 0.0283203125 0.0390625
0 0.4189453125 0.380859375 0.033203125 0.0625
0 0.251953125 0.7099609375 0.056640625 0.087890625
0 0.330078125 0.4951171875 0.0234375 0.0390625
0 0.5966796875 0.4248046875 0.021484375 0.02734375