0 0.2734375 0.677734375 0.07421875 0.107421875
0 0.8427734375 0.748046875 0.314453125 0.4833984375
0 0.6552734375 0.55859375 0.052734375 0.0888671875
0 0.59375 0.6171875 0.044921875 0.0732421875
0 0.423828125 0.51953125 0.041015625 0.076171875
0 0.28125 0.576171875 0.048828125 0.068359375
0 0.453125 0.44921875 0.0244140625 0.037109375
0 0.3125 0.896484375 0.091796875 0.2001953125
0 0.59375 0.4609375 0.0244140625 0.0390625
0 0.5556640625 0.4716796875 0.0322265625 0.0498046875
0 0.427734375 0.4267578125 0.0185546875 0.025390625
0 0.4072265625 0.421875 0.013671875 0.017578125
0 0.59765625 0.40234375 0.03515625 0.05859375