0 0.75 0.619140625 0.064453125 0.0830078125
0 0.779296875 0.763671875 0.095703125 0.140625
0 0.4140625 0.5966796875 0.041015625 0.068359375
0 0.55078125 0.462890625 0.029296875 0.0458984375
0 0.41015625 0.4580078125 0.025390625 0.037109375
0 0.3544921875 0.544921875 0.0458984375 0.0849609375
0 0.58984375 0.5537109375 0.052734375 0.09765625
0 0.447265625 0.462890625 0.0341796875 0.0517578125
0 0.5771484375 0.435546875 0.01953125 0.029296875
0 0.1875 0.708984375 0.275390625 0.4365234375
0 0.353515625 0.546875 0.046875 0.08203125
0 0.4052734375 0.400390625 0.033203125 0.05859375