0 0.41796875 0.576171875 0.0380859375 0.0654296875
0 0.798828125 0.6748046875 0.0732421875 0.10546875
0 0.556640625 0.48046875 0.029296875 0.04296875
0 0.8642578125 0.900390625 0.1376953125 0.193359375
0 0.22265625 0.662109375 0.2353515625 0.384765625
0 0.412109375 0.4521484375 0.025390625 0.037109375
0 0.58203125 0.447265625 0.0234375 0.0322265625
0 0.6064453125 0.603515625 0.0634765625 0.1181640625
0 0.44921875 0.458984375 0.033203125 0.0517578125
0 0.6064453125 0.603515625 0.0625 0.119140625
0 0.361328125 0.533203125 0.0478515625 0.080078125
0 0.4521484375 0.3681640625 0.0283203125 0.0517578125
0 0.603515625 0.4365234375 0.015625 0.025390625
0 0.4072265625 0.3984375 0.033203125 0.056640625
0 0.4072265625 0.3974609375 0.033203125 0.0615234375