0 0.09375 0.7822265625 0.1240234375 0.130859375
0 0.720703125 0.6875 0.072265625 0.107421875
0 0.587890625 0.607421875 0.04296875 0.0751953125
0 0.375 0.7451171875 0.0654296875 0.1142578125
0 0.787109375 0.640625 0.076171875 0.0986328125
0 0.416015625 0.572265625 0.0419921875 0.0615234375
0 0.283203125 0.556640625 0.0400390625 0.056640625
0 0.2744140625 0.6796875 0.0693359375 0.087890625
0 0.5478515625 0.45703125 0.02734375 0.0419921875
0 0.65625 0.4990234375 0.0302734375 0.04296875
0 0.3583984375 0.5234375 0.03515625 0.0537109375
0 0.4208984375 0.380859375 0.033203125 0.0595703125
0 0.4384765625 0.4970703125 0.02734375 0.044921875