0 0.0498046875 0.8623046875 0.0986328125 0.19140625
0 0.8193359375 0.6787109375 0.087890625 0.095703125
0 0.0869140625 0.955078125 0.126953125 0.0859375
0 0.3017578125 0.5498046875 0.0419921875 0.056640625
0 0.5732421875 0.5400390625 0.0400390625 0.0537109375
0 0.4375 0.4990234375 0.0322265625 0.0556640625
0 0.3408203125 0.841796875 0.083984375 0.158203125
0 0.6923828125 0.623046875 0.0546875 0.0693359375
0 0.603515625 0.658203125 0.05078125 0.087890625
0 0.693359375 0.53125 0.0361328125 0.046875
0 0.689453125 0.525390625 0.041015625 0.0537109375
0 0.556640625 0.4794921875 0.025390625 0.0400390625
0 0.6279296875 0.5009765625 0.03125 0.052734375
0 0.435546875 0.423828125 0.017578125 0.02734375
0 0.9326171875 0.9580078125 0.1064453125 0.080078125