0 0.40234375 0.599609375 0.044921875 0.076171875
0 0.3017578125 0.6474609375 0.05859375 0.087890625
0 0.68359375 0.609375 0.0458984375 0.072265625
0 0.7109375 0.9638671875 0.11328125 0.0693359375
0 0.56640625 0.529296875 0.0302734375 0.0537109375
0 0.390625 0.4189453125 0.044921875 0.0791015625
0 0.806640625 0.6513671875 0.072265625 0.080078125
0 0.146484375 0.740234375 0.0947265625 0.1279296875
0 0.5986328125 0.474609375 0.0263671875 0.0390625
0 0.458984375 0.4384765625 0.0205078125 0.0322265625
0 0.640625 0.470703125 0.0283203125 0.0361328125
0 0.5439453125 0.4482421875 0.0234375 0.0322265625
0 0.388671875 0.419921875 0.037109375 0.078125