0 0.7783203125 0.646484375 0.0654296875 0.091796875
0 0.2841796875 0.9287109375 0.12890625 0.142578125
0 0.3310546875 0.5791015625 0.0478515625 0.0625
0 0.138671875 0.8818359375 0.138671875 0.1640625
0 0.4111328125 0.6025390625 0.04296875 0.0712890625
0 0.587890625 0.578125 0.046875 0.087890625
0 0.4345703125 0.513671875 0.03515625 0.0517578125
0 0.234375 0.6142578125 0.0673828125 0.0791015625
0 0.5771484375 0.4443359375 0.021484375 0.0361328125
0 0.646484375 0.484375 0.0302734375 0.044921875
0 0.32421875 0.5087890625 0.029296875 0.0400390625
0 0.447265625 0.4619140625 0.0283203125 0.0400390625
0 0.61328125 0.44140625 0.021484375 0.029296875
0 0.427734375 0.373046875 0.0322265625 0.0615234375
0 0.5380859375 0.419921875 0.017578125 0.029296875
0 0.3408203125 0.5009765625 0.01953125 0.0458984375