0 0.8076171875 0.7900390625 0.111328125 0.1279296875
0 0.58203125 0.5771484375 0.0380859375 0.0634765625
0 0.123046875 0.7646484375 0.09765625 0.1357421875
0 0.6708984375 0.826171875 0.09375 0.150390625
0 0.65625 0.55859375 0.04296875 0.0595703125
0 0.740234375 0.583984375 0.0546875 0.0712890625
0 0.37890625 0.6787109375 0.064453125 0.119140625
0 0.5625 0.4990234375 0.03125 0.044921875
0 0.3291015625 0.5126953125 0.033203125 0.0537109375
0 0.3720703125 0.458984375 0.0244140625 0.029296875
0 0.4140625 0.4580078125 0.0244140625 0.0400390625
0 0.6083984375 0.4716796875 0.0302734375 0.046875
0 0.458984375 0.431640625 0.0185546875 0.033203125
0 0.4453125 0.392578125 0.0205078125 0.0302734375
0 0.6630859375 0.4951171875 0.0322265625 0.037109375
0 0.5703125 0.3701171875 0.02734375 0.0556640625
0 0.5546875 0.455078125 0.0361328125 0.0400390625