0 0.1923828125 0.7900390625 0.111328125 0.1279296875
0 0.41796875 0.5771484375 0.0380859375 0.0634765625
0 0.876953125 0.7646484375 0.09765625 0.1357421875
0 0.3291015625 0.826171875 0.09375 0.150390625
0 0.34375 0.55859375 0.04296875 0.0595703125
0 0.259765625 0.583984375 0.0546875 0.0712890625
0 0.62109375 0.6787109375 0.064453125 0.119140625
0 0.4375 0.4990234375 0.03125 0.044921875
0 0.6708984375 0.5126953125 0.033203125 0.0537109375
0 0.6279296875 0.458984375 0.0244140625 0.029296875
0 0.5859375 0.4580078125 0.0244140625 0.0400390625
0 0.3916015625 0.4716796875 0.0302734375 0.046875
0 0.541015625 0.431640625 0.0185546875 0.033203125
0 0.5546875 0.392578125 0.0205078125 0.0302734375
0 0.3369140625 0.4951171875 0.0322265625 0.037109375
0 0.4296875 0.3701171875 0.02734375 0.0556640625
0 0.4453125 0.455078125 0.0361328125 0.0400390625