0 0.66015625 0.568359375 0.0458984375 0.0595703125
0 0.6455078125 0.765625 0.08203125 0.1162109375
0 0.4208984375 0.52734375 0.0341796875 0.056640625
0 0.56640625 0.5205078125 0.033203125 0.0517578125
0 0.255859375 0.73046875 0.076171875 0.1162109375
0 0.6015625 0.4765625 0.029296875 0.0400390625
0 0.5478515625 0.4599609375 0.0244140625 0.0361328125
0 0.6748046875 0.5126953125 0.033203125 0.0458984375
0 0.3798828125 0.4580078125 0.021484375 0.03515625
0 0.416015625 0.3876953125 0.0322265625 0.056640625
0 0.533203125 0.4140625 0.01953125 0.0302734375
0 0.376953125 0.4580078125 0.021484375 0.029296875