0 0.818359375 0.857421875 0.107421875 0.169921875
0 0.5908203125 0.5615234375 0.0419921875 0.068359375
0 0.3671875 0.72265625 0.068359375 0.10546875
0 0.34765625 0.5556640625 0.041015625 0.056640625
0 0.630859375 0.4697265625 0.0224609375 0.0302734375
0 0.4345703125 0.5107421875 0.0341796875 0.048828125
0 0.400390625 0.47265625 0.0263671875 0.0361328125
0 0.33203125 0.5009765625 0.03515625 0.04296875
0 0.9375 0.7841796875 0.1240234375 0.41796875
0 0.587890625 0.390625 0.033203125 0.0595703125
0 0.095703125 0.9580078125 0.123046875 0.080078125
0 0.587890625 0.3916015625 0.03125 0.0615234375
0 0.453125 0.4560546875 0.025390625 0.03515625