0 0.419921875 0.5615234375 0.0390625 0.05859375
0 0.30078125 0.64453125 0.060546875 0.0830078125
0 0.796875 0.6630859375 0.0693359375 0.09765625
0 0.5908203125 0.462890625 0.025390625 0.037109375
0 0.1162109375 0.703125 0.23046875 0.41796875
0 0.619140625 0.423828125 0.052734375 0.0927734375
0 0.4482421875 0.46484375 0.0263671875 0.0400390625
0 0.388671875 0.486328125 0.029296875 0.0400390625
0 0.619140625 0.423828125 0.052734375 0.091796875
0 0.3671875 0.4599609375 0.0283203125 0.0302734375
0 0.3671875 0.4677734375 0.0302734375 0.0458984375
0 0.41796875 0.4404296875 0.0205078125 0.03515625