0 0.59765625 0.478515625 0.029296875 0.04296875
0 0.859375 0.7353515625 0.0947265625 0.125
0 0.4228515625 0.5517578125 0.037109375 0.0537109375
0 0.626953125 0.4287109375 0.0556640625 0.1025390625
0 0.2861328125 0.962890625 0.109375 0.072265625
0 0.3154296875 0.619140625 0.0546875 0.0732421875
0 0.44921875 0.4599609375 0.025390625 0.0361328125
0 0.1259765625 0.6865234375 0.2509765625 0.41015625
0 0.3935546875 0.48046875 0.0283203125 0.0361328125
0 0.1259765625 0.6865234375 0.2509765625 0.408203125
0 0.626953125 0.431640625 0.0556640625 0.1025390625