0 0.40234375 0.478515625 0.029296875 0.04296875
0 0.140625 0.7353515625 0.0947265625 0.125
0 0.5771484375 0.5517578125 0.037109375 0.0537109375
0 0.373046875 0.4287109375 0.0556640625 0.1025390625
0 0.7138671875 0.962890625 0.109375 0.072265625
0 0.6845703125 0.619140625 0.0546875 0.0732421875
0 0.55078125 0.4599609375 0.025390625 0.0361328125
0 0.8740234375 0.6865234375 0.2509765625 0.41015625
0 0.6064453125 0.48046875 0.0283203125 0.0361328125
0 0.8740234375 0.6865234375 0.2509765625 0.408203125
0 0.373046875 0.431640625 0.0556640625 0.1025390625