0 0.232421875 0.7294921875 0.09375 0.1142578125
0 0.35546875 0.5380859375 0.0390625 0.0537109375
0 0.7041015625 0.5517578125 0.0419921875 0.06640625
0 0.35546875 0.7392578125 0.078125 0.1240234375
0 0.423828125 0.5537109375 0.037109375 0.05859375
0 0.2802734375 0.560546875 0.0439453125 0.0625
0 0.59765625 0.4833984375 0.029296875 0.046875
0 0.6435546875 0.48046875 0.0263671875 0.0400390625
0 0.546875 0.4462890625 0.0244140625 0.0390625
0 0.44140625 0.484375 0.029296875 0.037109375
0 0.6982421875 0.8935546875 0.1162109375 0.2109375
0 0.556640625 0.4013671875 0.0263671875 0.0390625
0 0.3984375 0.4599609375 0.029296875 0.046875