0 0.1337890625 0.6962890625 0.2666015625 0.419921875
0 0.58203125 0.552734375 0.037109375 0.0615234375
0 0.671875 0.8134765625 0.0927734375 0.1376953125
0 0.7197265625 0.650390625 0.076171875 0.1015625
0 0.34765625 0.5712890625 0.048828125 0.06640625
0 0.548828125 0.462890625 0.02734375 0.03515625
0 0.681640625 0.47265625 0.08984375 0.1455078125
0 0.607421875 0.4892578125 0.029296875 0.0419921875
0 0.9658203125 0.8837890625 0.068359375 0.14453125
0 0.3603515625 0.4765625 0.0234375 0.037109375
0 0.41015625 0.4482421875 0.0234375 0.02734375
0 0.59375 0.421875 0.0205078125 0.0263671875
0 0.5341796875 0.416015625 0.0185546875 0.0302734375