0 0.7509765625 0.701171875 0.0859375 0.1015625
0 0.6328125 0.70703125 0.068359375 0.115234375
0 0.572265625 0.544921875 0.0361328125 0.0556640625
0 0.638671875 0.5302734375 0.037109375 0.052734375
0 0.2734375 0.5791015625 0.05078125 0.0791015625
0 0.4501953125 0.458984375 0.025390625 0.04296875
0 0.3447265625 0.4931640625 0.03125 0.044921875
0 0.708984375 0.548828125 0.0478515625 0.0625
0 0.392578125 0.4951171875 0.03125 0.0498046875
0 0.5556640625 0.4814453125 0.029296875 0.0390625
0 0.24609375 0.9736328125 0.087890625 0.052734375
0 0.6474609375 0.4765625 0.033203125 0.037109375
0 0.4365234375 0.404296875 0.021484375 0.0390625
0 0.59765625 0.4580078125 0.0263671875 0.0400390625