0 0.2744140625 0.6572265625 0.0732421875 0.087890625
0 0.3818359375 0.6513671875 0.0595703125 0.0927734375
0 0.4326171875 0.5263671875 0.0302734375 0.0537109375
0 0.68359375 0.525390625 0.0380859375 0.0537109375
0 0.7880859375 0.654296875 0.0732421875 0.109375
0 0.3701171875 0.515625 0.037109375 0.046875
0 0.55859375 0.484375 0.0302734375 0.046875
0 0.1025390625 0.9560546875 0.146484375 0.0859375
0 0.626953125 0.5322265625 0.0380859375 0.05859375
0 0.4482421875 0.47265625 0.0283203125 0.0390625
0 0.3076171875 0.53125 0.0400390625 0.052734375
0 0.568359375 0.4140625 0.0205078125 0.0400390625
0 0.3515625 0.509765625 0.076171875 0.0712890625