0 0.1962890625 0.833984375 0.1103515625 0.1357421875
0 0.060546875 0.828125 0.1201171875 0.1337890625
0 0.306640625 0.607421875 0.0537109375 0.0751953125
0 0.748046875 0.6025390625 0.056640625 0.080078125
0 0.400390625 0.5947265625 0.046875 0.072265625
0 0.3515625 0.8427734375 0.0927734375 0.150390625
0 0.5771484375 0.54296875 0.037109375 0.0625
0 0.955078125 0.8857421875 0.0888671875 0.2109375
0 0.3828125 0.49609375 0.03125 0.044921875
0 0.67578125 0.6171875 0.0556640625 0.0927734375
0 0.4384765625 0.50390625 0.02734375 0.0458984375
0 0.3271484375 0.5078125 0.033203125 0.044921875
0 0.576171875 0.4306640625 0.0263671875 0.048828125