0 0.095703125 0.7822265625 0.1142578125 0.119140625
0 0.7021484375 0.6630859375 0.068359375 0.1083984375
0 0.31640625 0.5927734375 0.0546875 0.0693359375
0 0.404296875 0.5830078125 0.0478515625 0.0712890625
0 0.7822265625 0.6416015625 0.0673828125 0.095703125
0 0.2216796875 0.7900390625 0.1025390625 0.125
0 0.365234375 0.7890625 0.0810546875 0.12890625
0 0.58984375 0.57421875 0.044921875 0.076171875
0 0.439453125 0.5 0.02734375 0.048828125
0 0.3330078125 0.5 0.033203125 0.044921875
0 0.3857421875 0.4892578125 0.0302734375 0.0390625
0 0.58203125 0.4365234375 0.0302734375 0.0517578125