0 0.611328125 0.7060546875 0.0673828125 0.1025390625
0 0.5888671875 0.556640625 0.044921875 0.0634765625
0 0.11328125 0.763671875 0.103515625 0.138671875
0 0.84375 0.70703125 0.087890625 0.0927734375
0 0.66796875 0.5703125 0.046875 0.0625
0 0.380859375 0.6650390625 0.060546875 0.10546875
0 0.740234375 0.7197265625 0.0791015625 0.1015625
0 0.212890625 0.810546875 0.103515625 0.171875
0 0.60546875 0.4794921875 0.0283203125 0.037109375
0 0.458984375 0.453125 0.0224609375 0.0390625
0 0.6572265625 0.4873046875 0.03125 0.044921875
0 0.404296875 0.455078125 0.0302734375 0.0537109375
0 0.619140625 0.4794921875 0.0537109375 0.046875
0 0.5458984375 0.4453125 0.0283203125 0.037109375