0 0.765625 0.6142578125 0.060546875 0.0732421875
0 0.5869140625 0.609375 0.0458984375 0.0732421875
0 0.693359375 0.6337890625 0.052734375 0.080078125
0 0.57421875 0.5166015625 0.0361328125 0.0517578125
0 0.6435546875 0.5341796875 0.037109375 0.0517578125
0 0.4384765625 0.5166015625 0.0341796875 0.0517578125
0 0.89453125 0.9482421875 0.1630859375 0.099609375
0 0.458984375 0.443359375 0.0244140625 0.0322265625
0 0.59375 0.4609375 0.025390625 0.0361328125
0 0.408203125 0.4599609375 0.0224609375 0.033203125
0 0.7734375 0.6162109375 0.044921875 0.0693359375
0 0.3740234375 0.50390625 0.0458984375 0.087890625