0 0.234375 0.6142578125 0.060546875 0.0732421875
0 0.4130859375 0.609375 0.0458984375 0.0732421875
0 0.306640625 0.6337890625 0.052734375 0.080078125
0 0.42578125 0.5166015625 0.0361328125 0.0517578125
0 0.3564453125 0.5341796875 0.037109375 0.0517578125
0 0.5615234375 0.5166015625 0.0341796875 0.0517578125
0 0.10546875 0.9482421875 0.1630859375 0.099609375
0 0.541015625 0.443359375 0.0244140625 0.0322265625
0 0.40625 0.4609375 0.025390625 0.0361328125
0 0.591796875 0.4599609375 0.0224609375 0.033203125
0 0.2265625 0.6162109375 0.044921875 0.0693359375
0 0.6259765625 0.50390625 0.0458984375 0.087890625