0 0.42578125 0.5634765625 0.0400390625 0.0625
0 0.2734375 0.5712890625 0.048828125 0.05859375
0 0.3359375 0.58984375 0.046875 0.068359375
0 0.5498046875 0.4775390625 0.0283203125 0.04296875
0 0.6123046875 0.4951171875 0.033203125 0.0458984375
0 0.587890625 0.6123046875 0.048828125 0.0830078125
0 0.2099609375 0.810546875 0.107421875 0.162109375
0 0.37109375 0.5107421875 0.0361328125 0.048828125
0 0.4326171875 0.49609375 0.03125 0.046875
0 0.673828125 0.5849609375 0.064453125 0.1240234375
0 0.025390625 0.9248046875 0.05078125 0.123046875
0 0.673828125 0.583984375 0.0654296875 0.1259765625
0 0.4130859375 0.447265625 0.0244140625 0.033203125
0 0.453125 0.4599609375 0.0244140625 0.0400390625