0 0.658203125 0.5771484375 0.0498046875 0.0625
0 0.7177734375 0.560546875 0.041015625 0.056640625
0 0.9541015625 0.888671875 0.091796875 0.1572265625
0 0.3935546875 0.6669921875 0.056640625 0.095703125
0 0.5703125 0.5517578125 0.0400390625 0.056640625
0 0.625 0.5048828125 0.033203125 0.044921875
0 0.3779296875 0.51171875 0.033203125 0.048828125
0 0.4453125 0.494140625 0.0322265625 0.044921875
0 0.7666015625 0.7685546875 0.0927734375 0.1376953125
0 0.564453125 0.490234375 0.029296875 0.046875
0 0.30078125 0.6240234375 0.0771484375 0.1474609375
0 0.30078125 0.623046875 0.0771484375 0.1484375
0 0.583984375 0.4453125 0.0234375 0.03515625