0 0.341796875 0.5771484375 0.0498046875 0.0625
0 0.2822265625 0.560546875 0.041015625 0.056640625
0 0.0458984375 0.888671875 0.091796875 0.1572265625
0 0.6064453125 0.6669921875 0.056640625 0.095703125
0 0.4296875 0.5517578125 0.0400390625 0.056640625
0 0.375 0.5048828125 0.033203125 0.044921875
0 0.6220703125 0.51171875 0.033203125 0.048828125
0 0.5546875 0.494140625 0.0322265625 0.044921875
0 0.2333984375 0.7685546875 0.0927734375 0.1376953125
0 0.435546875 0.490234375 0.029296875 0.046875
0 0.69921875 0.6240234375 0.0771484375 0.1474609375
0 0.69921875 0.623046875 0.0771484375 0.1484375
0 0.416015625 0.4453125 0.0234375 0.03515625