0 0.3671875 0.5380859375 0.0390625 0.0556640625
0 0.5869140625 0.607421875 0.046875 0.078125
0 0.296875 0.65234375 0.064453125 0.0947265625
0 0.671875 0.5146484375 0.0341796875 0.052734375
0 0.689453125 0.6201171875 0.0634765625 0.0849609375
0 0.302734375 0.9248046875 0.1083984375 0.150390625
0 0.154296875 0.7177734375 0.091796875 0.1083984375
0 0.4384765625 0.51171875 0.033203125 0.048828125
0 0.3173828125 0.517578125 0.037109375 0.046875
0 0.0859375 0.958984375 0.130859375 0.078125
0 0.388671875 0.482421875 0.0302734375 0.0390625
0 0.076171875 0.98046875 0.119140625 0.0390625
0 0.302734375 0.8564453125 0.05078125 0.078125