0 0.3271484375 0.6005859375 0.0517578125 0.080078125
0 0.181640625 0.8544921875 0.123046875 0.154296875
0 0.7255859375 0.5791015625 0.0517578125 0.0732421875
0 0.546875 0.4599609375 0.02734375 0.03515625
0 0.8076171875 0.81640625 0.111328125 0.1572265625
0 0.3818359375 0.513671875 0.037109375 0.0498046875
0 0.21484375 0.6435546875 0.0712890625 0.0830078125
0 0.658203125 0.849609375 0.091796875 0.1748046875
0 0.3525390625 0.7587890625 0.0712890625 0.1142578125
0 0.5859375 0.4501953125 0.021484375 0.033203125
0 0.33984375 0.49609375 0.03125 0.044921875
0 0.4443359375 0.4921875 0.029296875 0.033203125
0 0.443359375 0.4931640625 0.0341796875 0.0419921875