0 0.6640625 0.5849609375 0.0498046875 0.078125
0 0.791015625 0.8037109375 0.1083984375 0.140625
0 0.6357421875 0.7119140625 0.064453125 0.12109375
0 0.2958984375 0.9521484375 0.1083984375 0.095703125
0 0.24609375 0.6103515625 0.0634765625 0.0859375
0 0.451171875 0.470703125 0.02734375 0.0419921875
0 0.76953125 0.6240234375 0.064453125 0.0791015625
0 0.61328125 0.5068359375 0.03515625 0.0498046875
0 0.4091796875 0.462890625 0.0205078125 0.029296875
0 0.1103515625 0.921875 0.150390625 0.1552734375
0 0.5546875 0.4794921875 0.029296875 0.0458984375
0 0.599609375 0.462890625 0.025390625 0.03515625
0 0.658203125 0.4892578125 0.029296875 0.0419921875