0 0.31640625 0.6123046875 0.060546875 0.0712890625
0 0.3466796875 0.87109375 0.095703125 0.1572265625
0 0.548828125 0.46484375 0.02734375 0.0419921875
0 0.302734375 0.5380859375 0.037109375 0.052734375
0 0.619140625 0.6953125 0.0615234375 0.111328125
0 0.6611328125 0.587890625 0.046875 0.072265625
0 0.3740234375 0.5166015625 0.0322265625 0.0556640625
0 0.4072265625 0.5654296875 0.041015625 0.0732421875
0 0.59375 0.4677734375 0.0234375 0.037109375
0 0.6484375 0.4833984375 0.0283203125 0.037109375
0 0.6455078125 0.4794921875 0.02734375 0.0390625