0 0.6279296875 0.7626953125 0.0751953125 0.1162109375
0 0.6669921875 0.5830078125 0.05078125 0.0654296875
0 0.4423828125 0.494140625 0.0322265625 0.046875
0 0.2880859375 0.6787109375 0.0673828125 0.10546875
0 0.68359375 0.517578125 0.0341796875 0.048828125
0 0.583984375 0.5419921875 0.03515625 0.0625
0 0.3056640625 0.9150390625 0.1103515625 0.169921875
0 0.3271484375 0.513671875 0.0302734375 0.048828125
0 0.3916015625 0.4921875 0.0283203125 0.0419921875
0 0.6162109375 0.5009765625 0.0302734375 0.0537109375
0 0.5439453125 0.4375 0.0244140625 0.0458984375
0 0.466796875 0.4072265625 0.029296875 0.0419921875