0 0.408203125 0.6162109375 0.046875 0.0732421875
0 0.6943359375 0.642578125 0.0595703125 0.0859375
0 0.1689453125 0.9052734375 0.142578125 0.177734375
0 0.36328125 0.5322265625 0.0390625 0.052734375
0 0.6064453125 0.6552734375 0.052734375 0.0927734375
0 0.796875 0.66796875 0.0791015625 0.09765625
0 0.294921875 0.9404296875 0.12109375 0.119140625
0 0.0380859375 0.8740234375 0.076171875 0.154296875
0 0.4296875 0.4990234375 0.0302734375 0.0517578125
0 0.6220703125 0.4599609375 0.025390625 0.033203125
0 0.546875 0.4482421875 0.0244140625 0.0322265625
0 0.3984375 0.4765625 0.0234375 0.037109375
0 0.5908203125 0.462890625 0.021484375 0.0322265625
0 0.419921875 0.4423828125 0.0234375 0.033203125