0 0.2763671875 0.9326171875 0.123046875 0.134765625
0 0.26171875 0.7001953125 0.07421875 0.0927734375
0 0.396484375 0.6259765625 0.048828125 0.076171875
0 0.6611328125 0.5 0.0322265625 0.04296875
0 0.4287109375 0.5205078125 0.033203125 0.0537109375
0 0.861328125 0.744140625 0.0986328125 0.1259765625
0 0.6083984375 0.4453125 0.021484375 0.0263671875
0 0.36328125 0.49609375 0.05078125 0.1015625
0 0.44140625 0.47265625 0.025390625 0.0390625
0 0.30078125 0.5244140625 0.048828125 0.0751953125
0 0.46484375 0.419921875 0.01953125 0.0302734375
0 0.4228515625 0.427734375 0.0234375 0.0361328125
0 0.3076171875 0.5205078125 0.0625 0.087890625