0 0.9296875 0.818359375 0.11328125 0.1552734375
0 0.3056640625 0.638671875 0.064453125 0.091796875
0 0.625 0.525390625 0.037109375 0.048828125
0 0.56640625 0.5205078125 0.0361328125 0.056640625
0 0.3486328125 0.837890625 0.103515625 0.2099609375
0 0.408203125 0.5888671875 0.044921875 0.06640625
0 0.4375 0.5009765625 0.0283203125 0.04296875
0 0.3388671875 0.4970703125 0.033203125 0.044921875
0 0.2880859375 0.55078125 0.0478515625 0.05859375
0 0.0703125 0.89453125 0.138671875 0.201171875
0 0.541015625 0.43359375 0.0244140625 0.033203125
0 0.5732421875 0.4267578125 0.021484375 0.0302734375
0 0.099609375 0.849609375 0.189453125 0.29296875
0 0.3701171875 0.4599609375 0.0263671875 0.033203125
0 0.134765625 0.671875 0.126953125 0.1162109375
0 0.1015625 0.84765625 0.1884765625 0.287109375
0 0.453125 0.451171875 0.025390625 0.033203125
0 0.4091796875 0.451171875 0.029296875 0.044921875