0 0.7080078125 0.6591796875 0.0634765625 0.0986328125
0 0.23828125 0.7939453125 0.0986328125 0.1240234375
0 0.6044921875 0.625 0.05078125 0.0859375
0 0.3955078125 0.6318359375 0.05078125 0.076171875
0 0.7451171875 0.6123046875 0.060546875 0.0830078125
0 0.314453125 0.6318359375 0.06640625 0.0751953125
0 0.4326171875 0.513671875 0.029296875 0.048828125
0 0.6806640625 0.525390625 0.0390625 0.0537109375
0 0.220703125 0.619140625 0.0751953125 0.08203125
0 0.552734375 0.4775390625 0.029296875 0.044921875
0 0.392578125 0.4814453125 0.0283203125 0.03515625
0 0.6240234375 0.5107421875 0.041015625 0.06640625
0 0.5703125 0.4365234375 0.0244140625 0.029296875
0 0.5322265625 0.4072265625 0.0205078125 0.025390625