0 0.33984375 0.576171875 0.0458984375 0.0712890625
0 0.4208984375 0.546875 0.0361328125 0.056640625
0 0.6015625 0.63671875 0.0517578125 0.0927734375
0 0.552734375 0.4658203125 0.0283203125 0.0390625
0 0.6865234375 0.6279296875 0.056640625 0.0859375
0 0.4453125 0.4775390625 0.0283203125 0.0400390625
0 0.58984375 0.455078125 0.0224609375 0.0361328125
0 0.310546875 0.52734375 0.0419921875 0.056640625
0 0.3828125 0.7041015625 0.072265625 0.1416015625
0 0.53515625 0.4169921875 0.025390625 0.04296875
0 0.3515625 0.4814453125 0.0283203125 0.0361328125