0 0.357421875 0.546875 0.037109375 0.0625
0 0.5634765625 0.4990234375 0.0322265625 0.0458984375
0 0.775390625 0.7841796875 0.0986328125 0.1474609375
0 0.607421875 0.4833984375 0.0322265625 0.046875
0 0.3984375 0.65234375 0.060546875 0.1181640625
0 0.6533203125 0.80859375 0.08984375 0.1708984375
0 0.4287109375 0.5244140625 0.033203125 0.0517578125
0 0.291015625 0.9091796875 0.1376953125 0.1767578125
0 0.32421875 0.5107421875 0.0390625 0.0458984375
0 0.447265625 0.46484375 0.025390625 0.037109375
0 0.423828125 0.419921875 0.0234375 0.0556640625