0 0.4189453125 0.5537109375 0.0390625 0.05859375
0 0.34765625 0.63671875 0.0595703125 0.0751953125
0 0.826171875 0.6962890625 0.08203125 0.1044921875
0 0.5888671875 0.58984375 0.0478515625 0.0859375
0 0.353515625 0.5595703125 0.0458984375 0.0625
0 0.6318359375 0.470703125 0.0224609375 0.0302734375
0 0.599609375 0.4892578125 0.0322265625 0.0419921875
0 0.744140625 0.703125 0.099609375 0.162109375
0 0.2861328125 0.548828125 0.048828125 0.06640625
0 0.541015625 0.4345703125 0.0234375 0.0322265625
0 0.1201171875 0.76171875 0.1044921875 0.1162109375
0 0.4423828125 0.478515625 0.025390625 0.037109375