0 0.3974609375 0.130859375 0.0283203125 0.0400390625
0 0.291015625 0.18359375 0.029296875 0.0517578125
0 0.2392578125 0.1591796875 0.033203125 0.056640625
0 0.1591796875 0.955078125 0.115234375 0.08984375
0 0.34375 0.1650390625 0.0244140625 0.046875
0 0.30859375 0.5 0.0751953125 0.158203125
0 0.23046875 0.3955078125 0.0830078125 0.1513671875
0 0.4609375 0.287109375 0.04296875 0.0830078125
0 0.2919921875 0.1123046875 0.0244140625 0.0419921875
0 0.3369140625 0.111328125 0.0224609375 0.0361328125
0 0.490234375 0.4912109375 0.0634765625 0.162109375