0 0.59765625 0.1396484375 0.0263671875 0.0419921875
0 0.759765625 0.1591796875 0.033203125 0.056640625
0 0.70703125 0.578125 0.0849609375 0.1884765625
0 0.7109375 0.1982421875 0.03125 0.052734375
0 0.7841796875 0.435546875 0.091796875 0.169921875
0 0.6552734375 0.177734375 0.025390625 0.046875
0 0.6728515625 0.0625 0.01953125 0.03515625
0 0.70703125 0.12109375 0.025390625 0.0400390625
0 0.634765625 0.056640625 0.0185546875 0.0302734375
0 0.5078125 0.53125 0.0673828125 0.1767578125
0 0.662109375 0.123046875 0.025390625 0.04296875
0 0.5341796875 0.3056640625 0.041015625 0.0888671875