0 0.8515625 0.6083984375 0.130859375 0.2529296875
0 0.716796875 0.244140625 0.037109375 0.0654296875
0 0.8046875 0.8984375 0.1357421875 0.203125
0 0.7060546875 0.1474609375 0.02734375 0.044921875
0 0.58203125 0.171875 0.033203125 0.046875
0 0.6533203125 0.2265625 0.0283203125 0.056640625
0 0.759765625 0.1591796875 0.033203125 0.056640625
0 0.6591796875 0.1552734375 0.029296875 0.046875
0 0.5244140625 0.3525390625 0.0498046875 0.1025390625
0 0.671875 0.080078125 0.0224609375 0.0361328125
0 0.6259765625 0.07421875 0.0224609375 0.03515625
0 0.501953125 0.6787109375 0.0791015625 0.2431640625
0 0.5029296875 0.6796875 0.0791015625 0.244140625