0 0.279296875 0.2626953125 0.0380859375 0.068359375
0 0.376953125 0.08203125 0.0224609375 0.0361328125
0 0.2919921875 0.1572265625 0.029296875 0.0458984375
0 0.498046875 0.744140625 0.0849609375 0.28515625
0 0.421875 0.181640625 0.0302734375 0.048828125
0 0.3408203125 0.1669921875 0.029296875 0.0517578125
0 0.107421875 0.689453125 0.1640625 0.2919921875
0 0.240234375 0.16015625 0.0341796875 0.056640625
0 0.48046875 0.369140625 0.0498046875 0.1142578125
0 0.3466796875 0.244140625 0.029296875 0.0654296875
0 0.3291015625 0.0869140625 0.025390625 0.0419921875
0 0.498046875 0.7431640625 0.0849609375 0.2861328125