0 0.62109375 0.0908203125 0.021484375 0.0361328125
0 0.708984375 0.166015625 0.029296875 0.052734375
0 0.7236328125 0.2822265625 0.041015625 0.072265625
0 0.921875 0.7919921875 0.15625 0.3515625
0 0.5029296875 0.830078125 0.095703125 0.3251953125
0 0.658203125 0.1787109375 0.0322265625 0.0498046875
0 0.759765625 0.1591796875 0.0341796875 0.056640625
0 0.572265625 0.1953125 0.033203125 0.052734375
0 0.669921875 0.0927734375 0.025390625 0.0400390625
0 0.6552734375 0.265625 0.029296875 0.06640625
0 0.5166015625 0.392578125 0.0517578125 0.1162109375