0 0.37890625 0.0908203125 0.021484375 0.0361328125
0 0.291015625 0.166015625 0.029296875 0.052734375
0 0.2763671875 0.2822265625 0.041015625 0.072265625
0 0.078125 0.7919921875 0.15625 0.3515625
0 0.4970703125 0.830078125 0.095703125 0.3251953125
0 0.341796875 0.1787109375 0.0322265625 0.0498046875
0 0.240234375 0.1591796875 0.0341796875 0.056640625
0 0.427734375 0.1953125 0.033203125 0.052734375
0 0.330078125 0.0927734375 0.025390625 0.0400390625
0 0.3447265625 0.265625 0.029296875 0.06640625
0 0.4833984375 0.392578125 0.0517578125 0.1162109375