0 0.7431640625 0.345703125 0.048828125 0.0927734375
0 0.5791015625 0.1904296875 0.03125 0.052734375
0 0.6611328125 0.19140625 0.0341796875 0.0615234375
0 0.8984375 0.7529296875 0.1396484375 0.236328125
0 0.759765625 0.16015625 0.033203125 0.0556640625
0 0.6826171875 0.431640625 0.056640625 0.08984375
0 0.78125 0.859375 0.11328125 0.2607421875
0 0.671875 0.0703125 0.021484375 0.0361328125
0 0.513671875 0.359375 0.0498046875 0.0888671875
0 0.48828125 0.7890625 0.083984375 0.2919921875
0 0.78125 0.859375 0.11328125 0.2607421875
0 0.54296875 0.7177734375 0.0380859375 0.044921875