0 0.9560546875 0.9130859375 0.087890625 0.169921875
0 0.6591796875 0.22265625 0.03515625 0.068359375
0 0.6689453125 0.0849609375 0.0244140625 0.0419921875
0 0.767578125 0.43359375 0.0556640625 0.0732421875
0 0.759765625 0.1591796875 0.033203125 0.0556640625
0 0.568359375 0.2158203125 0.03515625 0.052734375
0 0.7080078125 0.525390625 0.0712890625 0.154296875
0 0.767578125 0.4189453125 0.056640625 0.1015625
0 0.501953125 0.40234375 0.056640625 0.10546875
0 0.7568359375 0.388671875 0.05859375 0.080078125
0 0.48828125 0.900390625 0.0849609375 0.1962890625
0 0.75 0.3876953125 0.04296875 0.0751953125