0 0.21484375 0.642578125 0.068359375 0.080078125
0 0.5546875 0.4765625 0.029296875 0.0419921875
0 0.6513671875 0.5830078125 0.048828125 0.0712890625
0 0.3271484375 0.8857421875 0.1201171875 0.2197265625
0 0.3916015625 0.57421875 0.041015625 0.0615234375
0 0.4326171875 0.513671875 0.0341796875 0.048828125
0 0.6796875 0.5302734375 0.0390625 0.052734375
0 0.69921875 0.912109375 0.1171875 0.1748046875
0 0.373046875 0.525390625 0.0390625 0.0517578125
0 0.162109375 0.84375 0.15234375 0.2275390625
0 0.1611328125 0.8427734375 0.15234375 0.2294921875
0 0.318359375 0.5126953125 0.037109375 0.052734375
0 0.59765625 0.4228515625 0.0185546875 0.0234375
0 0.4140625 0.4404296875 0.021484375 0.0361328125