0 0.296875 0.6748046875 0.068359375 0.099609375
0 0.435546875 0.5087890625 0.0361328125 0.0556640625
0 0.564453125 0.498046875 0.029296875 0.046875
0 0.279296875 0.578125 0.044921875 0.0654296875
0 0.75390625 0.60546875 0.060546875 0.0732421875
0 0.595703125 0.548828125 0.0380859375 0.0517578125
0 0.6435546875 0.7724609375 0.09375 0.1650390625
0 0.6171875 0.5107421875 0.0361328125 0.046875
0 0.7802734375 0.751953125 0.115234375 0.1669921875
0 0.392578125 0.439453125 0.021484375 0.025390625
0 0.666015625 0.4931640625 0.0361328125 0.048828125
0 0.58203125 0.4345703125 0.0244140625 0.0390625