0 0.703125 0.6748046875 0.068359375 0.099609375
0 0.564453125 0.5087890625 0.0361328125 0.0556640625
0 0.435546875 0.498046875 0.029296875 0.046875
0 0.720703125 0.578125 0.044921875 0.0654296875
0 0.24609375 0.60546875 0.060546875 0.0732421875
0 0.404296875 0.548828125 0.0380859375 0.0517578125
0 0.3564453125 0.7724609375 0.09375 0.1650390625
0 0.3828125 0.5107421875 0.0361328125 0.046875
0 0.2197265625 0.751953125 0.115234375 0.1669921875
0 0.607421875 0.439453125 0.021484375 0.025390625
0 0.333984375 0.4931640625 0.0361328125 0.048828125
0 0.41796875 0.4345703125 0.0244140625 0.0390625