0 0.8095703125 0.861328125 0.1201171875 0.1767578125
0 0.58203125 0.5615234375 0.04296875 0.068359375
0 0.416015625 0.5283203125 0.0322265625 0.046875
0 0.7861328125 0.658203125 0.072265625 0.0927734375
0 0.0546875 0.9306640625 0.107421875 0.1337890625
0 0.3896484375 0.4990234375 0.037109375 0.046875
0 0.26953125 0.576171875 0.05078125 0.068359375
0 0.37890625 0.6982421875 0.0703125 0.134765625
0 0.259765625 0.6865234375 0.091796875 0.1376953125
0 0.439453125 0.486328125 0.029296875 0.0419921875
0 0.259765625 0.6865234375 0.0908203125 0.134765625
0 0.6201171875 0.44921875 0.021484375 0.0302734375