0 0.380859375 0.09765625 0.025390625 0.0419921875
0 0.3046875 0.234375 0.0361328125 0.0634765625
0 0.45703125 0.283203125 0.046875 0.1015625
0 0.330078125 0.3857421875 0.0556640625 0.109375
0 0.3583984375 0.044921875 0.0224609375 0.0322265625
0 0.2392578125 0.16015625 0.03515625 0.0537109375
0 0.1689453125 0.5263671875 0.2490234375 0.6015625
0 0.29296875 0.1171875 0.02734375 0.044921875
0 0.3232421875 0.0400390625 0.0244140625 0.0361328125
0 0.33984375 0.140625 0.0322265625 0.0634765625
0 0.1689453125 0.5263671875 0.2470703125 0.5986328125