0 0.693359375 0.29296875 0.0390625 0.0791015625
0 0.859375 0.638671875 0.279296875 0.7099609375
0 0.70703125 0.1416015625 0.02734375 0.046875
0 0.76171875 0.16015625 0.033203125 0.0537109375
0 0.609375 0.1220703125 0.025390625 0.04296875
0 0.53125 0.328125 0.05078125 0.1142578125
0 0.6337890625 0.0595703125 0.0234375 0.0322265625
0 0.6884765625 0.5087890625 0.072265625 0.150390625
0 0.8603515625 0.6357421875 0.279296875 0.7177734375
0 0.65625 0.1708984375 0.0361328125 0.0791015625
0 0.6728515625 0.056640625 0.021484375 0.0322265625