0 0.884765625 0.7080078125 0.228515625 0.5625
0 0.7099609375 0.2392578125 0.0341796875 0.068359375
0 0.6572265625 0.2783203125 0.048828125 0.1552734375
0 0.705078125 0.4990234375 0.0634765625 0.1455078125
0 0.76171875 0.1591796875 0.0341796875 0.0537109375
0 0.5791015625 0.1953125 0.0341796875 0.05859375
0 0.0810546875 0.5458984375 0.103515625 0.1376953125
0 0.6162109375 0.09765625 0.029296875 0.056640625
0 0.666015625 0.1044921875 0.0302734375 0.0537109375
0 0.7880859375 0.9287109375 0.125 0.1357421875
0 0.51171875 0.4560546875 0.0595703125 0.1640625
0 0.51171875 0.4599609375 0.0615234375 0.162109375
0 0.6376953125 0.046875 0.02734375 0.0517578125
0 0.7080078125 0.060546875 0.0234375 0.048828125