0 0.888671875 0.716796875 0.2216796875 0.5498046875
0 0.7109375 0.25390625 0.03515625 0.06640625
0 0.658203125 0.2958984375 0.0498046875 0.1640625
0 0.7080078125 0.525390625 0.068359375 0.1572265625
0 0.7607421875 0.16015625 0.0341796875 0.0537109375
0 0.103515625 0.5751953125 0.1083984375 0.1640625
0 0.6142578125 0.1044921875 0.0302734375 0.0517578125
0 0.6650390625 0.111328125 0.0302734375 0.0556640625
0 0.509765625 0.4736328125 0.064453125 0.16796875
0 0.634765625 0.048828125 0.02734375 0.0498046875
0 0.5751953125 0.205078125 0.0361328125 0.0595703125
0 0.7080078125 0.0634765625 0.025390625 0.052734375
0 0.6357421875 0.048828125 0.0263671875 0.0498046875