0 0.201171875 0.732421875 0.099609375 0.109375
0 0.41015625 0.587890625 0.0517578125 0.0888671875
0 0.7314453125 0.9365234375 0.1328125 0.1259765625
0 0.6748046875 0.515625 0.03125 0.0458984375
0 0.3232421875 0.5869140625 0.0595703125 0.095703125
0 0.5869140625 0.4541015625 0.0244140625 0.037109375
0 0.404296875 0.4736328125 0.033203125 0.04296875
0 0.44921875 0.462890625 0.0224609375 0.0390625
0 0.3125 0.5205078125 0.037109375 0.0498046875
0 0.431640625 0.49609375 0.0302734375 0.04296875
0 0.369140625 0.455078125 0.029296875 0.0390625
0 0.5556640625 0.4013671875 0.013671875 0.0224609375