0 0.099609375 0.74609375 0.197265625 0.494140625
0 0.818359375 0.8056640625 0.119140625 0.2705078125
0 0.49609375 0.52734375 0.06640625 0.1875
0 0.44140625 0.24609375 0.0400390625 0.0751953125
0 0.279296875 0.3115234375 0.04296875 0.087890625
0 0.3388671875 0.1494140625 0.037109375 0.0712890625
0 0.33203125 0.3642578125 0.0634765625 0.2099609375
0 0.3974609375 0.1337890625 0.033203125 0.056640625
0 0.28125 0.6201171875 0.078125 0.1884765625
0 0.23828125 0.1591796875 0.0361328125 0.0537109375
0 0.2939453125 0.0927734375 0.0263671875 0.0517578125
0 0.32421875 0.0654296875 0.029296875 0.0458984375