0 0.796875 0.8681640625 0.1123046875 0.2607421875
0 0.095703125 0.75390625 0.1904296875 0.4794921875
0 0.49609375 0.537109375 0.0673828125 0.1904296875
0 0.328125 0.3857421875 0.0703125 0.22265625
0 0.2744140625 0.328125 0.046875 0.0986328125
0 0.23828125 0.1591796875 0.0361328125 0.052734375
0 0.33984375 0.16015625 0.037109375 0.0712890625
0 0.3994140625 0.138671875 0.033203125 0.0625
0 0.4453125 0.25390625 0.0390625 0.078125
0 0.2763671875 0.638671875 0.0830078125 0.1962890625
0 0.326171875 0.0712890625 0.025390625 0.0390625
0 0.3759765625 0.0751953125 0.0322265625 0.0595703125