0 0.908203125 0.763671875 0.181640625 0.4580078125
0 0.6767578125 0.419921875 0.0732421875 0.2412109375
0 0.5009765625 0.5615234375 0.068359375 0.2001953125
0 0.728515625 0.669921875 0.0927734375 0.2041015625
0 0.59375 0.15234375 0.033203125 0.0625
0 0.6708984375 0.0830078125 0.0234375 0.0419921875
0 0.7373046875 0.3662109375 0.052734375 0.1083984375
0 0.76171875 0.158203125 0.037109375 0.052734375
0 0.5478515625 0.275390625 0.041015625 0.0791015625
0 0.619140625 0.087890625 0.033203125 0.0625
0 0.6591796875 0.1796875 0.0380859375 0.0791015625
0 0.7060546875 0.109375 0.0302734375 0.0556640625