0 0.734375 0.70703125 0.1005859375 0.22265625
0 0.68359375 0.4638671875 0.08203125 0.2607421875
0 0.5380859375 0.3095703125 0.0458984375 0.08984375
0 0.76171875 0.1591796875 0.037109375 0.0537109375
0 0.919921875 0.7900390625 0.16015625 0.404296875
0 0.70703125 0.1357421875 0.0302734375 0.0615234375
0 0.666015625 0.1083984375 0.02734375 0.0458984375
0 0.4990234375 0.60546875 0.072265625 0.22265625
0 0.76953125 0.447265625 0.064453125 0.134765625
0 0.66015625 0.2275390625 0.044921875 0.095703125
0 0.4990234375 0.60546875 0.0693359375 0.2236328125
0 0.6083984375 0.1103515625 0.0380859375 0.072265625