0 0.734375 0.7158203125 0.0986328125 0.2265625
0 0.685546875 0.4697265625 0.083984375 0.2626953125
0 0.53515625 0.31640625 0.0478515625 0.0947265625
0 0.76171875 0.158203125 0.037109375 0.052734375
0 0.921875 0.798828125 0.1552734375 0.39453125
0 0.771484375 0.462890625 0.0810546875 0.150390625
0 0.7060546875 0.1416015625 0.03125 0.0634765625
0 0.498046875 0.61328125 0.0732421875 0.220703125
0 0.4990234375 0.6142578125 0.072265625 0.220703125
0 0.666015625 0.119140625 0.029296875 0.048828125
0 0.6708984375 0.0615234375 0.021484375 0.03515625
0 0.66015625 0.236328125 0.044921875 0.0986328125
0 0.60546875 0.115234375 0.0380859375 0.076171875
0 0.60546875 0.1162109375 0.037109375 0.0751953125
0 0.58203125 0.189453125 0.0380859375 0.0791015625