0 0.7353515625 0.7255859375 0.0986328125 0.2275390625
0 0.6875 0.4755859375 0.0888671875 0.265625
0 0.9248046875 0.806640625 0.150390625 0.37890625
0 0.4970703125 0.6240234375 0.0732421875 0.2275390625
0 0.7607421875 0.158203125 0.037109375 0.0537109375
0 0.779296875 0.482421875 0.083984375 0.16015625
0 0.669921875 0.0654296875 0.0224609375 0.033203125
0 0.70703125 0.1494140625 0.03125 0.0625
0 0.533203125 0.3232421875 0.04296875 0.095703125
0 0.6640625 0.1259765625 0.0283203125 0.048828125
0 0.6591796875 0.248046875 0.046875 0.0986328125
0 0.580078125 0.1962890625 0.0400390625 0.0791015625
0 0.603515625 0.12109375 0.0400390625 0.08203125