0 0.2646484375 0.7255859375 0.0986328125 0.2275390625
0 0.3125 0.4755859375 0.0888671875 0.265625
0 0.0751953125 0.806640625 0.150390625 0.37890625
0 0.5029296875 0.6240234375 0.0732421875 0.2275390625
0 0.2392578125 0.158203125 0.037109375 0.0537109375
0 0.220703125 0.482421875 0.083984375 0.16015625
0 0.330078125 0.0654296875 0.0224609375 0.033203125
0 0.29296875 0.1494140625 0.03125 0.0625
0 0.466796875 0.3232421875 0.04296875 0.095703125
0 0.3359375 0.1259765625 0.0283203125 0.048828125
0 0.3408203125 0.248046875 0.046875 0.0986328125
0 0.419921875 0.1962890625 0.0400390625 0.0791015625
0 0.396484375 0.12109375 0.0400390625 0.08203125