0 0.30859375 0.498046875 0.091796875 0.2802734375
0 0.2578125 0.7578125 0.099609375 0.240234375
0 0.474609375 0.3544921875 0.05078125 0.1025390625
0 0.341796875 0.158203125 0.0302734375 0.0517578125
0 0.2392578125 0.1591796875 0.03515625 0.0537109375
0 0.0615234375 0.8330078125 0.123046875 0.328125
0 0.50390625 0.6484375 0.076171875 0.2392578125
0 0.1875 0.5625 0.1025390625 0.1865234375
0 0.3330078125 0.087890625 0.0244140625 0.0390625
0 0.33984375 0.29296875 0.048828125 0.1162109375
0 0.291015625 0.181640625 0.03515625 0.0732421875
0 0.4287109375 0.224609375 0.0419921875 0.087890625
0 0.4072265625 0.1474609375 0.04296875 0.072265625