0 0.69140625 0.498046875 0.091796875 0.2802734375
0 0.7421875 0.7578125 0.099609375 0.240234375
0 0.525390625 0.3544921875 0.05078125 0.1025390625
0 0.658203125 0.158203125 0.0302734375 0.0517578125
0 0.7607421875 0.1591796875 0.03515625 0.0537109375
0 0.9384765625 0.8330078125 0.123046875 0.328125
0 0.49609375 0.6484375 0.076171875 0.2392578125
0 0.8125 0.5625 0.1025390625 0.1865234375
0 0.6669921875 0.087890625 0.0244140625 0.0390625
0 0.66015625 0.29296875 0.048828125 0.1162109375
0 0.708984375 0.181640625 0.03515625 0.0732421875
0 0.5712890625 0.224609375 0.0419921875 0.087890625
0 0.5927734375 0.1474609375 0.04296875 0.072265625