0 0.744140625 0.765625 0.099609375 0.25
0 0.6923828125 0.501953125 0.091796875 0.283203125
0 0.6591796875 0.1669921875 0.03125 0.0556640625
0 0.7607421875 0.1591796875 0.03515625 0.0537109375
0 0.4970703125 0.650390625 0.076171875 0.2392578125
0 0.525390625 0.359375 0.0498046875 0.107421875
0 0.94140625 0.8466796875 0.115234375 0.3056640625
0 0.568359375 0.232421875 0.044921875 0.0791015625
0 0.8193359375 0.583984375 0.10546875 0.1904296875
0 0.6611328125 0.30078125 0.048828125 0.115234375
0 0.666015625 0.09375 0.021484375 0.037109375
0 0.7099609375 0.1884765625 0.037109375 0.076171875