0 0.7470703125 0.7900390625 0.1064453125 0.255859375
0 0.6943359375 0.5087890625 0.0947265625 0.2861328125
0 0.65625 0.19140625 0.03515625 0.0537109375
0 0.49609375 0.6591796875 0.076171875 0.24609375
0 0.7607421875 0.1591796875 0.03515625 0.0537109375
0 0.6611328125 0.1103515625 0.0234375 0.0458984375
0 0.845703125 0.642578125 0.1181640625 0.2138671875
0 0.708984375 0.107421875 0.021484375 0.03515625
0 0.716796875 0.21484375 0.04296875 0.0791015625
0 0.5244140625 0.3759765625 0.0498046875 0.115234375
0 0.6611328125 0.3193359375 0.052734375 0.1220703125
0 0.5625 0.24609375 0.0458984375 0.09765625
0 0.5625 0.24609375 0.0478515625 0.1015625
0 0.5859375 0.1640625 0.048828125 0.078125