0 0.251953125 0.7978515625 0.109375 0.259765625
0 0.306640625 0.5107421875 0.0927734375 0.2890625
0 0.3447265625 0.19921875 0.03515625 0.0556640625
0 0.4775390625 0.3837890625 0.048828125 0.1123046875
0 0.2392578125 0.16015625 0.0341796875 0.0537109375
0 0.3388671875 0.1171875 0.0244140625 0.044921875
0 0.28515625 0.220703125 0.0419921875 0.0849609375
0 0.3369140625 0.3251953125 0.0556640625 0.125
0 0.50390625 0.66015625 0.0771484375 0.24609375
0 0.291015625 0.111328125 0.0244140625 0.0400390625
0 0.146484375 0.6611328125 0.123046875 0.2197265625
0 0.439453125 0.2509765625 0.0439453125 0.095703125
0 0.416015625 0.16796875 0.05078125 0.0849609375