0 0.248046875 0.828125 0.1142578125 0.2734375
0 0.3046875 0.5146484375 0.095703125 0.2900390625
0 0.341796875 0.1376953125 0.029296875 0.0498046875
0 0.4794921875 0.3974609375 0.05078125 0.1181640625
0 0.2802734375 0.2470703125 0.0458984375 0.095703125
0 0.345703125 0.220703125 0.037109375 0.0625
0 0.2392578125 0.16015625 0.0341796875 0.0556640625
0 0.1201171875 0.724609375 0.1376953125 0.2509765625
0 0.9208984375 0.50390625 0.068359375 0.099609375
0 0.291015625 0.12890625 0.025390625 0.0419921875
0 0.50390625 0.666015625 0.078125 0.25
0 0.419921875 0.177734375 0.0546875 0.091796875
0 0.4423828125 0.267578125 0.0498046875 0.1044921875
0 0.3359375 0.3408203125 0.056640625 0.1318359375
0 0.3359375 0.341796875 0.0576171875 0.1318359375