0 0.24609375 0.83984375 0.115234375 0.27734375
0 0.3046875 0.5166015625 0.095703125 0.2900390625
0 0.48046875 0.40234375 0.052734375 0.12109375
0 0.2900390625 0.1337890625 0.02734375 0.0419921875
0 0.9111328125 0.5205078125 0.08984375 0.1357421875
0 0.2783203125 0.2578125 0.0478515625 0.09765625
0 0.3427734375 0.142578125 0.029296875 0.048828125
0 0.2392578125 0.16015625 0.0341796875 0.0537109375
0 0.345703125 0.2275390625 0.037109375 0.068359375
0 0.50390625 0.6669921875 0.0771484375 0.2490234375
0 0.109375 0.748046875 0.142578125 0.2607421875
0 0.421875 0.1826171875 0.0517578125 0.08203125
0 0.3359375 0.3427734375 0.056640625 0.1337890625
0 0.3359375 0.3447265625 0.0576171875 0.12890625
0 0.4453125 0.2734375 0.052734375 0.1083984375