0 0.2431640625 0.8525390625 0.119140625 0.283203125
0 0.3046875 0.5166015625 0.0966796875 0.2900390625
0 0.48046875 0.4072265625 0.052734375 0.12109375
0 0.2890625 0.1376953125 0.0283203125 0.04296875
0 0.890625 0.548828125 0.095703125 0.16015625
0 0.1005859375 0.767578125 0.1484375 0.267578125
0 0.2392578125 0.16015625 0.03515625 0.0556640625
0 0.50390625 0.6689453125 0.0771484375 0.25
0 0.4228515625 0.1826171875 0.0517578125 0.0849609375
0 0.345703125 0.234375 0.03515625 0.068359375
0 0.275390625 0.267578125 0.046875 0.09765625
0 0.3349609375 0.34765625 0.0576171875 0.1259765625
0 0.34375 0.150390625 0.0302734375 0.052734375