0 0.7666015625 0.869140625 0.1240234375 0.2607421875
0 0.6953125 0.5205078125 0.09765625 0.298828125
0 0.712890625 0.150390625 0.029296875 0.048828125
0 0.7607421875 0.1591796875 0.033203125 0.0556640625
0 0.654296875 0.25 0.03515625 0.068359375
0 0.919921875 0.81640625 0.16015625 0.29296875
0 0.7294921875 0.287109375 0.0517578125 0.10546875
0 0.576171875 0.1875 0.0537109375 0.0986328125
0 0.6552734375 0.1611328125 0.0283203125 0.052734375
0 0.1484375 0.6298828125 0.099609375 0.1875
0 0.49609375 0.671875 0.0771484375 0.2509765625
0 0.5185546875 0.4150390625 0.0517578125 0.1220703125
0 0.666015625 0.3525390625 0.056640625 0.1240234375
0 0.5498046875 0.28515625 0.048828125 0.109375
0 0.708984375 0.0576171875 0.021484375 0.0400390625