0 0.2275390625 0.88671875 0.1298828125 0.2265625
0 0.287109375 0.1640625 0.029296875 0.048828125
0 0.3017578125 0.52734375 0.1005859375 0.3017578125
0 0.0712890625 0.8525390625 0.142578125 0.283203125
0 0.814453125 0.7490234375 0.1044921875 0.234375
0 0.2392578125 0.1591796875 0.033203125 0.0537109375
0 0.4814453125 0.421875 0.052734375 0.1220703125
0 0.42578125 0.1962890625 0.052734375 0.1025390625
0 0.2646484375 0.3076171875 0.0556640625 0.1123046875
0 0.345703125 0.171875 0.0283203125 0.05859375
0 0.5048828125 0.6748046875 0.0771484375 0.2509765625
0 0.3447265625 0.251953125 0.033203125 0.0556640625
0 0.333984375 0.357421875 0.0556640625 0.1337890625
0 0.453125 0.291015625 0.048828125 0.109375