0 0.28125 0.1982421875 0.033203125 0.0615234375
0 0.2431640625 0.3662109375 0.0703125 0.1357421875
0 0.2021484375 0.9599609375 0.111328125 0.0791015625
0 0.34765625 0.2021484375 0.03125 0.0625
0 0.4833984375 0.435546875 0.052734375 0.1337890625
0 0.294921875 0.5654296875 0.111328125 0.3251953125
0 0.04296875 0.9267578125 0.083984375 0.1455078125
0 0.427734375 0.1982421875 0.0546875 0.1025390625
0 0.2392578125 0.16015625 0.033203125 0.0556640625
0 0.3310546875 0.3623046875 0.0625 0.130859375
0 0.328125 0.06640625 0.0244140625 0.0595703125
0 0.505859375 0.681640625 0.0771484375 0.25390625
0 0.458984375 0.3076171875 0.052734375 0.1181640625
0 0.291015625 0.09765625 0.0234375 0.0390625
0 0.4580078125 0.30859375 0.0498046875 0.119140625
0 0.34375 0.2724609375 0.0341796875 0.0498046875