0 0.2783203125 0.212890625 0.037109375 0.0615234375
0 0.34765625 0.2080078125 0.0322265625 0.0625
0 0.482421875 0.4423828125 0.0537109375 0.1318359375
0 0.9111328125 0.51953125 0.0947265625 0.134765625
0 0.2392578125 0.1591796875 0.033203125 0.0537109375
0 0.2880859375 0.5859375 0.119140625 0.345703125
0 0.4599609375 0.3154296875 0.0537109375 0.1181640625
0 0.236328125 0.3896484375 0.072265625 0.142578125
0 0.291015625 0.107421875 0.0263671875 0.04296875
0 0.427734375 0.201171875 0.0546875 0.10546875
0 0.505859375 0.68359375 0.0791015625 0.255859375
0 0.458984375 0.31640625 0.0517578125 0.1162109375
0 0.33203125 0.365234375 0.0595703125 0.1337890625