0 0.728515625 0.267578125 0.0439453125 0.078125
0 0.515625 0.462890625 0.0556640625 0.1376953125
0 0.2158203125 0.8994140625 0.126953125 0.201171875
0 0.7607421875 0.16015625 0.0341796875 0.0556640625
0 0.7998046875 0.484375 0.091796875 0.1787109375
0 0.5703125 0.2099609375 0.05859375 0.109375
0 0.6572265625 0.2998046875 0.041015625 0.0732421875
0 0.6513671875 0.2275390625 0.0341796875 0.068359375
0 0.67578125 0.412109375 0.06640625 0.162109375
0 0.7451171875 0.7060546875 0.1513671875 0.431640625
0 0.537109375 0.3359375 0.052734375 0.125
0 0.7080078125 0.1494140625 0.02734375 0.046875
0 0.5361328125 0.3369140625 0.052734375 0.125
0 0.724609375 0.4111328125 0.03125 0.08984375