0 0.2490234375 0.732421875 0.1572265625 0.45703125
0 0.26953125 0.2744140625 0.044921875 0.0791015625
0 0.484375 0.466796875 0.056640625 0.138671875
0 0.2392578125 0.16015625 0.033203125 0.0537109375
0 0.341796875 0.3037109375 0.0419921875 0.0791015625
0 0.4306640625 0.2109375 0.056640625 0.1083984375
0 0.3486328125 0.2275390625 0.03515625 0.068359375
0 0.46484375 0.33984375 0.052734375 0.125
0 0.1943359375 0.4990234375 0.095703125 0.18359375
0 0.2919921875 0.154296875 0.0283203125 0.046875
0 0.322265625 0.42578125 0.0693359375 0.1640625
0 0.322265625 0.423828125 0.0703125 0.162109375
0 0.1953125 0.5 0.095703125 0.18359375
0 0.5068359375 0.7060546875 0.0810546875 0.2666015625
0 0.7763671875 0.951171875 0.103515625 0.09765625