0 0.484375 0.46875 0.056640625 0.138671875
0 0.341796875 0.30859375 0.04296875 0.08203125
0 0.2392578125 0.16015625 0.0341796875 0.0556640625
0 0.2666015625 0.283203125 0.044921875 0.078125
0 0.1884765625 0.5146484375 0.099609375 0.193359375
0 0.322265625 0.435546875 0.0751953125 0.1669921875
0 0.2919921875 0.158203125 0.029296875 0.0517578125
0 0.349609375 0.2314453125 0.03515625 0.068359375
0 0.431640625 0.2099609375 0.0576171875 0.1123046875
0 0.2412109375 0.7578125 0.16796875 0.470703125
0 0.46484375 0.341796875 0.052734375 0.125
0 0.5068359375 0.7177734375 0.0830078125 0.2724609375
0 0.4658203125 0.3427734375 0.0537109375 0.1259765625
0 0.2421875 0.7578125 0.1669921875 0.470703125
0 0.3203125 0.03125 0.0185546875 0.0498046875