0 0.341796875 0.328125 0.044921875 0.08984375
0 0.193359375 0.818359375 0.205078125 0.35546875
0 0.2568359375 0.3310546875 0.0517578125 0.091796875
0 0.15234375 0.6025390625 0.119140625 0.23046875
0 0.2392578125 0.1591796875 0.03515625 0.0537109375
0 0.4853515625 0.49609375 0.0576171875 0.150390625
0 0.3486328125 0.240234375 0.0361328125 0.0732421875
0 0.2236328125 0.595703125 0.0439453125 0.095703125
0 0.2900390625 0.1923828125 0.033203125 0.0556640625
0 0.4345703125 0.2158203125 0.0595703125 0.109375
0 0.3056640625 0.498046875 0.08984375 0.197265625
0 0.15234375 0.6025390625 0.119140625 0.2294921875
0 0.4697265625 0.35546875 0.056640625 0.130859375
0 0.470703125 0.3564453125 0.0576171875 0.1318359375
0 0.509765625 0.8330078125 0.0947265625 0.330078125
0 0.2890625 0.12890625 0.02734375 0.037109375