0 0.341796875 0.333984375 0.0458984375 0.0986328125
0 0.1826171875 0.8330078125 0.208984375 0.3232421875
0 0.2392578125 0.1591796875 0.0341796875 0.0537109375
0 0.484375 0.505859375 0.05859375 0.15234375
0 0.3486328125 0.2421875 0.0361328125 0.072265625
0 0.25390625 0.3408203125 0.052734375 0.0947265625
0 0.291015625 0.19921875 0.033203125 0.0517578125
0 0.302734375 0.513671875 0.0927734375 0.20703125
0 0.4345703125 0.2177734375 0.0595703125 0.109375
0 0.1455078125 0.625 0.12890625 0.2412109375
0 0.470703125 0.3583984375 0.056640625 0.12890625
0 0.2119140625 0.630859375 0.044921875 0.0986328125
0 0.5107421875 0.849609375 0.099609375 0.296875
0 0.287109375 0.1337890625 0.029296875 0.0390625