0 0.341796875 0.33984375 0.044921875 0.095703125
0 0.2490234375 0.3525390625 0.056640625 0.099609375
0 0.2392578125 0.16015625 0.033203125 0.0537109375
0 0.1748046875 0.849609375 0.2080078125 0.2919921875
0 0.291015625 0.205078125 0.033203125 0.0556640625
0 0.13671875 0.6435546875 0.134765625 0.25
0 0.287109375 0.13671875 0.03125 0.044921875
0 0.2998046875 0.52734375 0.09375 0.2138671875
0 0.484375 0.517578125 0.0595703125 0.150390625
0 0.349609375 0.24609375 0.0361328125 0.072265625
0 0.509765625 0.8662109375 0.1005859375 0.259765625
0 0.4716796875 0.36328125 0.056640625 0.134765625
0 0.13671875 0.64453125 0.134765625 0.2470703125
0 0.337890625 0.1337890625 0.033203125 0.0859375
0 0.17578125 0.8505859375 0.208984375 0.2958984375