0 0.3408203125 0.34765625 0.0458984375 0.0986328125
0 0.2392578125 0.16015625 0.033203125 0.0537109375
0 0.294921875 0.5458984375 0.099609375 0.2197265625
0 0.24609375 0.36328125 0.056640625 0.1015625
0 0.4853515625 0.5263671875 0.060546875 0.154296875
0 0.125 0.6669921875 0.1376953125 0.2626953125
0 0.2890625 0.2109375 0.033203125 0.05859375
0 0.349609375 0.2490234375 0.0361328125 0.072265625
0 0.1689453125 0.869140625 0.2001953125 0.2568359375
0 0.1689453125 0.87109375 0.2001953125 0.2568359375
0 0.287109375 0.142578125 0.03125 0.04296875
0 0.47265625 0.3662109375 0.056640625 0.1376953125
0 0.509765625 0.8916015625 0.099609375 0.216796875
0 0.5107421875 0.8916015625 0.1005859375 0.216796875
0 0.3388671875 0.138671875 0.033203125 0.0849609375
0 0.4365234375 0.22265625 0.0595703125 0.109375