0 0.7216796875 0.6044921875 0.111328125 0.2587890625
0 0.6591796875 0.375 0.046875 0.1083984375
0 0.8603515625 0.943359375 0.169921875 0.107421875
0 0.5126953125 0.564453125 0.064453125 0.171875
0 0.7607421875 0.16015625 0.033203125 0.0537109375
0 0.767578125 0.4013671875 0.064453125 0.1123046875
0 0.712890625 0.1572265625 0.0322265625 0.0498046875
0 0.6513671875 0.259765625 0.037109375 0.072265625
0 0.5244140625 0.3876953125 0.05859375 0.150390625
0 0.908203125 0.7451171875 0.158203125 0.2998046875
0 0.673828125 0.0654296875 0.021484375 0.044921875
0 0.7119140625 0.2314453125 0.03515625 0.0625
0 0.9091796875 0.7451171875 0.1572265625 0.2998046875
0 0.5615234375 0.2275390625 0.0576171875 0.12109375