0 0.3408203125 0.3857421875 0.0458984375 0.111328125
0 0.2392578125 0.1591796875 0.033203125 0.0537109375
0 0.2724609375 0.6259765625 0.115234375 0.2802734375
0 0.486328125 0.5751953125 0.0654296875 0.173828125
0 0.287109375 0.16015625 0.033203125 0.0517578125
0 0.130859375 0.9775390625 0.1240234375 0.044921875
0 0.2275390625 0.416015625 0.0673828125 0.119140625
0 0.349609375 0.263671875 0.0380859375 0.072265625
0 0.478515625 0.3955078125 0.0595703125 0.154296875
0 0.0810546875 0.7763671875 0.162109375 0.31640625
0 0.287109375 0.240234375 0.0341796875 0.0615234375
0 0.291015625 0.0556640625 0.0224609375 0.037109375