0 0.75 0.7275390625 0.1318359375 0.3154296875
0 0.6494140625 0.27734375 0.041015625 0.080078125
0 0.7900390625 0.4619140625 0.080078125 0.134765625
0 0.6650390625 0.427734375 0.0546875 0.1259765625
0 0.7607421875 0.1591796875 0.033203125 0.0537109375
0 0.513671875 0.5986328125 0.068359375 0.1875
0 0.71484375 0.2587890625 0.0390625 0.06640625
0 0.517578125 0.42578125 0.0625 0.169921875
0 0.935546875 0.8486328125 0.126953125 0.296875
0 0.5576171875 0.2333984375 0.05859375 0.1220703125
0 0.712890625 0.173828125 0.0341796875 0.056640625
0 0.935546875 0.84765625 0.1279296875 0.2998046875