0 0.25 0.7275390625 0.1318359375 0.3154296875
0 0.3505859375 0.27734375 0.041015625 0.080078125
0 0.2099609375 0.4619140625 0.080078125 0.134765625
0 0.3349609375 0.427734375 0.0546875 0.1259765625
0 0.2392578125 0.1591796875 0.033203125 0.0537109375
0 0.486328125 0.5986328125 0.068359375 0.1875
0 0.28515625 0.2587890625 0.0390625 0.06640625
0 0.482421875 0.42578125 0.0625 0.169921875
0 0.064453125 0.8486328125 0.126953125 0.296875
0 0.4423828125 0.2333984375 0.05859375 0.1220703125
0 0.287109375 0.173828125 0.0341796875 0.056640625
0 0.064453125 0.84765625 0.1279296875 0.2998046875