0 0.2177734375 0.826171875 0.1572265625 0.3330078125
0 0.28125 0.2822265625 0.041015625 0.0712890625
0 0.041015625 0.90234375 0.08203125 0.1865234375
0 0.3291015625 0.48046875 0.0595703125 0.1416015625
0 0.3505859375 0.296875 0.041015625 0.08203125
0 0.1875 0.5166015625 0.087890625 0.1513671875
0 0.486328125 0.611328125 0.0712890625 0.1865234375
0 0.4443359375 0.236328125 0.0625 0.125
0 0.2392578125 0.1591796875 0.033203125 0.0537109375
0 0.287109375 0.1884765625 0.0361328125 0.0634765625
0 0.4853515625 0.443359375 0.0634765625 0.162109375
0 0.4853515625 0.4443359375 0.0625 0.162109375