0 0.1640625 0.5791015625 0.1044921875 0.1806640625
0 0.3505859375 0.322265625 0.04296875 0.0859375
0 0.486328125 0.619140625 0.072265625 0.19140625
0 0.27734375 0.310546875 0.044921875 0.08203125
0 0.3193359375 0.544921875 0.068359375 0.1650390625
0 0.2392578125 0.1591796875 0.0341796875 0.0537109375
0 0.447265625 0.2490234375 0.064453125 0.1318359375
0 0.2880859375 0.2060546875 0.03515625 0.068359375
0 0.4873046875 0.4580078125 0.064453125 0.16796875
0 0.177734375 0.8984375 0.173828125 0.1982421875
0 0.177734375 0.8984375 0.173828125 0.201171875
0 0.919921875 0.517578125 0.083984375 0.119140625
0 0.29296875 0.1005859375 0.0224609375 0.033203125
0 0.9326171875 0.505859375 0.107421875 0.1484375