0 0.263671875 0.3603515625 0.0546875 0.09765625
0 0.28515625 0.2392578125 0.0400390625 0.0732421875
0 0.486328125 0.619140625 0.072265625 0.1904296875
0 0.103515625 0.7158203125 0.134765625 0.236328125
0 0.2392578125 0.1591796875 0.033203125 0.0537109375
0 0.4560546875 0.2705078125 0.0634765625 0.1376953125
0 0.8017578125 0.71484375 0.1220703125 0.2587890625
0 0.48828125 0.4541015625 0.064453125 0.1640625
0 0.2958984375 0.6923828125 0.0966796875 0.2294921875
0 0.3447265625 0.3828125 0.0498046875 0.111328125
0 0.29296875 0.125 0.0244140625 0.0390625
0 0.3447265625 0.3828125 0.048828125 0.1123046875
0 0.48828125 0.45703125 0.064453125 0.16796875