0 0.751953125 0.8515625 0.1337890625 0.294921875
0 0.486328125 0.62109375 0.072265625 0.1904296875
0 0.2392578125 0.1591796875 0.0341796875 0.0537109375
0 0.283203125 0.2529296875 0.041015625 0.0732421875
0 0.07421875 0.7861328125 0.146484375 0.267578125
0 0.2783203125 0.7802734375 0.11328125 0.2734375
0 0.2548828125 0.38671875 0.056640625 0.099609375
0 0.458984375 0.2822265625 0.06640625 0.1474609375
0 0.48828125 0.4541015625 0.064453125 0.1640625
0 0.34375 0.2080078125 0.037109375 0.1123046875
0 0.2919921875 0.1328125 0.025390625 0.0419921875
0 0.341796875 0.4130859375 0.052734375 0.1220703125
0 0.341796875 0.4130859375 0.052734375 0.1220703125
0 0.48828125 0.45703125 0.064453125 0.16796875
0 0.3642578125 0.056640625 0.021484375 0.029296875
0 0.4033203125 0.4267578125 0.044921875 0.302734375