0 0.4873046875 0.6201171875 0.072265625 0.1904296875
0 0.23828125 0.158203125 0.0341796875 0.0537109375
0 0.037109375 0.9111328125 0.07421875 0.169921875
0 0.326171875 0.5048828125 0.068359375 0.15234375
0 0.234375 0.95703125 0.107421875 0.0859375
0 0.466796875 0.3056640625 0.0693359375 0.16015625
0 0.2744140625 0.2939453125 0.046875 0.08984375
0 0.232421875 0.455078125 0.078125 0.1279296875
0 0.2890625 0.16015625 0.029296875 0.0517578125
0 0.48828125 0.453125 0.0625 0.162109375
0 0.3427734375 0.236328125 0.0419921875 0.1240234375
0 0.373046875 0.076171875 0.025390625 0.037109375