0 0.2529296875 0.8427734375 0.123046875 0.2998046875
0 0.1328125 0.6953125 0.1337890625 0.224609375
0 0.4873046875 0.6201171875 0.072265625 0.19140625
0 0.2392578125 0.1591796875 0.03515625 0.0556640625
0 0.2353515625 0.412109375 0.072265625 0.1337890625
0 0.3369140625 0.3291015625 0.0546875 0.162109375
0 0.3916015625 0.1240234375 0.0283203125 0.0400390625
0 0.2841796875 0.228515625 0.0361328125 0.068359375
0 0.3466796875 0.2080078125 0.0322265625 0.0537109375
0 0.28515625 0.15234375 0.029296875 0.056640625
0 0.48828125 0.4541015625 0.064453125 0.1640625
0 0.470703125 0.322265625 0.068359375 0.1572265625
0 0.478515625 0.3955078125 0.080078125 0.28515625