0 0.7470703125 0.8427734375 0.123046875 0.2998046875
0 0.8671875 0.6953125 0.1337890625 0.224609375
0 0.5126953125 0.6201171875 0.072265625 0.19140625
0 0.7607421875 0.1591796875 0.03515625 0.0556640625
0 0.7646484375 0.412109375 0.072265625 0.1337890625
0 0.6630859375 0.3291015625 0.0546875 0.162109375
0 0.6083984375 0.1240234375 0.0283203125 0.0400390625
0 0.7158203125 0.228515625 0.0361328125 0.068359375
0 0.6533203125 0.2080078125 0.0322265625 0.0537109375
0 0.71484375 0.15234375 0.029296875 0.056640625
0 0.51171875 0.4541015625 0.064453125 0.1640625
0 0.529296875 0.322265625 0.068359375 0.1572265625
0 0.521484375 0.3955078125 0.080078125 0.28515625