0 0.7607421875 0.8681640625 0.130859375 0.263671875
0 0.880859375 0.73046875 0.138671875 0.2392578125
0 0.5126953125 0.6201171875 0.072265625 0.19140625
0 0.7607421875 0.158203125 0.0341796875 0.0556640625
0 0.76953125 0.4296875 0.07421875 0.1337890625
0 0.6064453125 0.1318359375 0.029296875 0.0400390625
0 0.7177734375 0.234375 0.037109375 0.06640625
0 0.65234375 0.212890625 0.033203125 0.056640625
0 0.71484375 0.15625 0.0283203125 0.05859375
0 0.6640625 0.33984375 0.056640625 0.1650390625
0 0.51171875 0.4541015625 0.0654296875 0.1640625
0 0.529296875 0.3212890625 0.068359375 0.154296875
0 0.5205078125 0.396484375 0.080078125 0.2822265625