0 0.2392578125 0.8681640625 0.130859375 0.263671875
0 0.119140625 0.73046875 0.138671875 0.2392578125
0 0.4873046875 0.6201171875 0.072265625 0.19140625
0 0.2392578125 0.158203125 0.0341796875 0.0556640625
0 0.23046875 0.4296875 0.07421875 0.1337890625
0 0.3935546875 0.1318359375 0.029296875 0.0400390625
0 0.2822265625 0.234375 0.037109375 0.06640625
0 0.34765625 0.212890625 0.033203125 0.056640625
0 0.28515625 0.15625 0.0283203125 0.05859375
0 0.3359375 0.33984375 0.056640625 0.1650390625
0 0.48828125 0.4541015625 0.0654296875 0.1640625
0 0.470703125 0.3212890625 0.068359375 0.154296875
0 0.4794921875 0.396484375 0.080078125 0.2822265625