0 0.083984375 0.810546875 0.16015625 0.2802734375
0 0.22265625 0.921875 0.123046875 0.154296875
0 0.4873046875 0.6201171875 0.072265625 0.19140625
0 0.28125 0.2529296875 0.0380859375 0.0693359375
0 0.3984375 0.138671875 0.029296875 0.044921875
0 0.2392578125 0.158203125 0.033203125 0.0537109375
0 0.34765625 0.2216796875 0.0361328125 0.0615234375
0 0.216796875 0.462890625 0.08203125 0.1484375
0 0.33203125 0.3642578125 0.060546875 0.1806640625
0 0.2841796875 0.169921875 0.0302734375 0.0634765625
0 0.48828125 0.4541015625 0.0654296875 0.1640625
0 0.478515625 0.392578125 0.0810546875 0.2890625
0 0.470703125 0.3203125 0.068359375 0.154296875
0 0.33984375 0.1650390625 0.0263671875 0.0537109375