0 0.5126953125 0.6201171875 0.072265625 0.1904296875
0 0.7333984375 0.3212890625 0.05078125 0.0947265625
0 0.087890625 0.4736328125 0.171875 0.244140625
0 0.587890625 0.171875 0.0341796875 0.0556640625
0 0.8486328125 0.6298828125 0.1201171875 0.2099609375
0 0.6494140625 0.265625 0.03515625 0.0693359375
0 0.6923828125 0.4892578125 0.087890625 0.2431640625
0 0.7607421875 0.1591796875 0.033203125 0.0537109375
0 0.720703125 0.2197265625 0.037109375 0.072265625
0 0.513671875 0.4150390625 0.068359375 0.244140625
0 0.5126953125 0.453125 0.06640625 0.1650390625
0 0.71484375 0.1474609375 0.0302734375 0.048828125
0 0.619140625 0.109375 0.017578125 0.029296875
0 0.65625 0.1943359375 0.0283203125 0.0654296875
0 0.529296875 0.32421875 0.068359375 0.15234375