0 0.892578125 0.501953125 0.205078125 0.2998046875
0 0.259765625 0.345703125 0.0546875 0.1025390625
0 0.486328125 0.62109375 0.072265625 0.1904296875
0 0.125 0.69140625 0.134765625 0.236328125
0 0.3515625 0.2841796875 0.037109375 0.06640625
0 0.2392578125 0.1591796875 0.033203125 0.0537109375
0 0.27734375 0.236328125 0.0400390625 0.0791015625
0 0.296875 0.5400390625 0.0986328125 0.2724609375
0 0.28515625 0.1591796875 0.0302734375 0.046875
0 0.48828125 0.4541015625 0.064453125 0.1640625
0 0.4697265625 0.3212890625 0.068359375 0.15234375
0 0.416015625 0.18359375 0.0341796875 0.0537109375
0 0.478515625 0.3984375 0.080078125 0.27734375
0 0.3837890625 0.1162109375 0.01953125 0.0263671875
0 0.486328125 0.4150390625 0.06640625 0.2431640625