0 0.107421875 0.501953125 0.205078125 0.2998046875
0 0.740234375 0.345703125 0.0546875 0.1025390625
0 0.513671875 0.62109375 0.072265625 0.1904296875
0 0.875 0.69140625 0.134765625 0.236328125
0 0.6484375 0.2841796875 0.037109375 0.06640625
0 0.7607421875 0.1591796875 0.033203125 0.0537109375
0 0.72265625 0.236328125 0.0400390625 0.0791015625
0 0.703125 0.5400390625 0.0986328125 0.2724609375
0 0.71484375 0.1591796875 0.0302734375 0.046875
0 0.51171875 0.4541015625 0.064453125 0.1640625
0 0.5302734375 0.3212890625 0.068359375 0.15234375
0 0.583984375 0.18359375 0.0341796875 0.0537109375
0 0.521484375 0.3984375 0.080078125 0.27734375
0 0.6162109375 0.1162109375 0.01953125 0.0263671875
0 0.513671875 0.4150390625 0.06640625 0.2431640625