0 0.87890625 0.5322265625 0.220703125 0.31640625
0 0.486328125 0.6201171875 0.072265625 0.1904296875
0 0.3505859375 0.2919921875 0.037109375 0.0751953125
0 0.2568359375 0.3564453125 0.0576171875 0.10546875
0 0.2392578125 0.1591796875 0.033203125 0.0537109375
0 0.48828125 0.455078125 0.064453125 0.1640625
0 0.41796875 0.1884765625 0.033203125 0.056640625
0 0.27734375 0.244140625 0.0380859375 0.080078125
0 0.109375 0.7265625 0.1416015625 0.25390625
0 0.291015625 0.564453125 0.1044921875 0.29296875
0 0.4697265625 0.3212890625 0.068359375 0.154296875
0 0.28515625 0.1650390625 0.029296875 0.0498046875
0 0.478515625 0.4013671875 0.080078125 0.2724609375
0 0.3447265625 0.20703125 0.033203125 0.0712890625