0 0.865234375 0.5546875 0.228515625 0.3427734375
0 0.486328125 0.6201171875 0.0732421875 0.1904296875
0 0.3505859375 0.302734375 0.0400390625 0.0751953125
0 0.2392578125 0.1591796875 0.033203125 0.0537109375
0 0.2744140625 0.25390625 0.041015625 0.08203125
0 0.09375 0.7646484375 0.15234375 0.2724609375
0 0.4873046875 0.455078125 0.064453125 0.1640625
0 0.283203125 0.1708984375 0.029296875 0.052734375
0 0.419921875 0.193359375 0.037109375 0.056640625
0 0.25 0.375 0.056640625 0.10546875
0 0.4697265625 0.322265625 0.068359375 0.154296875
0 0.4794921875 0.4052734375 0.080078125 0.263671875
0 0.2802734375 0.599609375 0.1142578125 0.3037109375
0 0.2802734375 0.599609375 0.115234375 0.3056640625
0 0.38671875 0.1201171875 0.025390625 0.033203125
0 0.2138671875 0.51171875 0.021484375 0.0693359375
0 0.2490234375 0.390625 0.0537109375 0.078125