0 0.513671875 0.62109375 0.072265625 0.19140625
0 0.65234375 0.3544921875 0.044921875 0.08984375
0 0.9541015625 0.9072265625 0.091796875 0.18359375
0 0.1953125 0.673828125 0.2744140625 0.6357421875
0 0.720703125 0.205078125 0.0361328125 0.05859375
0 0.734375 0.3037109375 0.044921875 0.0986328125
0 0.703125 0.146484375 0.0263671875 0.046875
0 0.7607421875 0.1591796875 0.0341796875 0.0556640625
0 0.78125 0.80078125 0.166015625 0.392578125
0 0.5732421875 0.212890625 0.041015625 0.0595703125
0 0.5126953125 0.453125 0.0654296875 0.162109375
0 0.513671875 0.4169921875 0.0673828125 0.2373046875
0 0.771484375 0.4453125 0.07421875 0.1376953125
0 0.60546875 0.1376953125 0.025390625 0.037109375
0 0.529296875 0.3369140625 0.0654296875 0.1318359375
0 0.6533203125 0.236328125 0.033203125 0.08203125