0 0.796875 0.673828125 0.2919921875 0.634765625
0 0.3466796875 0.365234375 0.044921875 0.0927734375
0 0.203125 0.8203125 0.177734375 0.349609375
0 0.4873046875 0.6201171875 0.0712890625 0.19140625
0 0.279296875 0.212890625 0.0341796875 0.0556640625
0 0.263671875 0.3134765625 0.046875 0.1025390625
0 0.396484375 0.14453125 0.0263671875 0.0390625
0 0.22265625 0.4619140625 0.076171875 0.138671875
0 0.23828125 0.1591796875 0.033203125 0.0556640625
0 0.4814453125 0.408203125 0.078125 0.2587890625
0 0.296875 0.15234375 0.02734375 0.048828125
0 0.486328125 0.453125 0.06640625 0.1640625
0 0.4287109375 0.21484375 0.0400390625 0.0615234375
0 0.22265625 0.4638671875 0.076171875 0.138671875
0 0.3466796875 0.24609375 0.033203125 0.08203125
0 0.470703125 0.3212890625 0.06640625 0.154296875