0 0.34375 0.39453125 0.048828125 0.10546875
0 0.486328125 0.6201171875 0.0712890625 0.19140625
0 0.2958984375 0.162109375 0.029296875 0.046875
0 0.4326171875 0.2197265625 0.0419921875 0.0625
0 0.2099609375 0.4990234375 0.0849609375 0.15234375
0 0.2763671875 0.2255859375 0.037109375 0.0625
0 0.23828125 0.158203125 0.0341796875 0.0537109375
0 0.2578125 0.3349609375 0.0517578125 0.107421875
0 0.3984375 0.1484375 0.02734375 0.037109375
0 0.306640625 0.06640625 0.0205078125 0.0400390625
0 0.1328125 0.734375 0.037109375 0.1025390625
0 0.486328125 0.453125 0.06640625 0.1650390625
0 0.48046875 0.408203125 0.078125 0.2587890625
0 0.1728515625 0.8798828125 0.1865234375 0.232421875
0 0.1728515625 0.8798828125 0.185546875 0.2333984375
0 0.3466796875 0.2548828125 0.03515625 0.0849609375
0 0.470703125 0.326171875 0.0654296875 0.134765625
0 0.37890625 0.1064453125 0.0244140625 0.0390625
0 0.76953125 0.72265625 0.2880859375 0.53515625