0 0.4873046875 0.6201171875 0.072265625 0.19140625
0 0.2958984375 0.1708984375 0.029296875 0.0517578125
0 0.3427734375 0.408203125 0.048828125 0.10546875
0 0.275390625 0.234375 0.037109375 0.0654296875
0 0.4345703125 0.2216796875 0.0419921875 0.0654296875
0 0.400390625 0.15234375 0.029296875 0.037109375
0 0.1611328125 0.9150390625 0.171875 0.1650390625
0 0.203125 0.517578125 0.08984375 0.158203125
0 0.482421875 0.41015625 0.0771484375 0.255859375
0 0.2392578125 0.1591796875 0.03515625 0.0556640625
0 0.3046875 0.0732421875 0.0185546875 0.0390625
0 0.486328125 0.453125 0.0673828125 0.1669921875
0 0.25390625 0.345703125 0.0546875 0.1123046875
0 0.1162109375 0.765625 0.0458984375 0.119140625
0 0.345703125 0.2607421875 0.0361328125 0.0859375
0 0.7685546875 0.734375 0.2646484375 0.509765625
0 0.47265625 0.3388671875 0.064453125 0.1142578125
0 0.3330078125 0.09765625 0.021484375 0.03515625