0 0.5126953125 0.62109375 0.072265625 0.1904296875
0 0.8046875 0.5380859375 0.09375 0.171875
0 0.724609375 0.2421875 0.037109375 0.068359375
0 0.564453125 0.2275390625 0.041015625 0.0595703125
0 0.6591796875 0.423828125 0.05078125 0.1142578125
0 0.7607421875 0.158203125 0.033203125 0.0537109375
0 0.59765625 0.1572265625 0.0263671875 0.0390625
0 0.705078125 0.1767578125 0.029296875 0.0517578125
0 0.232421875 0.7509765625 0.244140625 0.4794921875
0 0.513671875 0.4140625 0.068359375 0.244140625
0 0.8525390625 0.9560546875 0.1455078125 0.0830078125
0 0.5126953125 0.453125 0.06640625 0.1650390625
0 0.697265625 0.0791015625 0.01953125 0.0419921875
0 0.66015625 0.443359375 0.05078125 0.076171875
0 0.654296875 0.265625 0.0380859375 0.087890625
0 0.75 0.3603515625 0.056640625 0.119140625
0 0.90625 0.81640625 0.033203125 0.107421875
0 0.529296875 0.3203125 0.0673828125 0.1513671875
0 0.66015625 0.1396484375 0.0283203125 0.0615234375
0 0.900390625 0.8095703125 0.044921875 0.119140625