0 0.1875 0.560546875 0.099609375 0.1787109375
0 0.435546875 0.2294921875 0.04296875 0.0634765625
0 0.486328125 0.6201171875 0.072265625 0.1904296875
0 0.2744140625 0.2529296875 0.037109375 0.06640625
0 0.30078125 0.083984375 0.0224609375 0.0400390625
0 0.337890625 0.44140625 0.052734375 0.1181640625
0 0.3447265625 0.275390625 0.037109375 0.087890625
0 0.23828125 0.1591796875 0.03515625 0.0537109375
0 0.24609375 0.373046875 0.056640625 0.1240234375
0 0.40234375 0.16015625 0.02734375 0.037109375
0 0.294921875 0.1826171875 0.03125 0.052734375
0 0.48828125 0.455078125 0.064453125 0.1640625
0 0.47265625 0.3369140625 0.064453125 0.107421875
0 0.4814453125 0.41015625 0.076171875 0.255859375
0 0.0830078125 0.8359375 0.0546875 0.169921875
0 0.33984375 0.1396484375 0.02734375 0.0615234375
0 0.76953125 0.76953125 0.2216796875 0.44140625