0 0.158203125 0.634765625 0.1162109375 0.2080078125
0 0.91796875 0.4990234375 0.0673828125 0.1142578125
0 0.2314453125 0.4140625 0.0703125 0.1357421875
0 0.486328125 0.62109375 0.072265625 0.1904296875
0 0.26953125 0.2822265625 0.0390625 0.0751953125
0 0.330078125 0.498046875 0.060546875 0.134765625
0 0.470703125 0.3212890625 0.06640625 0.14453125
0 0.2392578125 0.1591796875 0.033203125 0.0537109375
0 0.2939453125 0.2041015625 0.0322265625 0.0615234375
0 0.4873046875 0.455078125 0.0654296875 0.1611328125
0 0.4375 0.236328125 0.04296875 0.068359375
0 0.4052734375 0.16796875 0.029296875 0.044921875
0 0.2978515625 0.1044921875 0.025390625 0.0390625
0 0.3857421875 0.1240234375 0.02734375 0.044921875
0 0.33984375 0.140625 0.0263671875 0.072265625