0 0.259765625 0.3251953125 0.044921875 0.0859375
0 0.8671875 0.5947265625 0.103515625 0.1767578125
0 0.2900390625 0.2392578125 0.03515625 0.0732421875
0 0.486328125 0.6220703125 0.072265625 0.1875
0 0.109375 0.7509765625 0.1435546875 0.2587890625
0 0.3388671875 0.3349609375 0.0439453125 0.107421875
0 0.2958984375 0.1337890625 0.0263671875 0.0458984375
0 0.48828125 0.455078125 0.064453125 0.1611328125
0 0.4384765625 0.244140625 0.0390625 0.072265625
0 0.2392578125 0.16015625 0.033203125 0.0556640625
0 0.314453125 0.5947265625 0.078125 0.169921875
0 0.4091796875 0.1787109375 0.029296875 0.048828125
0 0.470703125 0.3212890625 0.064453125 0.1484375
0 0.205078125 0.4794921875 0.08203125 0.1572265625
0 0.1669921875 0.875 0.0302734375 0.1142578125
0 0.390625 0.1376953125 0.0263671875 0.04296875
0 0.341796875 0.1494140625 0.033203125 0.0927734375
0 0.486328125 0.4052734375 0.068359375 0.2607421875