0 0.740234375 0.3251953125 0.044921875 0.0859375
0 0.1328125 0.5947265625 0.103515625 0.1767578125
0 0.7099609375 0.2392578125 0.03515625 0.0732421875
0 0.513671875 0.6220703125 0.072265625 0.1875
0 0.890625 0.7509765625 0.1435546875 0.2587890625
0 0.6611328125 0.3349609375 0.0439453125 0.107421875
0 0.7041015625 0.1337890625 0.0263671875 0.0458984375
0 0.51171875 0.455078125 0.064453125 0.1611328125
0 0.5615234375 0.244140625 0.0390625 0.072265625
0 0.7607421875 0.16015625 0.033203125 0.0556640625
0 0.685546875 0.5947265625 0.078125 0.169921875
0 0.5908203125 0.1787109375 0.029296875 0.048828125
0 0.529296875 0.3212890625 0.064453125 0.1484375
0 0.794921875 0.4794921875 0.08203125 0.1572265625
0 0.8330078125 0.875 0.0302734375 0.1142578125
0 0.609375 0.1376953125 0.0263671875 0.04296875
0 0.658203125 0.1494140625 0.033203125 0.0927734375
0 0.513671875 0.4052734375 0.068359375 0.2607421875