0 0.287109375 0.2578125 0.03515625 0.076171875
0 0.837890625 0.662109375 0.107421875 0.201171875
0 0.2548828125 0.3447265625 0.048828125 0.08984375
0 0.08203125 0.8173828125 0.16015625 0.2919921875
0 0.486328125 0.62109375 0.072265625 0.1904296875
0 0.3359375 0.353515625 0.048828125 0.1162109375
0 0.2939453125 0.1474609375 0.029296875 0.0517578125
0 0.3017578125 0.654296875 0.087890625 0.1982421875
0 0.4384765625 0.248046875 0.037109375 0.0712890625
0 0.2392578125 0.1591796875 0.033203125 0.0556640625
0 0.1904296875 0.515625 0.0888671875 0.173828125
0 0.412109375 0.1845703125 0.03125 0.046875
0 0.486328125 0.41015625 0.0693359375 0.2509765625
0 0.4873046875 0.453125 0.0673828125 0.1650390625
0 0.3935546875 0.1416015625 0.02734375 0.0419921875
0 0.11328125 0.9716796875 0.0537109375 0.0556640625
0 0.470703125 0.3359375 0.064453125 0.1220703125
0 0.3408203125 0.1513671875 0.033203125 0.0986328125
0 0.349609375 0.2509765625 0.037109375 0.087890625