0 0.8251953125 0.705078125 0.107421875 0.2197265625
0 0.486328125 0.62109375 0.072265625 0.1884765625
0 0.0751953125 0.84765625 0.1494140625 0.2958984375
0 0.29296875 0.1572265625 0.0283203125 0.0517578125
0 0.28515625 0.2666015625 0.0361328125 0.080078125
0 0.251953125 0.3544921875 0.0498046875 0.0947265625
0 0.294921875 0.6904296875 0.095703125 0.2138671875
0 0.2392578125 0.16015625 0.033203125 0.0556640625
0 0.439453125 0.2490234375 0.0380859375 0.072265625
0 0.333984375 0.365234375 0.0498046875 0.115234375
0 0.1826171875 0.533203125 0.091796875 0.1845703125
0 0.48828125 0.4541015625 0.064453125 0.162109375
0 0.470703125 0.3369140625 0.0654296875 0.109375
0 0.412109375 0.1884765625 0.03125 0.044921875
0 0.349609375 0.2607421875 0.0380859375 0.0927734375
0 0.3935546875 0.1455078125 0.025390625 0.0419921875
0 0.3408203125 0.15234375 0.033203125 0.091796875