0 0.931640625 0.8642578125 0.13671875 0.267578125
0 0.7080078125 0.1650390625 0.0283203125 0.056640625
0 0.1875 0.75390625 0.107421875 0.2392578125
0 0.513671875 0.62109375 0.0712890625 0.1884765625
0 0.7158203125 0.27734375 0.0380859375 0.076171875
0 0.7138671875 0.73046875 0.1005859375 0.23046875
0 0.7607421875 0.1591796875 0.033203125 0.0556640625
0 0.55859375 0.2490234375 0.041015625 0.0732421875
0 0.66796875 0.380859375 0.05078125 0.119140625
0 0.7529296875 0.3681640625 0.0498046875 0.0927734375
0 0.82421875 0.5517578125 0.095703125 0.1884765625
0 0.587890625 0.189453125 0.03125 0.044921875
0 0.60546875 0.1474609375 0.025390625 0.0419921875
0 0.5146484375 0.4130859375 0.0693359375 0.244140625
0 0.513671875 0.4521484375 0.0673828125 0.1650390625
0 0.529296875 0.3359375 0.064453125 0.1142578125
0 0.650390625 0.265625 0.0380859375 0.0947265625
0 0.623046875 0.11328125 0.0244140625 0.03515625
0 0.6484375 0.0703125 0.021484375 0.033203125
0 0.6591796875 0.150390625 0.0341796875 0.0849609375