0 0.0625 0.87890625 0.125 0.2373046875
0 0.486328125 0.6201171875 0.0712890625 0.1904296875
0 0.2451171875 0.3759765625 0.0537109375 0.099609375
0 0.28125 0.2861328125 0.0390625 0.0830078125
0 0.8037109375 0.806640625 0.111328125 0.2607421875
0 0.2392578125 0.1591796875 0.033203125 0.0556640625
0 0.2900390625 0.171875 0.029296875 0.0625
0 0.4814453125 0.408203125 0.080078125 0.255859375
0 0.2763671875 0.76953125 0.111328125 0.25
0 0.44140625 0.2490234375 0.041015625 0.0751953125
0 0.16796875 0.5673828125 0.099609375 0.1943359375
0 0.330078125 0.3896484375 0.0517578125 0.1279296875
0 0.412109375 0.1884765625 0.0302734375 0.0458984375
0 0.349609375 0.275390625 0.041015625 0.08984375
0 0.3955078125 0.1484375 0.025390625 0.0419921875
0 0.4853515625 0.4453125 0.0703125 0.1787109375
0 0.4716796875 0.337890625 0.064453125 0.111328125
0 0.341796875 0.150390625 0.0341796875 0.08203125
0 0.376953125 0.1171875 0.0224609375 0.0361328125
0 0.3515625 0.0712890625 0.021484375 0.03515625