0 0.236328125 0.4052734375 0.05859375 0.111328125
0 0.486328125 0.62109375 0.0712890625 0.19140625
0 0.0400390625 0.93359375 0.080078125 0.12890625
0 0.2392578125 0.158203125 0.033203125 0.0556640625
0 0.1435546875 0.62109375 0.111328125 0.2138671875
0 0.2451171875 0.8798828125 0.123046875 0.240234375
0 0.3232421875 0.4287109375 0.060546875 0.142578125
0 0.4814453125 0.4091796875 0.080078125 0.2529296875
0 0.275390625 0.3173828125 0.0439453125 0.087890625
0 0.2861328125 0.2021484375 0.03125 0.0712890625
0 0.4150390625 0.201171875 0.029296875 0.037109375
0 0.34765625 0.294921875 0.0419921875 0.099609375
0 0.396484375 0.1552734375 0.025390625 0.0400390625
0 0.4384765625 0.251953125 0.037109375 0.0732421875
0 0.4716796875 0.33984375 0.0654296875 0.1142578125
0 0.484375 0.443359375 0.0712890625 0.1806640625
0 0.3798828125 0.12109375 0.021484375 0.037109375
0 0.3515625 0.080078125 0.017578125 0.033203125
0 0.34765625 0.212890625 0.033203125 0.0537109375