0 0.513671875 0.6201171875 0.072265625 0.1904296875
0 0.7783203125 0.9580078125 0.10546875 0.08203125
0 0.7734375 0.43359375 0.064453125 0.115234375
0 0.71875 0.2353515625 0.0341796875 0.0751953125
0 0.7607421875 0.1591796875 0.0341796875 0.0556640625
0 0.73046875 0.337890625 0.048828125 0.1015625
0 0.5185546875 0.4091796875 0.0791015625 0.2509765625
0 0.6875 0.4814453125 0.0673828125 0.1640625
0 0.65234375 0.3173828125 0.0439453125 0.111328125
0 0.650390625 0.2275390625 0.0341796875 0.06640625
0 0.8837890625 0.6787109375 0.1259765625 0.2431640625
0 0.5283203125 0.3427734375 0.0634765625 0.115234375
0 0.8837890625 0.6787109375 0.126953125 0.244140625
0 0.513671875 0.451171875 0.068359375 0.1650390625
0 0.583984375 0.203125 0.029296875 0.0361328125
0 0.654296875 0.087890625 0.0224609375 0.03515625
0 0.6181640625 0.1259765625 0.0244140625 0.0419921875