0 0.513671875 0.62109375 0.072265625 0.1904296875
0 0.791015625 0.4853515625 0.0732421875 0.130859375
0 0.7421875 0.37109375 0.05078125 0.1123046875
0 0.7607421875 0.158203125 0.033203125 0.056640625
0 0.658203125 0.3642578125 0.052734375 0.1337890625
0 0.71875 0.599609375 0.091796875 0.2138671875
0 0.9296875 0.8037109375 0.1396484375 0.298828125
0 0.146484375 0.599609375 0.1142578125 0.1865234375
0 0.5185546875 0.4091796875 0.078125 0.25390625
0 0.5126953125 0.453125 0.06640625 0.1640625
0 0.5283203125 0.33984375 0.0634765625 0.1123046875
0 0.5830078125 0.19921875 0.03125 0.0517578125
0 0.6484375 0.2490234375 0.037109375 0.0791015625
0 0.9296875 0.8017578125 0.138671875 0.296875
0 0.5595703125 0.255859375 0.0361328125 0.0751953125
0 0.7275390625 0.2783203125 0.0419921875 0.0888671875