0 0.486328125 0.62109375 0.072265625 0.1904296875
0 0.2568359375 0.376953125 0.052734375 0.1181640625
0 0.341796875 0.3759765625 0.0517578125 0.134765625
0 0.205078125 0.4990234375 0.076171875 0.1357421875
0 0.26953125 0.6337890625 0.103515625 0.2236328125
0 0.2392578125 0.1591796875 0.033203125 0.056640625
0 0.064453125 0.83203125 0.12890625 0.30859375
0 0.8359375 0.6396484375 0.1171875 0.2099609375
0 0.4814453125 0.408203125 0.0791015625 0.2568359375
0 0.3515625 0.255859375 0.037109375 0.080078125
0 0.271484375 0.28515625 0.0439453125 0.0888671875
0 0.486328125 0.4521484375 0.068359375 0.1669921875
0 0.470703125 0.3359375 0.064453125 0.109375
0 0.4169921875 0.201171875 0.03125 0.048828125
0 0.4404296875 0.255859375 0.0361328125 0.0751953125
0 0.337890625 0.107421875 0.0244140625 0.0390625