0 0.7373046875 0.66796875 0.103515625 0.2412109375
0 0.798828125 0.5087890625 0.078125 0.138671875
0 0.513671875 0.62109375 0.0712890625 0.1904296875
0 0.744140625 0.38671875 0.0556640625 0.115234375
0 0.6611328125 0.3857421875 0.0556640625 0.140625
0 0.7607421875 0.1591796875 0.033203125 0.0556640625
0 0.1806640625 0.685546875 0.119140625 0.2275390625
0 0.517578125 0.408203125 0.080078125 0.255859375
0 0.6484375 0.265625 0.037109375 0.0751953125
0 0.939453125 0.8466796875 0.1201171875 0.298828125
0 0.5146484375 0.4462890625 0.0693359375 0.177734375
0 0.939453125 0.84765625 0.12109375 0.2958984375
0 0.58203125 0.201171875 0.03125 0.048828125
0 0.5283203125 0.3349609375 0.064453125 0.111328125
0 0.5595703125 0.255859375 0.037109375 0.0751953125
0 0.6357421875 0.05859375 0.0224609375 0.0322265625
0 0.6513671875 0.1982421875 0.033203125 0.0556640625
0 0.939453125 0.84765625 0.12109375 0.2958984375