0 0.2626953125 0.66796875 0.103515625 0.2412109375
0 0.201171875 0.5087890625 0.078125 0.138671875
0 0.486328125 0.62109375 0.0712890625 0.1904296875
0 0.255859375 0.38671875 0.0556640625 0.115234375
0 0.3388671875 0.3857421875 0.0556640625 0.140625
0 0.2392578125 0.1591796875 0.033203125 0.0556640625
0 0.8193359375 0.685546875 0.119140625 0.2275390625
0 0.482421875 0.408203125 0.080078125 0.255859375
0 0.3515625 0.265625 0.037109375 0.0751953125
0 0.060546875 0.8466796875 0.1201171875 0.298828125
0 0.4853515625 0.4462890625 0.0693359375 0.177734375
0 0.060546875 0.84765625 0.12109375 0.2958984375
0 0.41796875 0.201171875 0.03125 0.048828125
0 0.4716796875 0.3349609375 0.064453125 0.111328125
0 0.4404296875 0.255859375 0.037109375 0.0751953125
0 0.3642578125 0.05859375 0.0224609375 0.0322265625
0 0.3486328125 0.1982421875 0.033203125 0.0556640625
0 0.060546875 0.84765625 0.12109375 0.2958984375