0 0.154296875 0.755859375 0.306640625 0.47265625
0 0.361328125 0.7666015625 0.076171875 0.1142578125
0 0.3369140625 0.578125 0.044921875 0.0615234375
0 0.8828125 0.921875 0.138671875 0.1552734375
0 0.6357421875 0.5322265625 0.033203125 0.052734375
0 0.642578125 0.474609375 0.025390625 0.037109375
0 0.6455078125 0.775390625 0.08203125 0.15234375
0 0.388671875 0.484375 0.03125 0.0419921875
0 0.6455078125 0.775390625 0.0830078125 0.15234375
0 0.59375 0.423828125 0.021484375 0.02734375
0 0.453125 0.443359375 0.025390625 0.033203125