0 0.49609375 0.1015625 0.501953125 0.103515625 0.501953125 0.11328125 0.5 0.115234375 0.49609375 0.11328125 0.49609375 0.103515625
0 0.45703125 0.2109375 0.4609375 0.212890625 0.4609375 0.220703125 0.462890625 0.22265625 0.462890625 0.234375 0.458984375 0.23828125 0.451171875 0.23828125 0.44921875 0.236328125 0.44921875 0.21875 0.451171875 0.212890625 0.455078125 0.2109375
0 0.578125 0.111328125 0.58203125 0.111328125 0.583984375 0.115234375 0.583984375 0.123046875 0.578125 0.123046875 0.578125 0.11328125
0 0.61328125 0.130859375 0.615234375 0.1328125 0.615234375 0.142578125 0.609375 0.142578125 0.607421875 0.138671875 0.607421875 0.1328125 0.611328125 0.130859375
0 0.603515625 0.1328125 0.607421875 0.140625 0.60546875 0.142578125 0.60546875 0.1484375 0.59765625 0.1484375 0.59765625 0.134765625 0.6015625 0.1328125
0 0.44140625 0.30078125 0.4453125 0.3046875 0.4453125 0.3203125 0.443359375 0.326171875 0.44140625 0.326171875 0.44140625 0.3125 0.439453125 0.310546875 0.44140625 0.302734375
0 0.634765625 0.115234375 0.638671875 0.119140625 0.63671875 0.12890625 0.630859375 0.12890625 0.62890625 0.126953125 0.62890625 0.119140625 0.6328125 0.1171875
0 0.5771484375 0.1025390625 0.0068359375 0.013671875
0 0.482421875 0.111328125 0.482421875 0.119140625 0.478515625 0.123046875 0.474609375 0.123046875 0.474609375 0.1171875 0.48046875 0.111328125
0 0.265625 0.982421875 0.27734375 0.9765625 0.29296875 0.9765625 0.294921875 0.974609375 0.306640625 0.974609375 0.30859375 0.97265625 0.330078125 0.97265625 0.330078125 0.99609375 0.328125 0.998046875 0.259765625 0.998046875 0.265625 0.984375
0 0.47265625 0.177734375 0.474609375 0.1796875 0.474609375 0.1953125 0.466796875 0.1953125 0.46484375 0.193359375 0.466796875 0.1796875 0.470703125 0.177734375