0 0.498046875 0.1015625 0.501953125 0.1015625 0.501953125 0.11328125 0.5 0.115234375 0.49609375 0.11328125 0.49609375 0.10546875 0.498046875 0.103515625
0 0.544921875 0.21484375 0.548828125 0.220703125 0.548828125 0.240234375 0.546875 0.2421875 0.544921875 0.240234375 0.5390625 0.2421875 0.53515625 0.23828125 0.53515625 0.224609375 0.537109375 0.21875 0.54296875 0.21484375
0 0.4140625 0.111328125 0.41796875 0.111328125 0.419921875 0.115234375 0.419921875 0.123046875 0.4140625 0.125 0.412109375 0.123046875 0.4140625 0.11328125
0 0.3828125 0.130859375 0.388671875 0.134765625 0.38671875 0.14453125 0.3828125 0.146484375 0.37890625 0.142578125 0.3828125 0.1328125
0 0.5546875 0.30859375 0.556640625 0.30859375 0.55859375 0.314453125 0.556640625 0.3359375 0.552734375 0.326171875 0.552734375 0.3125 0.5546875 0.310546875
0 0.369140625 0.11328125 0.37109375 0.115234375 0.37109375 0.123046875 0.369140625 0.125 0.36328125 0.123046875 0.36328125 0.115234375 0.3671875 0.11328125
0 0.421875 0.09765625 0.423828125 0.109375 0.41796875 0.107421875 0.41796875 0.1015625 0.419921875 0.099609375
0 0.392578125 0.142578125 0.0107421875 0.01953125
0 0.05078125 0.248046875 0.052734375 0.25390625 0.046875 0.2578125 0.04296875 0.2578125 0.0390625 0.26171875 0.033203125 0.26171875 0.03125 0.259765625 0.03515625 0.251953125 0.04296875 0.248046875 0.048828125 0.248046875
0 0.51953125 0.1171875 0.009765625 0.0126953125
0 0.66796875 0.97265625 0.6875 0.97265625 0.69921875 0.9765625 0.71484375 0.9765625 0.73046875 0.982421875 0.736328125 0.9921875 0.736328125 0.998046875 0.66796875 0.998046875 0.66796875 0.974609375
0 0.52734375 0.189453125 0.01171875 0.0205078125