0 0.58203125 0.5478515625 0.0361328125 0.0595703125
0 0.8876953125 0.9453125 0.1357421875 0.1083984375
0 0.671875 0.58984375 0.0478515625 0.0654296875
0 0.6318359375 0.69140625 0.0615234375 0.109375
0 0.21484375 0.650390625 0.0673828125 0.08984375
0 0.3447265625 0.4951171875 0.0302734375 0.044921875
0 0.9228515625 0.80859375 0.125 0.130859375
0 0.55859375 0.4833984375 0.029296875 0.0361328125
0 0.6142578125 0.466796875 0.0390625 0.08203125
0 0.61328125 0.46484375 0.0400390625 0.080078125
0 0.66796875 0.486328125 0.03125 0.0625