0 0.673828125 0.599609375 0.05078125 0.06640625
0 0.390625 0.6240234375 0.0517578125 0.08984375
0 0.2783203125 0.6865234375 0.064453125 0.09765625
0 0.703125 0.9423828125 0.119140625 0.1142578125
0 0.1005859375 0.7978515625 0.1103515625 0.15234375
0 0.5654296875 0.5263671875 0.0302734375 0.0517578125
0 0.3876953125 0.421875 0.0478515625 0.0849609375
0 0.4580078125 0.4462890625 0.021484375 0.029296875
0 0.794921875 0.638671875 0.0693359375 0.080078125
0 0.5439453125 0.447265625 0.0234375 0.0322265625
0 0.638671875 0.46484375 0.02734375 0.033203125
0 0.595703125 0.46875 0.0283203125 0.0419921875
0 0.3876953125 0.421875 0.044921875 0.08203125