0 0.599609375 0.095703125 0.6015625 0.1015625 0.599609375 0.11328125 0.59375 0.109375 0.59375 0.09765625 0.59765625 0.095703125
0 0.625 0.109375 0.6328125 0.11328125 0.6328125 0.1328125 0.625 0.1328125 0.623046875 0.130859375 0.623046875 0.11328125 0.625 0.111328125
0 0.509765625 0.154296875 0.515625 0.154296875 0.517578125 0.158203125 0.517578125 0.166015625 0.509765625 0.166015625 0.5078125 0.162109375 0.509765625 0.15625
0 0.458984375 0.484375 0.46484375 0.484375 0.466796875 0.486328125 0.466796875 0.498046875 0.46484375 0.5 0.462890625 0.513671875 0.4609375 0.513671875 0.4609375 0.505859375 0.458984375 0.50390625 0.458984375 0.4921875 0.45703125 0.490234375 0.458984375 0.486328125
0 0.494140625 0.2734375 0.494140625 0.267578125 0.4921875 0.265625 0.4921875 0.26171875 0.49609375 0.259765625 0.49609375 0.2734375 0.494140625 0.275390625
0 0.759765625 0.150390625 0.76171875 0.15234375 0.76171875 0.171875 0.759765625 0.177734375 0.751953125 0.177734375 0.748046875 0.171875 0.748046875 0.154296875 0.751953125 0.150390625 0.7578125 0.150390625
0 0.5205078125 0.1171875 0.009765625 0.0126953125
0 0.46875 0.287109375 0.470703125 0.2890625 0.470703125 0.306640625 0.46875 0.30859375 0.466796875 0.3046875 0.466796875 0.2890625
0 0.5625 0.1640625 0.568359375 0.1640625 0.568359375 0.171875 0.5703125 0.173828125 0.568359375 0.181640625 0.5625 0.181640625 0.5625 0.166015625
0 0.6171875 0.1044921875 0.01171875 0.0263671875
0 0.5 0.421875 0.501953125 0.423828125 0.5 0.4453125 0.49609375 0.4453125 0.49609375 0.423828125 0.498046875 0.423828125
0 0.49609375 0.166015625 0.49609375 0.1796875 0.494140625 0.177734375 0.494140625 0.16796875
0 0.552734375 0.697265625 0.5546875 0.69921875 0.55078125 0.705078125 0.55078125 0.73828125 0.548828125 0.740234375 0.548828125 0.75 0.544921875 0.751953125 0.5390625 0.73046875 0.5390625 0.708984375 0.541015625 0.703125 0.544921875 0.70703125 0.548828125 0.70703125 0.552734375 0.69921875