0 0.3984375 0.095703125 0.404296875 0.09765625 0.404296875 0.109375 0.400390625 0.11328125 0.396484375 0.109375 0.3984375 0.09765625
0 0.365234375 0.1328125 0.365234375 0.11328125 0.37109375 0.109375 0.375 0.11328125 0.375 0.130859375 0.373046875 0.1328125 0.3671875 0.1328125
0 0.482421875 0.154296875 0.48828125 0.154296875 0.490234375 0.16015625 0.48828125 0.166015625 0.48046875 0.166015625 0.48046875 0.158203125 0.482421875 0.15625
0 0.53515625 0.513671875 0.53515625 0.5078125 0.53125 0.498046875 0.53125 0.486328125 0.533203125 0.484375 0.5390625 0.484375 0.541015625 0.48828125 0.537109375 0.513671875
0 0.501953125 0.259765625 0.505859375 0.26171875 0.50390625 0.275390625 0.501953125 0.2734375 0.501953125 0.26171875
0 0.24609375 0.150390625 0.25 0.154296875 0.25 0.171875 0.24609375 0.177734375 0.23828125 0.177734375 0.236328125 0.171875 0.236328125 0.15234375 0.23828125 0.150390625 0.244140625 0.150390625
0 0.4765625 0.111328125 0.482421875 0.1171875 0.48046875 0.123046875 0.4765625 0.12109375 0.474609375 0.1171875 0.4765625 0.11328125
0 0.529296875 0.287109375 0.53125 0.2890625 0.53125 0.3046875 0.529296875 0.30859375 0.52734375 0.306640625 0.52734375 0.2890625
0 0.4296875 0.1640625 0.435546875 0.1640625 0.435546875 0.181640625 0.4296875 0.181640625 0.427734375 0.177734375 0.4296875 0.166015625
0 0.3828125 0.1044921875 0.01171875 0.0263671875
0 0.498046875 0.421875 0.501953125 0.423828125 0.501953125 0.4453125 0.498046875 0.4453125 0.49609375 0.423828125
0 0.501953125 0.166015625 0.50390625 0.16796875 0.50390625 0.177734375 0.501953125 0.1796875 0.501953125 0.16796875
0 0.443359375 0.697265625 0.4453125 0.697265625 0.4453125 0.701171875 0.44921875 0.70703125 0.453125 0.70703125 0.45703125 0.703125 0.458984375 0.708984375 0.458984375 0.73046875 0.45703125 0.732421875 0.455078125 0.748046875 0.451171875 0.751953125 0.447265625 0.73828125 0.447265625 0.705078125 0.443359375 0.69921875