0 0.396484375 0.09765625 0.40234375 0.09765625 0.40234375 0.111328125 0.400390625 0.11328125 0.396484375 0.111328125 0.396484375 0.099609375
0 0.501953125 0.169921875 0.50390625 0.169921875 0.50390625 0.181640625 0.501953125 0.181640625 0.501953125 0.171875
0 0.53125 0.296875 0.533203125 0.298828125 0.53125 0.31640625 0.52734375 0.3125 0.52734375 0.298828125 0.529296875 0.298828125
0 0.482421875 0.154296875 0.486328125 0.154296875 0.490234375 0.16015625 0.490234375 0.166015625 0.48828125 0.16796875 0.482421875 0.16796875 0.48046875 0.166015625 0.482421875 0.15625
0 0.36328125 0.134765625 0.36328125 0.1171875 0.3671875 0.111328125 0.373046875 0.111328125 0.373046875 0.1328125 0.3671875 0.13671875 0.365234375 0.134765625
0 0.48046875 0.1181640625 0.0087890625 0.0107421875
0 0.501953125 0.26171875 0.505859375 0.265625 0.505859375 0.279296875 0.50390625 0.28125 0.501953125 0.279296875 0.501953125 0.263671875
0 0.4296875 0.16796875 0.435546875 0.16796875 0.435546875 0.185546875 0.4296875 0.185546875 0.427734375 0.181640625 0.4296875 0.169921875
0 0.37890625 0.09765625 0.384765625 0.09765625 0.384765625 0.119140625 0.376953125 0.119140625 0.375 0.107421875 0.37890625 0.099609375
0 0.49609375 0.44140625 0.501953125 0.443359375 0.501953125 0.458984375 0.5 0.46484375 0.49609375 0.462890625 0.49609375 0.443359375
0 0.541015625 0.505859375 0.541015625 0.5234375 0.537109375 0.533203125 0.53515625 0.533203125 0.53515625 0.52734375 0.533203125 0.525390625 0.53125 0.5078125 0.533203125 0.505859375 0.5390625 0.505859375
0 0.498046875 0.2265625 0.498046875 0.248046875 0.494140625 0.236328125 0.49609375 0.228515625
0 0.251953125 0.1484375 0.25390625 0.150390625 0.255859375 0.16796875 0.25390625 0.171875 0.248046875 0.173828125 0.2421875 0.171875 0.2421875 0.150390625 0.244140625 0.1484375 0.25 0.1484375
0 0.439453125 0.765625 0.44140625 0.76953125 0.447265625 0.76953125 0.453125 0.765625 0.453125 0.798828125 0.4453125 0.822265625 0.44140625 0.814453125 0.44140625 0.798828125 0.439453125 0.796875 0.44140625 0.791015625 0.439453125 0.767578125