0 0.46484375 0.3046875 0.46875 0.306640625 0.46875 0.31640625 0.46484375 0.32421875 0.46484375 0.31640625 0.462890625 0.314453125 0.462890625 0.30859375 0.46484375 0.306640625
0 0.509765625 0.15625 0.515625 0.15625 0.517578125 0.16015625 0.517578125 0.16796875 0.515625 0.169921875 0.509765625 0.169921875 0.5078125 0.16796875 0.5078125 0.16015625 0.509765625 0.158203125
0 0.4609375 0.55859375 0.45703125 0.548828125 0.45703125 0.529296875 0.458984375 0.52734375 0.46484375 0.52734375 0.46484375 0.546875 0.4609375 0.556640625
0 0.494140625 0.265625 0.49609375 0.267578125 0.49609375 0.283203125 0.494140625 0.287109375 0.4921875 0.287109375 0.4921875 0.267578125
0 0.6171875 0.10546875 0.623046875 0.107421875 0.623046875 0.12109375 0.62109375 0.123046875 0.615234375 0.12109375 0.615234375 0.109375 0.6171875 0.107421875
0 0.62890625 0.11328125 0.63671875 0.1171875 0.638671875 0.12109375 0.638671875 0.134765625 0.63671875 0.138671875 0.62890625 0.138671875 0.626953125 0.134765625 0.626953125 0.1171875 0.62890625 0.115234375
0 0.51953125 0.1181640625 0.0087890625 0.0107421875
0 0.568359375 0.169921875 0.5703125 0.171875 0.5703125 0.185546875 0.568359375 0.1875 0.5625 0.1875 0.5625 0.171875 0.56640625 0.169921875
0 0.5 0.486328125 0.498046875 0.48046875 0.498046875 0.4609375 0.501953125 0.458984375 0.50390625 0.462890625 0.501953125 0.46484375 0.501953125 0.486328125 0.5 0.48828125
0 0.74609375 0.169921875 0.73828125 0.166015625 0.73828125 0.146484375 0.740234375 0.14453125 0.75 0.14453125 0.751953125 0.146484375 0.751953125 0.162109375 0.75 0.16796875 0.748046875 0.16796875
0 0.59765625 0.09765625 0.603515625 0.099609375 0.603515625 0.11328125 0.599609375 0.1171875 0.59765625 0.115234375 0.59765625 0.099609375
0 0.4921875 0.171875 0.494140625 0.171875 0.494140625 0.18359375 0.4921875 0.181640625 0.4921875 0.173828125
0 0.501953125 0.232421875 0.50390625 0.236328125 0.50390625 0.248046875 0.501953125 0.251953125 0.5 0.251953125 0.5 0.234375
0 0.55078125 0.841796875 0.5546875 0.845703125 0.5625 0.845703125 0.56640625 0.841796875 0.56640625 0.8515625 0.564453125 0.853515625 0.56640625 0.876953125 0.564453125 0.87890625 0.5625 0.908203125 0.55859375 0.908203125 0.55859375 0.90234375 0.5546875 0.8984375 0.5546875 0.890625 0.552734375 0.888671875 0.552734375 0.8671875 0.55078125 0.865234375 0.552734375 0.861328125 0.552734375 0.84375