0 0.65625 0.134765625 0.662109375 0.14453125 0.66015625 0.1484375 0.66015625 0.162109375 0.65625 0.1640625 0.654296875 0.162109375 0.6484375 0.162109375 0.6484375 0.154296875 0.646484375 0.15234375 0.646484375 0.13671875 0.6484375 0.134765625 0.654296875 0.134765625
0 0.513671875 0.171875 0.515625 0.173828125 0.515625 0.185546875 0.513671875 0.1875 0.5078125 0.185546875 0.5078125 0.173828125 0.51171875 0.171875
0 0.44921875 0.822265625 0.455078125 0.822265625 0.462890625 0.828125 0.4609375 0.859375 0.458984375 0.861328125 0.45703125 0.87890625 0.455078125 0.87890625 0.455078125 0.87109375 0.44921875 0.849609375 0.44921875 0.82421875
0 0.515625 0.740234375 0.51953125 0.7421875 0.51953125 0.759765625 0.517578125 0.76171875 0.517578125 0.779296875 0.513671875 0.787109375 0.513671875 0.78125 0.509765625 0.771484375 0.509765625 0.759765625 0.5078125 0.7578125 0.5078125 0.748046875 0.509765625 0.7421875 0.513671875 0.740234375
0 0.6376953125 0.126953125 0.013671875 0.029296875
0 0.453125 0.3828125 0.458984375 0.384765625 0.458984375 0.396484375 0.455078125 0.404296875 0.453125 0.384765625
0 0.572265625 0.201171875 0.578125 0.20703125 0.578125 0.224609375 0.568359375 0.224609375 0.568359375 0.203125 0.5703125 0.203125
0 0.4921875 0.33203125 0.49609375 0.3359375 0.49609375 0.3515625 0.494140625 0.353515625 0.494140625 0.359375 0.4921875 0.359375 0.4921875 0.349609375 0.490234375 0.34765625 0.4921875 0.333984375
0 0.7138671875 0.1357421875 0.013671875 0.0234375
0 0.603515625 0.10546875 0.611328125 0.107421875 0.61328125 0.111328125 0.61328125 0.123046875 0.611328125 0.126953125 0.60546875 0.126953125 0.603515625 0.123046875 0.603515625 0.107421875
0 0.484375 0.193359375 0.486328125 0.193359375 0.486328125 0.208984375 0.484375 0.20703125 0.484375 0.1953125
0 0.5078125 0.29296875 0.509765625 0.294921875 0.509765625 0.310546875 0.5078125 0.314453125 0.505859375 0.314453125 0.505859375 0.30859375 0.50390625 0.306640625 0.50390625 0.296875 0.505859375 0.294921875
0 0.5078125 0.1875 0.5078125 0.201171875 0.505859375 0.201171875 0.505859375 0.189453125