0 0.595703125 0.6162109375 0.046875 0.0830078125
0 0.8798828125 0.74609375 0.1103515625 0.1240234375
0 0.8603515625 0.9287109375 0.150390625 0.1376953125
0 0.6279296875 0.4765625 0.076171875 0.14453125
0 0.5625 0.5048828125 0.0263671875 0.0400390625
0 0.3515625 0.7275390625 0.080078125 0.1279296875
0 0.306640625 0.6279296875 0.064453125 0.08984375
0 0.3671875 0.4716796875 0.025390625 0.0322265625
0 0.458984375 0.44140625 0.02734375 0.0419921875
0 0.2998046875 0.6494140625 0.0537109375 0.052734375
0 0.5703125 0.4150390625 0.0283203125 0.04296875