0 0.177734375 0.6787109375 0.0859375 0.10546875
0 0.212890625 0.8251953125 0.1064453125 0.134765625
0 0.7333984375 0.927734375 0.1220703125 0.14453125
0 0.41015625 0.5888671875 0.0439453125 0.0751953125
0 0.7890625 0.7822265625 0.099609375 0.1513671875
0 0.3818359375 0.466796875 0.0712890625 0.140625
0 0.65234375 0.494140625 0.029296875 0.0419921875
0 0.380859375 0.466796875 0.072265625 0.1416015625
0 0.44140625 0.4931640625 0.029296875 0.04296875
0 0.5478515625 0.462890625 0.0283203125 0.046875
0 0.603515625 0.4296875 0.0185546875 0.029296875
0 0.578125 0.4482421875 0.01953125 0.029296875