0 0.41796875 0.56640625 0.0361328125 0.0634765625
0 0.681640625 0.5283203125 0.037109375 0.0556640625
0 0.2587890625 0.7392578125 0.0810546875 0.10546875
0 0.21875 0.630859375 0.06640625 0.0859375
0 0.271484375 0.96484375 0.1220703125 0.0693359375
0 0.556640625 0.4892578125 0.03515625 0.0634765625
0 0.38671875 0.4580078125 0.064453125 0.125
0 0.4462890625 0.4833984375 0.02734375 0.0390625
0 0.5908203125 0.4677734375 0.0224609375 0.0361328125
0 0.3876953125 0.4580078125 0.0654296875 0.1259765625
0 0.537109375 0.427734375 0.021484375 0.037109375
0 0.6162109375 0.44140625 0.017578125 0.0302734375
0 0.3779296875 0.4599609375 0.044921875 0.119140625