0 0.58203125 0.56640625 0.0361328125 0.0634765625
0 0.318359375 0.5283203125 0.037109375 0.0556640625
0 0.7412109375 0.7392578125 0.0810546875 0.10546875
0 0.78125 0.630859375 0.06640625 0.0859375
0 0.728515625 0.96484375 0.1220703125 0.0693359375
0 0.443359375 0.4892578125 0.03515625 0.0634765625
0 0.61328125 0.4580078125 0.064453125 0.125
0 0.5537109375 0.4833984375 0.02734375 0.0390625
0 0.4091796875 0.4677734375 0.0224609375 0.0361328125
0 0.6123046875 0.4580078125 0.0654296875 0.1259765625
0 0.462890625 0.427734375 0.021484375 0.037109375
0 0.3837890625 0.44140625 0.017578125 0.0302734375
0 0.6220703125 0.4599609375 0.044921875 0.119140625