0 0.716796875 0.9326171875 0.1328125 0.134765625
0 0.578125 0.552734375 0.0361328125 0.0634765625
0 0.3017578125 0.55078125 0.041015625 0.0556640625
0 0.4384765625 0.5068359375 0.0341796875 0.06640625
0 0.72265625 0.7080078125 0.0791015625 0.095703125
0 0.376953125 0.451171875 0.0244140625 0.033203125
0 0.609375 0.451171875 0.0634765625 0.12109375
0 0.76953125 0.611328125 0.0537109375 0.08203125
0 0.5537109375 0.4775390625 0.029296875 0.037109375
0 0.40234375 0.482421875 0.0283203125 0.0400390625
0 0.609375 0.451171875 0.064453125 0.1220703125
0 0.4609375 0.4365234375 0.0205078125 0.033203125