0 0.66015625 0.80078125 0.0947265625 0.1708984375
0 0.3681640625 0.5390625 0.037109375 0.0615234375
0 0.5498046875 0.462890625 0.025390625 0.0361328125
0 0.2177734375 0.65234375 0.06640625 0.091796875
0 0.69140625 0.63671875 0.0556640625 0.078125
0 0.572265625 0.52734375 0.0390625 0.056640625
0 0.451171875 0.4658203125 0.02734375 0.0400390625
0 0.4111328125 0.5927734375 0.0556640625 0.10546875
0 0.724609375 0.5673828125 0.048828125 0.06640625
0 0.34765625 0.484375 0.03125 0.044921875
0 0.6005859375 0.44140625 0.0595703125 0.1083984375
0 0.404296875 0.4775390625 0.029296875 0.0458984375
0 0.6015625 0.44140625 0.060546875 0.109375