0 0.330078125 0.607421875 0.052734375 0.08203125
0 0.6640625 0.603515625 0.0556640625 0.072265625
0 0.3203125 0.5146484375 0.037109375 0.052734375
0 0.10546875 0.7880859375 0.103515625 0.14453125
0 0.44140625 0.494140625 0.033203125 0.046875
0 0.5654296875 0.515625 0.0341796875 0.0498046875
0 0.375 0.7099609375 0.0791015625 0.1708984375
0 0.640625 0.7314453125 0.0810546875 0.1279296875
0 0.5966796875 0.435546875 0.0556640625 0.1083984375
0 0.388671875 0.51171875 0.041015625 0.05859375
0 0.5966796875 0.435546875 0.0546875 0.107421875
0 0.7021484375 0.5419921875 0.0439453125 0.0615234375
0 0.4287109375 0.4423828125 0.0224609375 0.033203125