0 0.6533203125 0.8037109375 0.087890625 0.1357421875
0 0.5966796875 0.5908203125 0.046875 0.0791015625
0 0.755859375 0.73046875 0.0908203125 0.10546875
0 0.3798828125 0.533203125 0.037109375 0.0556640625
0 0.7958984375 0.6455078125 0.0634765625 0.080078125
0 0.1484375 0.8955078125 0.142578125 0.2041015625
0 0.3427734375 0.814453125 0.09765625 0.181640625
0 0.62109375 0.5224609375 0.037109375 0.0498046875
0 0.05859375 0.8251953125 0.1171875 0.1787109375
0 0.4130859375 0.4677734375 0.025390625 0.037109375
0 0.5830078125 0.416015625 0.041015625 0.0888671875
0 0.3564453125 0.486328125 0.025390625 0.037109375
0 0.5556640625 0.47265625 0.0263671875 0.0400390625
0 0.583984375 0.416015625 0.0419921875 0.08984375
0 0.5380859375 0.4384765625 0.021484375 0.033203125