0 0.3466796875 0.8037109375 0.087890625 0.1357421875
0 0.4033203125 0.5908203125 0.046875 0.0791015625
0 0.244140625 0.73046875 0.0908203125 0.10546875
0 0.6201171875 0.533203125 0.037109375 0.0556640625
0 0.2041015625 0.6455078125 0.0634765625 0.080078125
0 0.8515625 0.8955078125 0.142578125 0.2041015625
0 0.6572265625 0.814453125 0.09765625 0.181640625
0 0.37890625 0.5224609375 0.037109375 0.0498046875
0 0.94140625 0.8251953125 0.1171875 0.1787109375
0 0.5869140625 0.4677734375 0.025390625 0.037109375
0 0.4169921875 0.416015625 0.041015625 0.0888671875
0 0.6435546875 0.486328125 0.025390625 0.037109375
0 0.4443359375 0.47265625 0.0263671875 0.0400390625
0 0.416015625 0.416015625 0.0419921875 0.08984375
0 0.4619140625 0.4384765625 0.021484375 0.033203125