0 0.6337890625 0.734375 0.0712890625 0.1083984375
0 0.5908203125 0.56640625 0.044921875 0.072265625
0 0.349609375 0.5888671875 0.048828125 0.068359375
0 0.767578125 0.603515625 0.0380859375 0.0654296875
0 0.7197265625 0.669921875 0.072265625 0.0849609375
0 0.580078125 0.4130859375 0.0400390625 0.087890625
0 0.61328125 0.5087890625 0.03515625 0.046875
0 0.3984375 0.4921875 0.0283203125 0.0419921875
0 0.3310546875 0.513671875 0.033203125 0.0517578125
0 0.3681640625 0.4697265625 0.021484375 0.0322265625
0 0.5546875 0.466796875 0.0302734375 0.0400390625
0 0.462890625 0.421875 0.025390625 0.0400390625