0 0.3740234375 0.7099609375 0.068359375 0.1015625
0 0.4111328125 0.5556640625 0.0458984375 0.0693359375
0 0.388671875 0.5009765625 0.0341796875 0.04296875
0 0.294921875 0.6484375 0.0654296875 0.08203125
0 0.669921875 0.6259765625 0.0595703125 0.0888671875
0 0.6103515625 0.5107421875 0.0361328125 0.052734375
0 0.421875 0.41015625 0.0400390625 0.0830078125
0 0.2529296875 0.58984375 0.0458984375 0.0634765625
0 0.685546875 0.533203125 0.033203125 0.052734375
0 0.421875 0.41015625 0.0390625 0.0849609375
0 0.447265625 0.4580078125 0.025390625 0.0419921875
0 0.5419921875 0.435546875 0.025390625 0.03515625
0 0.642578125 0.4794921875 0.0244140625 0.03515625
0 0.638671875 0.4755859375 0.021484375 0.033203125