0 0.384765625 0.666015625 0.056640625 0.08984375
0 0.419921875 0.53515625 0.037109375 0.0625
0 0.7373046875 0.7509765625 0.087890625 0.12890625
0 0.6328125 0.5537109375 0.0439453125 0.0625
0 0.3173828125 0.6103515625 0.0537109375 0.0732421875
0 0.7265625 0.5830078125 0.046875 0.0732421875
0 0.423828125 0.4072265625 0.037109375 0.080078125
0 0.275390625 0.55859375 0.0390625 0.0537109375
0 0.548828125 0.4560546875 0.029296875 0.0419921875
0 0.6640625 0.5068359375 0.0341796875 0.0458984375
0 0.3955078125 0.4892578125 0.0302734375 0.0419921875
0 0.57421875 0.443359375 0.021484375 0.0302734375
0 0.59375 0.4091796875 0.0263671875 0.044921875
0 0.455078125 0.4443359375 0.041015625 0.05859375