0 0.4111328125 0.5654296875 0.044921875 0.0625
0 0.2421875 0.74609375 0.0908203125 0.1181640625
0 0.630859375 0.546875 0.041015625 0.05859375
0 0.3662109375 0.5263671875 0.0400390625 0.052734375
0 0.35546875 0.76171875 0.0830078125 0.1279296875
0 0.8798828125 0.767578125 0.1044921875 0.14453125
0 0.5615234375 0.5 0.033203125 0.046875
0 0.6142578125 0.6572265625 0.0595703125 0.111328125
0 0.587890625 0.4619140625 0.025390625 0.037109375
0 0.412109375 0.458984375 0.025390625 0.033203125
0 0.3349609375 0.4921875 0.02734375 0.037109375
0 0.0556640625 0.80859375 0.1103515625 0.326171875
0 0.6328125 0.451171875 0.044921875 0.0712890625
0 0.0546875 0.80859375 0.109375 0.3291015625
0 0.43359375 0.486328125 0.02734375 0.0419921875
0 0.4326171875 0.392578125 0.0322265625 0.068359375
0 0.455078125 0.4345703125 0.0224609375 0.0361328125