0 0.71484375 0.5400390625 0.080078125 0.1259765625
0 0.4267578125 0.513671875 0.03515625 0.048828125
0 0.654296875 0.572265625 0.0478515625 0.0693359375
0 0.1533203125 0.61328125 0.205078125 0.2041015625
0 0.3232421875 0.6064453125 0.0537109375 0.0732421875
0 0.3955078125 0.619140625 0.0517578125 0.078125
0 0.6630859375 0.8232421875 0.08984375 0.1767578125
0 0.3896484375 0.48828125 0.03125 0.044921875
0 0.5478515625 0.4541015625 0.029296875 0.044921875
0 0.27734375 0.9697265625 0.09765625 0.05859375
0 0.869140625 0.9208984375 0.166015625 0.158203125
0 0.0986328125 0.8408203125 0.197265625 0.302734375
0 0.4384765625 0.390625 0.03125 0.0712890625
0 0.36328125 0.45703125 0.025390625 0.0302734375
0 0.626953125 0.453125 0.021484375 0.0361328125