0 0.859375 0.7880859375 0.28125 0.41015625
0 0.662109375 0.8134765625 0.083984375 0.1318359375
0 0.203125 0.8134765625 0.1083984375 0.16796875
0 0.140625 0.6982421875 0.1630859375 0.2529296875
0 0.587890625 0.5654296875 0.0439453125 0.06640625
0 0.6494140625 0.5556640625 0.0390625 0.0625
0 0.7626953125 0.5380859375 0.1318359375 0.1337890625
0 0.33203125 0.501953125 0.0341796875 0.0498046875
0 0.56640625 0.4892578125 0.029296875 0.0419921875
0 0.4306640625 0.52734375 0.0439453125 0.06640625
0 0.5966796875 0.4677734375 0.029296875 0.0390625