0 0.2109375 0.7080078125 0.2158203125 0.3486328125
0 0.365234375 0.716796875 0.0576171875 0.0986328125
0 0.4208984375 0.5361328125 0.0380859375 0.05859375
0 0.7197265625 0.5634765625 0.0498046875 0.076171875
0 0.3671875 0.5283203125 0.037109375 0.0556640625
0 0.439453125 0.4775390625 0.02734375 0.0419921875
0 0.6064453125 0.65625 0.0615234375 0.1240234375
0 0.27734375 0.501953125 0.1044921875 0.1083984375
0 0.6572265625 0.49609375 0.029296875 0.0400390625
0 0.27734375 0.53515625 0.103515625 0.171875
0 0.6044921875 0.431640625 0.021484375 0.03515625
0 0.4091796875 0.455078125 0.0283203125 0.033203125
0 0.443359375 0.3818359375 0.025390625 0.0595703125