0 0.8251953125 0.841796875 0.123046875 0.15234375
0 0.5947265625 0.595703125 0.044921875 0.0693359375
0 0.62890625 0.7451171875 0.076171875 0.1123046875
0 0.1630859375 0.7080078125 0.0869140625 0.1123046875
0 0.330078125 0.509765625 0.033203125 0.05859375
0 0.375 0.5234375 0.0400390625 0.0498046875
0 0.6845703125 0.5625 0.1123046875 0.197265625
0 0.564453125 0.4873046875 0.02734375 0.0458984375
0 0.6064453125 0.484375 0.03125 0.0458984375
0 0.4521484375 0.4404296875 0.021484375 0.0302734375
0 0.5537109375 0.4482421875 0.029296875 0.0361328125
0 0.6123046875 0.486328125 0.041015625 0.048828125