0 0.5849609375 0.5634765625 0.037109375 0.0625
0 0.6103515625 0.669921875 0.056640625 0.0888671875
0 0.7041015625 0.947265625 0.111328125 0.10546875
0 0.31640625 0.6240234375 0.064453125 0.0888671875
0 0.7587890625 0.7294921875 0.0927734375 0.115234375
0 0.26953125 0.583984375 0.056640625 0.0888671875
0 0.44140625 0.470703125 0.0263671875 0.0400390625
0 0.6005859375 0.4736328125 0.0322265625 0.04296875
0 0.666015625 0.5322265625 0.08203125 0.1474609375
0 0.5576171875 0.4765625 0.025390625 0.0419921875
0 0.3994140625 0.4287109375 0.0205078125 0.02734375
0 0.46875 0.4150390625 0.021484375 0.029296875
0 0.5498046875 0.4404296875 0.025390625 0.0322265625