0 0.6845703125 0.9150390625 0.103515625 0.1650390625
0 0.28125 0.6806640625 0.0771484375 0.10546875
0 0.60546875 0.6513671875 0.052734375 0.08203125
0 0.58203125 0.5517578125 0.03515625 0.05859375
0 0.2373046875 0.6201171875 0.064453125 0.1044921875
0 0.435546875 0.484375 0.0302734375 0.0458984375
0 0.3955078125 0.4365234375 0.021484375 0.0263671875
0 0.7431640625 0.703125 0.0849609375 0.1083984375
0 0.6630859375 0.533203125 0.06640625 0.125
0 0.556640625 0.47265625 0.0283203125 0.0419921875
0 0.46875 0.4169921875 0.0224609375 0.033203125
0 0.7529296875 0.7109375 0.0673828125 0.0947265625
0 0.599609375 0.4677734375 0.033203125 0.04296875