0 0.3154296875 0.9150390625 0.103515625 0.1650390625
0 0.71875 0.6806640625 0.0771484375 0.10546875
0 0.39453125 0.6513671875 0.052734375 0.08203125
0 0.41796875 0.5517578125 0.03515625 0.05859375
0 0.7626953125 0.6201171875 0.064453125 0.1044921875
0 0.564453125 0.484375 0.0302734375 0.0458984375
0 0.6044921875 0.4365234375 0.021484375 0.0263671875
0 0.2568359375 0.703125 0.0849609375 0.1083984375
0 0.3369140625 0.533203125 0.06640625 0.125
0 0.443359375 0.47265625 0.0283203125 0.0419921875
0 0.53125 0.4169921875 0.0224609375 0.033203125
0 0.2470703125 0.7109375 0.0673828125 0.0947265625
0 0.400390625 0.4677734375 0.033203125 0.04296875