0 0.33203125 0.859375 0.0927734375 0.15234375
0 0.400390625 0.6337890625 0.0517578125 0.076171875
0 0.2705078125 0.6787109375 0.076171875 0.099609375
0 0.5703125 0.5009765625 0.033203125 0.0517578125
0 0.419921875 0.5458984375 0.0341796875 0.05859375
0 0.767578125 0.763671875 0.1005859375 0.140625
0 0.802734375 0.669921875 0.08203125 0.125
0 0.611328125 0.44140625 0.021484375 0.02734375
0 0.57421875 0.4453125 0.0205078125 0.0322265625
0 0.404296875 0.462890625 0.029296875 0.04296875
0 0.4453125 0.4677734375 0.02734375 0.037109375
0 0.3505859375 0.517578125 0.078125 0.1357421875
0 0.5341796875 0.4248046875 0.021484375 0.029296875