0 0.294921875 0.6376953125 0.064453125 0.0888671875
0 0.408203125 0.6044921875 0.0458984375 0.072265625
0 0.0302734375 0.8603515625 0.0595703125 0.1982421875
0 0.359375 0.767578125 0.0771484375 0.1181640625
0 0.423828125 0.5283203125 0.0341796875 0.0556640625
0 0.587890625 0.5498046875 0.0419921875 0.05859375
0 0.923828125 0.97265625 0.125 0.0537109375
0 0.9365234375 0.8349609375 0.126953125 0.2041015625
0 0.5390625 0.443359375 0.0224609375 0.0322265625
0 0.583984375 0.4599609375 0.0244140625 0.0361328125
0 0.3515625 0.505859375 0.052734375 0.109375
0 0.626953125 0.4599609375 0.021484375 0.02734375
0 0.4482421875 0.45703125 0.0224609375 0.0400390625
0 0.4091796875 0.4580078125 0.02734375 0.0361328125
0 0.37109375 0.435546875 0.0498046875 0.0830078125