0 0.705078125 0.6376953125 0.064453125 0.0888671875
0 0.591796875 0.6044921875 0.0458984375 0.072265625
0 0.9697265625 0.8603515625 0.0595703125 0.1982421875
0 0.640625 0.767578125 0.0771484375 0.1181640625
0 0.576171875 0.5283203125 0.0341796875 0.0556640625
0 0.412109375 0.5498046875 0.0419921875 0.05859375
0 0.076171875 0.97265625 0.125 0.0537109375
0 0.0634765625 0.8349609375 0.126953125 0.2041015625
0 0.4609375 0.443359375 0.0224609375 0.0322265625
0 0.416015625 0.4599609375 0.0244140625 0.0361328125
0 0.6484375 0.505859375 0.052734375 0.109375
0 0.373046875 0.4599609375 0.021484375 0.02734375
0 0.5517578125 0.45703125 0.0224609375 0.0400390625
0 0.5908203125 0.4580078125 0.02734375 0.0361328125
0 0.62890625 0.435546875 0.0498046875 0.0830078125