0 0.67578125 0.591796875 0.0546875 0.0732421875
0 0.6162109375 0.677734375 0.0556640625 0.08984375
0 0.58203125 0.572265625 0.0390625 0.0625
0 0.396484375 0.4951171875 0.029296875 0.0458984375
0 0.716796875 0.9658203125 0.1181640625 0.068359375
0 0.34375 0.4951171875 0.0302734375 0.0419921875
0 0.453125 0.4794921875 0.029296875 0.0400390625
0 0.36328125 0.6787109375 0.064453125 0.10546875
0 0.5693359375 0.5107421875 0.029296875 0.048828125
0 0.6318359375 0.4853515625 0.0546875 0.1044921875
0 0.919921875 0.7666015625 0.1591796875 0.2470703125
0 0.5478515625 0.44140625 0.0244140625 0.04296875
0 0.919921875 0.767578125 0.158203125 0.25
0 0.5849609375 0.4482421875 0.029296875 0.0361328125