0 0.859375 0.916015625 0.12890625 0.15234375
0 0.60546875 0.6376953125 0.0517578125 0.078125
0 0.68359375 0.90234375 0.1123046875 0.1767578125
0 0.6611328125 0.56640625 0.0498046875 0.06640625
0 0.3779296875 0.529296875 0.0361328125 0.052734375
0 0.287109375 0.87890625 0.115234375 0.1982421875
0 0.6240234375 0.4599609375 0.05078125 0.125
0 0.5771484375 0.5537109375 0.0361328125 0.0556640625
0 0.443359375 0.5166015625 0.0322265625 0.0517578125
0 0.314453125 0.5283203125 0.0380859375 0.0537109375
0 0.56640625 0.4990234375 0.029296875 0.048828125
0 0.8671875 0.693359375 0.1416015625 0.2001953125
0 0.462890625 0.419921875 0.021484375 0.03515625
0 0.4208984375 0.44140625 0.0185546875 0.0302734375
0 0.5830078125 0.4462890625 0.02734375 0.03515625
0 0.546875 0.4404296875 0.0205078125 0.0361328125