0 0.666015625 0.84375 0.0986328125 0.1513671875
0 0.8251953125 0.8544921875 0.111328125 0.1376953125
0 0.6005859375 0.62109375 0.0478515625 0.076171875
0 0.4365234375 0.5400390625 0.037109375 0.056640625
0 0.294921875 0.552734375 0.0419921875 0.0595703125
0 0.654296875 0.552734375 0.048828125 0.0654296875
0 0.576171875 0.546875 0.037109375 0.0537109375
0 0.365234375 0.5517578125 0.04296875 0.0615234375
0 0.2392578125 0.9658203125 0.10546875 0.06640625
0 0.6240234375 0.462890625 0.04296875 0.1025390625
0 0.5654296875 0.490234375 0.0283203125 0.0390625
0 0.841796875 0.6669921875 0.1298828125 0.1806640625
0 0.41796875 0.4482421875 0.021484375 0.0302734375
0 0.4609375 0.4267578125 0.021484375 0.03515625
0 0.5810546875 0.443359375 0.025390625 0.03515625
0 0.841796875 0.6650390625 0.12890625 0.1767578125
0 0.544921875 0.4365234375 0.0205078125 0.0390625