0 0.40625 0.59375 0.044921875 0.0693359375
0 0.2265625 0.7646484375 0.0888671875 0.109375
0 0.3583984375 0.53515625 0.04296875 0.0595703125
0 0.359375 0.7587890625 0.080078125 0.1240234375
0 0.583984375 0.6162109375 0.0478515625 0.078125
0 0.669921875 0.6123046875 0.056640625 0.0830078125
0 0.7578125 0.6162109375 0.056640625 0.0791015625
0 0.59375 0.4658203125 0.0244140625 0.0390625
0 0.4296875 0.5322265625 0.033203125 0.0498046875
0 0.380859375 0.458984375 0.0400390625 0.08984375
0 0.5439453125 0.443359375 0.025390625 0.0400390625
0 0.2001953125 0.619140625 0.103515625 0.1484375
0 0.2001953125 0.619140625 0.103515625 0.150390625
0 0.4365234375 0.482421875 0.029296875 0.037109375
0 0.4638671875 0.4208984375 0.0205078125 0.0322265625
0 0.380859375 0.4619140625 0.0390625 0.08984375