0 0.41015625 0.5810546875 0.04296875 0.0654296875
0 0.36328125 0.525390625 0.0390625 0.0537109375
0 0.6005859375 0.671875 0.05859375 0.09765625
0 0.3681640625 0.7255859375 0.072265625 0.1142578125
0 0.244140625 0.7294921875 0.0810546875 0.0986328125
0 0.796875 0.6650390625 0.072265625 0.09765625
0 0.6953125 0.6572265625 0.064453125 0.0947265625
0 0.599609375 0.4765625 0.0283203125 0.0419921875
0 0.4326171875 0.5244140625 0.033203125 0.0517578125
0 0.5458984375 0.4541015625 0.025390625 0.04296875
0 0.3818359375 0.4541015625 0.0390625 0.080078125
0 0.216796875 0.6025390625 0.095703125 0.1376953125
0 0.462890625 0.4228515625 0.0224609375 0.03515625