0 0.291015625 0.6513671875 0.060546875 0.0791015625
0 0.41796875 0.5517578125 0.037109375 0.0595703125
0 0.31640625 0.9375 0.115234375 0.1240234375
0 0.3896484375 0.650390625 0.060546875 0.0888671875
0 0.6259765625 0.51953125 0.037109375 0.0517578125
0 0.9765625 0.916015625 0.046875 0.14453125
0 0.55859375 0.4951171875 0.0341796875 0.0556640625
0 0.3779296875 0.5009765625 0.037109375 0.0517578125
0 0.7041015625 0.9716796875 0.095703125 0.056640625
0 0.38671875 0.4384765625 0.037109375 0.0791015625
0 0.84765625 0.9072265625 0.138671875 0.18359375
0 0.2578125 0.560546875 0.0751953125 0.1142578125
0 0.4375 0.505859375 0.029296875 0.044921875
0 0.2587890625 0.5615234375 0.07421875 0.1142578125
0 0.556640625 0.412109375 0.0205078125 0.0263671875
0 0.46484375 0.423828125 0.0205078125 0.03515625