0 0.763671875 0.7431640625 0.083984375 0.1083984375
0 0.880859375 0.744140625 0.107421875 0.111328125
0 0.271484375 0.6884765625 0.0732421875 0.107421875
0 0.5888671875 0.576171875 0.04296875 0.0654296875
0 0.6611328125 0.5732421875 0.044921875 0.0615234375
0 0.392578125 0.66015625 0.0625 0.1220703125
0 0.6279296875 0.75390625 0.0625 0.078125
0 0.3857421875 0.443359375 0.01953125 0.02734375
0 0.423828125 0.4462890625 0.0224609375 0.0322265625
0 0.572265625 0.5146484375 0.03125 0.046875
0 0.6240234375 0.734375 0.0673828125 0.1142578125
0 0.5556640625 0.4765625 0.0283203125 0.04296875
0 0.6962890625 0.513671875 0.0556640625 0.0947265625
0 0.5556640625 0.4697265625 0.0302734375 0.05859375
0 0.6083984375 0.4365234375 0.03515625 0.0859375