0 0.580078125 0.5478515625 0.037109375 0.0625
0 0.6416015625 0.5390625 0.037109375 0.048828125
0 0.7119140625 0.65625 0.060546875 0.0859375
0 0.810546875 0.662109375 0.0771484375 0.0888671875
0 0.6044921875 0.6591796875 0.0537109375 0.0888671875
0 0.361328125 0.47265625 0.025390625 0.033203125
0 0.2890625 0.9326171875 0.1171875 0.1318359375
0 0.404296875 0.478515625 0.0283203125 0.0400390625
0 0.978515625 0.9150390625 0.04296875 0.111328125
0 0.59375 0.4599609375 0.029296875 0.03515625
0 0.4697265625 0.40234375 0.0185546875 0.02734375
0 0.56640625 0.501953125 0.029296875 0.048828125
0 0.6767578125 0.4921875 0.0478515625 0.076171875
0 0.6767578125 0.4921875 0.048828125 0.078125
0 0.5517578125 0.466796875 0.025390625 0.0419921875