0 0.419921875 0.5478515625 0.037109375 0.0625
0 0.3583984375 0.5390625 0.037109375 0.048828125
0 0.2880859375 0.65625 0.060546875 0.0859375
0 0.189453125 0.662109375 0.0771484375 0.0888671875
0 0.3955078125 0.6591796875 0.0537109375 0.0888671875
0 0.638671875 0.47265625 0.025390625 0.033203125
0 0.7109375 0.9326171875 0.1171875 0.1318359375
0 0.595703125 0.478515625 0.0283203125 0.0400390625
0 0.021484375 0.9150390625 0.04296875 0.111328125
0 0.40625 0.4599609375 0.029296875 0.03515625
0 0.5302734375 0.40234375 0.0185546875 0.02734375
0 0.43359375 0.501953125 0.029296875 0.048828125
0 0.3232421875 0.4921875 0.0478515625 0.076171875
0 0.3232421875 0.4921875 0.048828125 0.078125
0 0.4482421875 0.466796875 0.025390625 0.0419921875