0 0.0419921875 0.880859375 0.083984375 0.1455078125
0 0.298828125 0.6357421875 0.056640625 0.080078125
0 0.603515625 0.4912109375 0.02734375 0.0419921875
0 0.650390625 0.4873046875 0.029296875 0.0419921875
0 0.4228515625 0.5390625 0.0390625 0.0556640625
0 0.400390625 0.6435546875 0.0517578125 0.0859375
0 0.208984375 0.638671875 0.0712890625 0.080078125
0 0.3623046875 0.5283203125 0.0341796875 0.046875
0 0.53125 0.40625 0.0205078125 0.0361328125
0 0.4091796875 0.4580078125 0.029296875 0.033203125
0 0.294921875 0.9794921875 0.1015625 0.0390625
0 0.435546875 0.49609375 0.0263671875 0.04296875
0 0.3291015625 0.486328125 0.0478515625 0.078125
0 0.328125 0.486328125 0.046875 0.080078125