0 0.6630859375 0.5009765625 0.0341796875 0.044921875
0 0.6123046875 0.509765625 0.033203125 0.0498046875
0 0.4052734375 0.62890625 0.0478515625 0.078125
0 0.3095703125 0.615234375 0.0478515625 0.078125
0 0.0595703125 0.828125 0.1181640625 0.12890625
0 0.3046875 0.9453125 0.115234375 0.109375
0 0.224609375 0.6240234375 0.06640625 0.080078125
0 0.4248046875 0.53125 0.0390625 0.056640625
0 0.3681640625 0.5205078125 0.0361328125 0.046875
0 0.5927734375 0.421875 0.013671875 0.01953125
0 0.4384765625 0.4912109375 0.025390625 0.044921875
0 0.5341796875 0.412109375 0.021484375 0.033203125
0 0.333984375 0.4814453125 0.044921875 0.0751953125
0 0.41015625 0.451171875 0.025390625 0.037109375
0 0.333984375 0.48046875 0.044921875 0.076171875