0 0.1748046875 0.6875 0.07421875 0.08984375
0 0.107421875 0.947265625 0.15234375 0.10546875
0 0.4189453125 0.5771484375 0.0400390625 0.0654296875
0 0.7470703125 0.6005859375 0.056640625 0.080078125
0 0.68359375 0.626953125 0.0556640625 0.08984375
0 0.34375 0.5615234375 0.0390625 0.0595703125
0 0.3603515625 0.7880859375 0.080078125 0.1337890625
0 0.54296875 0.439453125 0.0244140625 0.0400390625
0 0.2734375 0.568359375 0.048828125 0.0615234375
0 0.38671875 0.4912109375 0.033203125 0.044921875
0 0.43359375 0.5087890625 0.033203125 0.046875
0 0.4189453125 0.4384765625 0.0244140625 0.03515625
0 0.609375 0.4443359375 0.015625 0.0234375
0 0.61328125 0.4462890625 0.017578125 0.0234375
0 0.3505859375 0.462890625 0.0380859375 0.0625