0 0.8251953125 0.6875 0.07421875 0.08984375
0 0.892578125 0.947265625 0.15234375 0.10546875
0 0.5810546875 0.5771484375 0.0400390625 0.0654296875
0 0.2529296875 0.6005859375 0.056640625 0.080078125
0 0.31640625 0.626953125 0.0556640625 0.08984375
0 0.65625 0.5615234375 0.0390625 0.0595703125
0 0.6396484375 0.7880859375 0.080078125 0.1337890625
0 0.45703125 0.439453125 0.0244140625 0.0400390625
0 0.7265625 0.568359375 0.048828125 0.0615234375
0 0.61328125 0.4912109375 0.033203125 0.044921875
0 0.56640625 0.5087890625 0.033203125 0.046875
0 0.5810546875 0.4384765625 0.0244140625 0.03515625
0 0.390625 0.4443359375 0.015625 0.0234375
0 0.38671875 0.4462890625 0.017578125 0.0234375
0 0.6494140625 0.462890625 0.0380859375 0.0625