0 0.28515625 0.68359375 0.0673828125 0.107421875
0 0.8037109375 0.6630859375 0.068359375 0.087890625
0 0.8623046875 0.91796875 0.1591796875 0.1611328125
0 0.21875 0.642578125 0.072265625 0.095703125
0 0.578125 0.56640625 0.0380859375 0.0654296875
0 0.4521484375 0.44921875 0.025390625 0.0458984375
0 0.6494140625 0.548828125 0.0361328125 0.05859375
0 0.630859375 0.755859375 0.0791015625 0.1220703125
0 0.7216796875 0.560546875 0.04296875 0.0556640625
0 0.380859375 0.4501953125 0.01953125 0.029296875
0 0.564453125 0.5 0.033203125 0.046875
0 0.609375 0.4853515625 0.0322265625 0.04296875
0 0.578125 0.435546875 0.025390625 0.0302734375
0 0.4072265625 0.4189453125 0.013671875 0.0205078125