0 0.044921875 0.8603515625 0.0888671875 0.1455078125
0 0.82421875 0.8740234375 0.115234375 0.1884765625
0 0.20703125 0.8115234375 0.111328125 0.1376953125
0 0.228515625 0.6259765625 0.0595703125 0.078125
0 0.5556640625 0.4736328125 0.029296875 0.05859375
0 0.892578125 0.775390625 0.1142578125 0.1513671875
0 0.298828125 0.537109375 0.044921875 0.0517578125
0 0.3623046875 0.5283203125 0.0302734375 0.0517578125
0 0.4267578125 0.5517578125 0.037109375 0.05859375
0 0.3828125 0.7021484375 0.0654296875 0.10546875
0 0.63671875 0.47265625 0.0244140625 0.033203125
0 0.3955078125 0.4736328125 0.0302734375 0.0419921875
0 0.5966796875 0.427734375 0.0185546875 0.0263671875
0 0.439453125 0.4853515625 0.0302734375 0.0419921875
0 0.423828125 0.431640625 0.0224609375 0.0302734375