0 0.955078125 0.8603515625 0.0888671875 0.1455078125
0 0.17578125 0.8740234375 0.115234375 0.1884765625
0 0.79296875 0.8115234375 0.111328125 0.1376953125
0 0.771484375 0.6259765625 0.0595703125 0.078125
0 0.4443359375 0.4736328125 0.029296875 0.05859375
0 0.107421875 0.775390625 0.1142578125 0.1513671875
0 0.701171875 0.537109375 0.044921875 0.0517578125
0 0.6376953125 0.5283203125 0.0302734375 0.0517578125
0 0.5732421875 0.5517578125 0.037109375 0.05859375
0 0.6171875 0.7021484375 0.0654296875 0.10546875
0 0.36328125 0.47265625 0.0244140625 0.033203125
0 0.6044921875 0.4736328125 0.0302734375 0.0419921875
0 0.4033203125 0.427734375 0.0185546875 0.0263671875
0 0.560546875 0.4853515625 0.0302734375 0.0419921875
0 0.576171875 0.431640625 0.0224609375 0.0302734375