0 0.939453125 0.8125 0.12109375 0.1318359375
0 0.7685546875 0.767578125 0.099609375 0.119140625
0 0.044921875 0.8896484375 0.08984375 0.203125
0 0.7587890625 0.609375 0.052734375 0.0712890625
0 0.439453125 0.486328125 0.0322265625 0.05859375
0 0.6318359375 0.5205078125 0.03515625 0.0517578125
0 0.3544921875 0.484375 0.0283203125 0.0390625
0 0.5703125 0.5419921875 0.0380859375 0.0537109375
0 0.6103515625 0.6787109375 0.0615234375 0.09765625
0 0.08984375 0.96484375 0.1181640625 0.068359375
0 0.6953125 0.5283203125 0.037109375 0.04296875
0 0.6005859375 0.4697265625 0.0283203125 0.0361328125
0 0.39453125 0.4375 0.0166015625 0.0234375
0 0.6337890625 0.4482421875 0.0341796875 0.05859375