0 0.56640625 0.5078125 0.03515625 0.068359375
0 0.0888671875 0.7705078125 0.1171875 0.115234375
0 0.6591796875 0.5 0.029296875 0.044921875
0 0.3720703125 0.515625 0.033203125 0.0498046875
0 0.390625 0.6630859375 0.0546875 0.095703125
0 0.2509765625 0.7314453125 0.08984375 0.109375
0 0.2548828125 0.5947265625 0.0498046875 0.0712890625
0 0.4306640625 0.533203125 0.0341796875 0.0556640625
0 0.3134765625 0.51953125 0.0390625 0.0458984375
0 0.609375 0.443359375 0.0205078125 0.0263671875
0 0.369140625 0.443359375 0.033203125 0.056640625
0 0.40234375 0.4658203125 0.0263671875 0.03515625