0 0.8125 0.6572265625 0.0791015625 0.0830078125
0 0.6923828125 0.630859375 0.0625 0.080078125
0 0.2666015625 0.58984375 0.048828125 0.0712890625
0 0.951171875 0.8837890625 0.095703125 0.1552734375
0 0.591796875 0.6044921875 0.044921875 0.0732421875
0 0.5634765625 0.5087890625 0.0302734375 0.0498046875
0 0.916015625 0.966796875 0.134765625 0.06640625
0 0.7099609375 0.548828125 0.03515625 0.052734375
0 0.357421875 0.4833984375 0.029296875 0.037109375
0 0.3837890625 0.6484375 0.064453125 0.1318359375
0 0.3837890625 0.6484375 0.064453125 0.1337890625
0 0.5888671875 0.451171875 0.02734375 0.037109375
0 0.6123046875 0.486328125 0.029296875 0.0419921875
0 0.6640625 0.4921875 0.033203125 0.0458984375