0 0.6298828125 0.6884765625 0.060546875 0.107421875
0 0.333984375 0.583984375 0.0439453125 0.0634765625
0 0.3193359375 0.896484375 0.10546875 0.1611328125
0 0.779296875 0.78515625 0.083984375 0.1357421875
0 0.5458984375 0.4541015625 0.025390625 0.0361328125
0 0.4365234375 0.515625 0.0302734375 0.0498046875
0 0.220703125 0.619140625 0.06640625 0.072265625
0 0.6181640625 0.4287109375 0.0537109375 0.0947265625
0 0.9638671875 0.9111328125 0.0712890625 0.162109375
0 0.3662109375 0.4599609375 0.029296875 0.029296875
0 0.4560546875 0.4443359375 0.0244140625 0.037109375
0 0.6181640625 0.4296875 0.052734375 0.08984375
0 0.4052734375 0.46484375 0.025390625 0.0400390625