0 0.126953125 0.7470703125 0.103515625 0.1123046875
0 0.3359375 0.5830078125 0.05078125 0.0654296875
0 0.234375 0.6044921875 0.0625 0.072265625
0 0.4169921875 0.5732421875 0.041015625 0.06640625
0 0.8642578125 0.7509765625 0.091796875 0.130859375
0 0.1884765625 0.828125 0.109375 0.138671875
0 0.560546875 0.4609375 0.0244140625 0.0390625
0 0.24609375 0.9677734375 0.123046875 0.0634765625
0 0.6845703125 0.529296875 0.04296875 0.0634765625
0 0.4404296875 0.4990234375 0.0322265625 0.0458984375
0 0.73828125 0.923828125 0.1298828125 0.1513671875
0 0.3984375 0.4736328125 0.025390625 0.0400390625
0 0.1728515625 0.849609375 0.078125 0.1015625
0 0.3095703125 0.5263671875 0.0283203125 0.0537109375
0 0.3505859375 0.474609375 0.0302734375 0.037109375