0 0.169921875 0.87890625 0.12109375 0.15234375
0 0.3740234375 0.515625 0.037109375 0.0498046875
0 0.30859375 0.6220703125 0.052734375 0.0751953125
0 0.630859375 0.6640625 0.0546875 0.0947265625
0 0.3603515625 0.6962890625 0.0751953125 0.109375
0 0.4326171875 0.5224609375 0.03515625 0.0556640625
0 0.2509765625 0.5947265625 0.0556640625 0.0712890625
0 0.302734375 0.525390625 0.04296875 0.052734375
0 0.625 0.4609375 0.021484375 0.0322265625
0 0.978515625 0.921875 0.0419921875 0.150390625
0 0.44921875 0.470703125 0.0263671875 0.03515625
0 0.5673828125 0.42578125 0.0205078125 0.0234375