0 0.2255859375 0.78125 0.095703125 0.12109375
0 0.3837890625 0.5 0.033203125 0.044921875
0 0.326171875 0.5927734375 0.0478515625 0.0693359375
0 0.576171875 0.439453125 0.021484375 0.0302734375
0 0.375 0.650390625 0.0615234375 0.0927734375
0 0.7021484375 0.869140625 0.095703125 0.18359375
0 0.4345703125 0.51171875 0.033203125 0.0517578125
0 0.642578125 0.4833984375 0.0263671875 0.0390625
0 0.3134765625 0.5126953125 0.037109375 0.0458984375
0 0.267578125 0.5732421875 0.0390625 0.0634765625
0 0.4501953125 0.466796875 0.025390625 0.0361328125
0 0.5419921875 0.427734375 0.0185546875 0.02734375