0 0.7744140625 0.78125 0.095703125 0.12109375
0 0.6162109375 0.5 0.033203125 0.044921875
0 0.673828125 0.5927734375 0.0478515625 0.0693359375
0 0.423828125 0.439453125 0.021484375 0.0302734375
0 0.625 0.650390625 0.0615234375 0.0927734375
0 0.2978515625 0.869140625 0.095703125 0.18359375
0 0.5654296875 0.51171875 0.033203125 0.0517578125
0 0.357421875 0.4833984375 0.0263671875 0.0390625
0 0.6865234375 0.5126953125 0.037109375 0.0458984375
0 0.732421875 0.5732421875 0.0390625 0.0634765625
0 0.5498046875 0.466796875 0.025390625 0.0361328125
0 0.4580078125 0.427734375 0.0185546875 0.02734375