0 0.666015625 0.5791015625 0.0439453125 0.0634765625
0 0.619140625 0.6328125 0.056640625 0.0849609375
0 0.345703125 0.4970703125 0.029296875 0.04296875
0 0.61328125 0.4951171875 0.033203125 0.0419921875
0 0.724609375 0.5634765625 0.0390625 0.056640625
0 0.419921875 0.4482421875 0.0234375 0.029296875
0 0.7529296875 0.740234375 0.080078125 0.107421875
0 0.9814453125 0.90234375 0.037109375 0.0986328125
0 0.5634765625 0.505859375 0.029296875 0.048828125
0 0.45703125 0.4365234375 0.0205078125 0.0322265625
0 0.6796875 0.5068359375 0.0341796875 0.04296875
0 0.5478515625 0.4619140625 0.025390625 0.03515625
0 0.7666015625 0.7578125 0.06640625 0.08203125