0 0.2646484375 0.7119140625 0.0732421875 0.0986328125
0 0.384765625 0.6162109375 0.052734375 0.080078125
0 0.6669921875 0.5146484375 0.0361328125 0.0517578125
0 0.3369140625 0.5693359375 0.0390625 0.0595703125
0 0.041015625 0.8779296875 0.080078125 0.1611328125
0 0.587890625 0.4560546875 0.0244140625 0.03515625
0 0.28515625 0.5537109375 0.0400390625 0.056640625
0 0.4375 0.5029296875 0.029296875 0.048828125
0 0.390625 0.48828125 0.0322265625 0.0400390625
0 0.326171875 0.498046875 0.0341796875 0.0419921875
0 0.546875 0.4453125 0.021484375 0.0322265625
0 0.255859375 0.7177734375 0.05859375 0.0888671875
0 0.453125 0.4599609375 0.025390625 0.0361328125