0 0.9189453125 0.7861328125 0.12890625 0.130859375
0 0.296875 0.55859375 0.0390625 0.056640625
0 0.603515625 0.58984375 0.046875 0.078125
0 0.7080078125 0.66015625 0.0625 0.0791015625
0 0.6484375 0.548828125 0.037109375 0.056640625
0 0.447265625 0.4677734375 0.025390625 0.04296875
0 0.3994140625 0.4794921875 0.0283203125 0.0400390625
0 0.603515625 0.4775390625 0.0302734375 0.0400390625
0 0.6982421875 0.5341796875 0.0400390625 0.0517578125
0 0.560546875 0.49609375 0.029296875 0.044921875
0 0.71484375 0.666015625 0.05078125 0.0791015625
0 0.6640625 0.48828125 0.0322265625 0.0400390625
0 0.544921875 0.4580078125 0.025390625 0.0400390625