0 0.314453125 0.6259765625 0.052734375 0.0732421875
0 0.140625 0.71484375 0.1015625 0.107421875
0 0.12890625 0.931640625 0.1474609375 0.134765625
0 0.3623046875 0.53125 0.03515625 0.0498046875
0 0.5634765625 0.5009765625 0.029296875 0.046875
0 0.40234375 0.5673828125 0.044921875 0.068359375
0 0.6201171875 0.51171875 0.03515625 0.0498046875
0 0.3154296875 0.5185546875 0.03515625 0.0458984375
0 0.7568359375 0.625 0.0556640625 0.080078125
0 0.40234375 0.4677734375 0.029296875 0.037109375
0 0.4423828125 0.486328125 0.029296875 0.046875
0 0.5419921875 0.4365234375 0.021484375 0.0390625
0 0.57421875 0.4365234375 0.021484375 0.0322265625