0 0.185546875 0.6630859375 0.0830078125 0.0927734375
0 0.5791015625 0.55078125 0.037109375 0.0634765625
0 0.1982421875 0.8359375 0.107421875 0.1416015625
0 0.33203125 0.5966796875 0.0517578125 0.0712890625
0 0.408203125 0.55078125 0.04296875 0.068359375
0 0.6494140625 0.5595703125 0.048828125 0.0634765625
0 0.37109375 0.51953125 0.0322265625 0.0498046875
0 0.853515625 0.7412109375 0.08984375 0.125
0 0.583984375 0.4541015625 0.0283203125 0.03515625
0 0.3251953125 0.5048828125 0.0302734375 0.0400390625
0 0.443359375 0.48046875 0.0263671875 0.0400390625
0 0.5478515625 0.455078125 0.025390625 0.04296875
0 0.4072265625 0.4599609375 0.02734375 0.0361328125