0 0.33203125 0.591796875 0.052734375 0.0712890625
0 0.662109375 0.5830078125 0.046875 0.0634765625
0 0.796875 0.642578125 0.0771484375 0.0888671875
0 0.7763671875 0.7890625 0.095703125 0.130859375
0 0.4091796875 0.5859375 0.04296875 0.0791015625
0 0.587890625 0.5419921875 0.041015625 0.0625
0 0.41015625 0.462890625 0.025390625 0.0390625
0 0.623046875 0.5107421875 0.03125 0.046875
0 0.6689453125 0.5 0.0322265625 0.046875
0 0.06640625 0.8408203125 0.1240234375 0.162109375
0 0.5546875 0.4775390625 0.0263671875 0.0400390625
0 0.44921875 0.4697265625 0.025390625 0.0400390625
0 0.64453125 0.4697265625 0.02734375 0.0419921875
0 0.5908203125 0.4541015625 0.0283203125 0.03515625