0 0.2333984375 0.6083984375 0.0673828125 0.0751953125
0 0.26171875 0.720703125 0.0771484375 0.1044921875
0 0.7255859375 0.6884765625 0.076171875 0.1044921875
0 0.626953125 0.701171875 0.0673828125 0.1279296875
0 0.349609375 0.55859375 0.0380859375 0.0615234375
0 0.28515625 0.9443359375 0.1240234375 0.111328125
0 0.6044921875 0.4921875 0.033203125 0.046875
0 0.41796875 0.52734375 0.037109375 0.05859375
0 0.560546875 0.50390625 0.0322265625 0.0498046875
0 0.033203125 0.8955078125 0.06640625 0.1318359375
0 0.544921875 0.4521484375 0.0244140625 0.0361328125
0 0.384765625 0.4990234375 0.03125 0.046875
0 0.447265625 0.4716796875 0.029296875 0.0400390625
0 0.3408203125 0.4912109375 0.03125 0.0458984375
0 0.4638671875 0.4287109375 0.021484375 0.046875
0 0.6044921875 0.4345703125 0.021484375 0.029296875