0 0.3466796875 0.7724609375 0.0869140625 0.1181640625
0 0.59765625 0.630859375 0.048828125 0.091796875
0 0.3125 0.630859375 0.05859375 0.076171875
0 0.5634765625 0.515625 0.0361328125 0.0517578125
0 0.6611328125 0.58984375 0.052734375 0.0732421875
0 0.1279296875 0.732421875 0.1064453125 0.1025390625
0 0.275390625 0.5634765625 0.05078125 0.0615234375
0 0.42578125 0.5068359375 0.03515625 0.052734375
0 0.609375 0.49609375 0.033203125 0.0419921875
0 0.63671875 0.4716796875 0.025390625 0.0361328125
0 0.3681640625 0.52734375 0.037109375 0.0537109375
0 0.35546875 0.47265625 0.02734375 0.0400390625
0 0.39453125 0.4775390625 0.02734375 0.044921875
0 0.46484375 0.4189453125 0.021484375 0.04296875