0 0.1923828125 0.8427734375 0.1171875 0.1416015625
0 0.3544921875 0.556640625 0.0419921875 0.0634765625
0 0.7236328125 0.693359375 0.072265625 0.095703125
0 0.744140625 0.59765625 0.056640625 0.0791015625
0 0.6796875 0.884765625 0.103515625 0.1943359375
0 0.390625 0.6298828125 0.060546875 0.078125
0 0.43359375 0.484375 0.0302734375 0.0458984375
0 0.630859375 0.5400390625 0.037109375 0.0556640625
0 0.23828125 0.599609375 0.0625 0.0693359375
0 0.31640625 0.517578125 0.0400390625 0.044921875
0 0.6162109375 0.4482421875 0.021484375 0.0302734375
0 0.6474609375 0.5087890625 0.03125 0.0517578125
0 0.390625 0.490234375 0.0263671875 0.037109375
0 0.4541015625 0.4462890625 0.0224609375 0.033203125