0 0.2646484375 0.5908203125 0.0537109375 0.0712890625
0 0.4296875 0.517578125 0.0361328125 0.05859375
0 0.6904296875 0.62890625 0.056640625 0.078125
0 0.583984375 0.548828125 0.0400390625 0.056640625
0 0.8828125 0.951171875 0.1455078125 0.095703125
0 0.61328125 0.505859375 0.03515625 0.0458984375
0 0.689453125 0.5205078125 0.041015625 0.0498046875
0 0.37890625 0.447265625 0.0234375 0.03515625
0 0.458984375 0.427734375 0.01953125 0.0361328125
0 0.412109375 0.455078125 0.0224609375 0.033203125
0 0.5576171875 0.4599609375 0.0244140625 0.0390625
0 0.650390625 0.4794921875 0.033203125 0.0390625