0 0.1240234375 0.7646484375 0.1015625 0.1337890625
0 0.666015625 0.587890625 0.0498046875 0.068359375
0 0.802734375 0.84375 0.1103515625 0.1455078125
0 0.3916015625 0.625 0.052734375 0.09765625
0 0.388671875 0.4970703125 0.033203125 0.046875
0 0.3515625 0.478515625 0.029296875 0.04296875
0 0.578125 0.5302734375 0.037109375 0.0517578125
0 0.44921875 0.458984375 0.025390625 0.04296875
0 0.6689453125 0.50390625 0.033203125 0.04296875
0 0.60546875 0.490234375 0.033203125 0.04296875
0 0.5556640625 0.455078125 0.0244140625 0.0361328125
0 0.6416015625 0.4697265625 0.029296875 0.0400390625
0 0.4306640625 0.421875 0.01953125 0.02734375