0 0.9482421875 0.8779296875 0.103515625 0.1787109375
0 0.337890625 0.576171875 0.044921875 0.0625
0 0.662109375 0.494140625 0.03125 0.048828125
0 0.421875 0.525390625 0.037109375 0.046875
0 0.556640625 0.474609375 0.02734375 0.0498046875
0 0.220703125 0.802734375 0.103515625 0.140625
0 0.625 0.517578125 0.03515625 0.0517578125
0 0.6318359375 0.6943359375 0.0654296875 0.125
0 0.330078125 0.4990234375 0.0361328125 0.04296875
0 0.3955078125 0.4873046875 0.0302734375 0.04296875
0 0.361328125 0.4677734375 0.02734375 0.0419921875
0 0.4443359375 0.4521484375 0.0244140625 0.0361328125
0 0.462890625 0.4228515625 0.0224609375 0.0361328125
0 0.6171875 0.4482421875 0.01953125 0.029296875