0 0.5732421875 0.513671875 0.0341796875 0.046875
0 0.3408203125 0.576171875 0.046875 0.072265625
0 0.30859375 0.529296875 0.0400390625 0.0625
0 0.431640625 0.5107421875 0.03515625 0.0634765625
0 0.74609375 0.7412109375 0.087890625 0.109375
0 0.650390625 0.556640625 0.0390625 0.0595703125
0 0.2685546875 0.919921875 0.126953125 0.16015625
0 0.365234375 0.46875 0.0244140625 0.0361328125
0 0.4501953125 0.453125 0.025390625 0.0419921875
0 0.416015625 0.4453125 0.0224609375 0.0302734375
0 0.599609375 0.4775390625 0.0263671875 0.0390625
0 0.552734375 0.4462890625 0.0224609375 0.033203125
0 0.6630859375 0.4921875 0.033203125 0.044921875