0 0.1240234375 0.9208984375 0.158203125 0.1513671875
0 0.595703125 0.587890625 0.0458984375 0.080078125
0 0.73828125 0.5927734375 0.0517578125 0.072265625
0 0.0390625 0.8955078125 0.076171875 0.1611328125
0 0.30859375 0.8955078125 0.12109375 0.1962890625
0 0.375 0.515625 0.0341796875 0.046875
0 0.314453125 0.6259765625 0.0498046875 0.078125
0 0.5439453125 0.4453125 0.025390625 0.037109375
0 0.7265625 0.8994140625 0.1328125 0.201171875
0 0.6396484375 0.53515625 0.0400390625 0.056640625
0 0.43359375 0.4931640625 0.033203125 0.0458984375
0 0.9423828125 0.8349609375 0.1142578125 0.19140625
0 0.3583984375 0.46875 0.0302734375 0.0400390625
0 0.451171875 0.43359375 0.021484375 0.0322265625
0 0.412109375 0.458984375 0.025390625 0.03515625