0 0.818359375 0.845703125 0.1240234375 0.15234375
0 0.666015625 0.6044921875 0.0576171875 0.0732421875
0 0.447265625 0.470703125 0.029296875 0.0458984375
0 0.6162109375 0.50390625 0.03515625 0.048828125
0 0.9287109375 0.8017578125 0.1279296875 0.1318359375
0 0.3232421875 0.6015625 0.05078125 0.0791015625
0 0.18359375 0.6865234375 0.078125 0.107421875
0 0.3623046875 0.703125 0.0703125 0.1279296875
0 0.6669921875 0.8203125 0.1044921875 0.16796875
0 0.5634765625 0.484375 0.029296875 0.0400390625
0 0.63671875 0.462890625 0.02734375 0.0361328125
0 0.5859375 0.4501953125 0.0244140625 0.03515625
0 0.546875 0.4287109375 0.0234375 0.0361328125