0 0.759765625 0.7451171875 0.095703125 0.1162109375
0 0.8486328125 0.7080078125 0.0927734375 0.099609375
0 0.4248046875 0.53515625 0.0390625 0.0634765625
0 0.1962890625 0.8134765625 0.1103515625 0.1640625
0 0.65625 0.5732421875 0.0517578125 0.06640625
0 0.609375 0.4912109375 0.0322265625 0.0419921875
0 0.4228515625 0.4462890625 0.0224609375 0.02734375
0 0.560546875 0.4755859375 0.0283203125 0.0390625
0 0.630859375 0.4560546875 0.0283203125 0.033203125
0 0.642578125 0.73828125 0.08984375 0.1357421875
0 0.544921875 0.4248046875 0.0224609375 0.029296875