0 0.109375 0.92578125 0.142578125 0.1455078125
0 0.90625 0.953125 0.1455078125 0.0927734375
0 0.74609375 0.7216796875 0.0908203125 0.1083984375
0 0.412109375 0.5703125 0.0458984375 0.078125
0 0.830078125 0.68359375 0.0859375 0.095703125
0 0.6494140625 0.5625 0.0419921875 0.0654296875
0 0.6357421875 0.7158203125 0.07421875 0.1279296875
0 0.607421875 0.4853515625 0.0283203125 0.0419921875
0 0.416015625 0.45703125 0.0263671875 0.03515625
0 0.5595703125 0.4736328125 0.02734375 0.0400390625
0 0.544921875 0.4228515625 0.021484375 0.02734375