0 0.181640625 0.83984375 0.1142578125 0.134765625
0 0.365234375 0.5419921875 0.0439453125 0.0615234375
0 0.287109375 0.662109375 0.072265625 0.08984375
0 0.298828125 0.9384765625 0.11328125 0.119140625
0 0.21484375 0.62890625 0.06640625 0.078125
0 0.658203125 0.7841796875 0.087890625 0.1767578125
0 0.6103515625 0.5048828125 0.03515625 0.0498046875
0 0.380859375 0.6650390625 0.060546875 0.10546875
0 0.3994140625 0.4736328125 0.0263671875 0.0400390625
0 0.5390625 0.4169921875 0.015625 0.0224609375
0 0.443359375 0.4638671875 0.02734375 0.0400390625
0 0.4580078125 0.419921875 0.0224609375 0.033203125
0 0.53515625 0.4189453125 0.01953125 0.025390625
0 0.5947265625 0.4267578125 0.0166015625 0.0234375