0 0.7978515625 0.8037109375 0.1025390625 0.1259765625
0 0.7041015625 0.6484375 0.068359375 0.087890625
0 0.689453125 0.9169921875 0.1083984375 0.1611328125
0 0.6318359375 0.5380859375 0.04296875 0.0615234375
0 0.771484375 0.6142578125 0.0625 0.0751953125
0 0.2763671875 0.9091796875 0.14453125 0.1767578125
0 0.6142578125 0.6474609375 0.0634765625 0.1044921875
0 0.373046875 0.5283203125 0.0341796875 0.0537109375
0 0.556640625 0.462890625 0.0263671875 0.037109375
0 0.4609375 0.42578125 0.0146484375 0.0263671875
0 0.396484375 0.4375 0.0146484375 0.0224609375
0 0.599609375 0.474609375 0.029296875 0.0361328125
0 0.541015625 0.4169921875 0.0234375 0.0322265625