0 0.7373046875 0.705078125 0.076171875 0.095703125
0 0.59765625 0.6025390625 0.0498046875 0.087890625
0 0.6796875 0.6025390625 0.0517578125 0.0712890625
0 0.6181640625 0.513671875 0.037109375 0.046875
0 0.9560546875 0.8046875 0.087890625 0.3349609375
0 0.771484375 0.9638671875 0.1171875 0.072265625
0 0.4501953125 0.4638671875 0.0263671875 0.044921875
0 0.6484375 0.787109375 0.0869140625 0.1376953125
0 0.734375 0.5712890625 0.046875 0.06640625
0 0.2470703125 0.7470703125 0.091796875 0.12890625
0 0.359375 0.4794921875 0.0244140625 0.037109375
0 0.552734375 0.4580078125 0.0263671875 0.03515625
0 0.5390625 0.412109375 0.0244140625 0.0322265625