0 0.662109375 0.49609375 0.03515625 0.046875
0 0.3154296875 0.6123046875 0.0556640625 0.072265625
0 0.3896484375 0.6572265625 0.060546875 0.0986328125
0 0.115234375 0.7275390625 0.228515625 0.443359375
0 0.314453125 0.7734375 0.0810546875 0.12109375
0 0.630859375 0.7197265625 0.0673828125 0.119140625
0 0.85546875 0.7431640625 0.0966796875 0.125
0 0.4208984375 0.546875 0.0390625 0.0693359375
0 0.3525390625 0.5498046875 0.0419921875 0.05859375
0 0.3125 0.517578125 0.0380859375 0.048828125
0 0.3984375 0.484375 0.029296875 0.0419921875