0 0.3310546875 0.5888671875 0.05078125 0.0654296875
0 0.4013671875 0.62109375 0.0517578125 0.0859375
0 0.3359375 0.712890625 0.0703125 0.1015625
0 0.724609375 0.568359375 0.052734375 0.0654296875
0 0.130859375 0.6640625 0.259765625 0.3681640625
0 0.423828125 0.533203125 0.0400390625 0.0654296875
0 0.36328125 0.53515625 0.041015625 0.052734375
0 0.4033203125 0.474609375 0.0302734375 0.04296875
0 0.326171875 0.5029296875 0.0380859375 0.0458984375
0 0.4541015625 0.44140625 0.0205078125 0.025390625
0 0.541015625 0.4365234375 0.0205078125 0.033203125
0 0.59765625 0.4189453125 0.017578125 0.0205078125
0 0.5654296875 0.412109375 0.017578125 0.0302734375