0 0.3359375 0.580078125 0.048828125 0.0615234375
0 0.404296875 0.611328125 0.048828125 0.0849609375
0 0.7578125 0.607421875 0.0615234375 0.078125
0 0.3427734375 0.6962890625 0.064453125 0.095703125
0 0.1376953125 0.640625 0.2666015625 0.3427734375
0 0.3662109375 0.529296875 0.037109375 0.0517578125
0 0.087890625 0.9521484375 0.1337890625 0.0947265625
0 0.3310546875 0.4990234375 0.037109375 0.0458984375
0 0.4267578125 0.5224609375 0.037109375 0.0595703125
0 0.568359375 0.4208984375 0.0185546875 0.03515625
0 0.544921875 0.4482421875 0.01953125 0.0322265625
0 0.6025390625 0.4267578125 0.017578125 0.0263671875
0 0.4052734375 0.4716796875 0.029296875 0.0419921875
0 0.4541015625 0.439453125 0.021484375 0.029296875