0 0.5927734375 0.6025390625 0.048828125 0.0791015625
0 0.8408203125 0.623046875 0.2431640625 0.318359375
0 0.66015625 0.5751953125 0.046875 0.0634765625
0 0.1982421875 0.6630859375 0.0751953125 0.09765625
0 0.6494140625 0.6787109375 0.068359375 0.0927734375
0 0.896484375 0.9443359375 0.1513671875 0.107421875
0 0.703125 0.96875 0.1005859375 0.0625
0 0.630859375 0.5244140625 0.0380859375 0.0517578125
0 0.4521484375 0.4580078125 0.0224609375 0.037109375
0 0.6630859375 0.49609375 0.037109375 0.0458984375
0 0.390625 0.4345703125 0.0234375 0.02734375
0 0.5712890625 0.521484375 0.0361328125 0.0634765625
0 0.42578125 0.431640625 0.0234375 0.03515625
0 0.591796875 0.4677734375 0.029296875 0.0390625