0 0.6455078125 0.6650390625 0.060546875 0.0888671875
0 0.8759765625 0.923828125 0.15234375 0.1455078125
0 0.658203125 0.5693359375 0.0458984375 0.056640625
0 0.447265625 0.47265625 0.02734375 0.04296875
0 0.8232421875 0.6044921875 0.21875 0.2919921875
0 0.5908203125 0.5927734375 0.048828125 0.0791015625
0 0.6953125 0.9462890625 0.107421875 0.107421875
0 0.1357421875 0.7392578125 0.103515625 0.1279296875
0 0.384765625 0.44140625 0.0185546875 0.0263671875
0 0.6279296875 0.517578125 0.0380859375 0.046875
0 0.58984375 0.4638671875 0.0302734375 0.0390625
0 0.4208984375 0.4384765625 0.0205078125 0.0361328125
0 0.5703125 0.517578125 0.0302734375 0.056640625
0 0.66015625 0.4921875 0.037109375 0.044921875