0 0.22265625 0.7705078125 0.1005859375 0.119140625
0 0.0849609375 0.8037109375 0.1259765625 0.134765625
0 0.3515625 0.8046875 0.0791015625 0.1279296875
0 0.2421875 0.541015625 0.154296875 0.220703125
0 0.361328125 0.5400390625 0.0400390625 0.0517578125
0 0.603515625 0.630859375 0.052734375 0.091796875
0 0.376953125 0.6123046875 0.048828125 0.0751953125
0 0.4189453125 0.5615234375 0.0400390625 0.06640625
0 0.6669921875 0.505859375 0.03125 0.044921875
0 0.55078125 0.462890625 0.02734375 0.04296875
0 0.6201171875 0.5087890625 0.0341796875 0.0595703125
0 0.38671875 0.49609375 0.0361328125 0.044921875
0 0.435546875 0.4990234375 0.033203125 0.0556640625
0 0.591796875 0.4189453125 0.015625 0.01953125