0 0.609375 0.5830078125 0.044921875 0.068359375
0 0.7236328125 0.5087890625 0.123046875 0.18359375
0 0.625 0.7177734375 0.0625 0.1015625
0 0.8310546875 0.69921875 0.087890625 0.1015625
0 0.234375 0.6279296875 0.0595703125 0.08203125
0 0.4189453125 0.556640625 0.0390625 0.0634765625
0 0.73046875 0.6904296875 0.0771484375 0.0986328125
0 0.6298828125 0.5224609375 0.037109375 0.0517578125
0 0.91796875 0.9541015625 0.140625 0.087890625
0 0.291015625 0.662109375 0.068359375 0.12109375
0 0.69921875 0.9775390625 0.1015625 0.044921875
0 0.572265625 0.5400390625 0.03515625 0.05859375
0 0.4267578125 0.4423828125 0.0224609375 0.025390625
0 0.3828125 0.44921875 0.01953125 0.02734375
0 0.6044921875 0.478515625 0.0322265625 0.037109375