0 0.33984375 0.8798828125 0.099609375 0.1640625
0 0.2998046875 0.6357421875 0.0634765625 0.080078125
0 0.2236328125 0.630859375 0.068359375 0.078125
0 0.392578125 0.6572265625 0.0546875 0.08203125
0 0.1748046875 0.83984375 0.107421875 0.140625
0 0.400390625 0.5595703125 0.0390625 0.0595703125
0 0.3017578125 0.4853515625 0.1005859375 0.1611328125
0 0.431640625 0.5224609375 0.0322265625 0.0556640625
0 0.3818359375 0.505859375 0.0322265625 0.046875
0 0.5400390625 0.4345703125 0.021484375 0.0302734375
0 0.6669921875 0.5107421875 0.03515625 0.048828125
0 0.705078125 0.908203125 0.111328125 0.1806640625
0 0.60546875 0.4990234375 0.0302734375 0.03515625
0 0.4609375 0.4169921875 0.0234375 0.0322265625
0 0.4453125 0.474609375 0.02734375 0.048828125