0 0.60546875 0.6474609375 0.052734375 0.08203125
0 0.6494140625 0.8408203125 0.091796875 0.1474609375
0 0.6943359375 0.6240234375 0.060546875 0.078125
0 0.693359375 0.48046875 0.0966796875 0.150390625
0 0.7666015625 0.6171875 0.0625 0.0751953125
0 0.56640625 0.517578125 0.03125 0.052734375
0 0.5986328125 0.5537109375 0.037109375 0.0556640625
0 0.31640625 0.5302734375 0.0380859375 0.0537109375
0 0.8056640625 0.8076171875 0.1005859375 0.1318359375
0 0.4560546875 0.443359375 0.0244140625 0.033203125
0 0.615234375 0.5009765625 0.033203125 0.04296875
0 0.3828125 0.51953125 0.03515625 0.046875
0 0.5390625 0.416015625 0.0244140625 0.0322265625
0 0.5546875 0.47265625 0.02734375 0.0458984375
0 0.626953125 0.4521484375 0.033203125 0.0390625