0 0.39453125 0.6474609375 0.052734375 0.08203125
0 0.3505859375 0.8408203125 0.091796875 0.1474609375
0 0.3056640625 0.6240234375 0.060546875 0.078125
0 0.306640625 0.48046875 0.0966796875 0.150390625
0 0.2333984375 0.6171875 0.0625 0.0751953125
0 0.43359375 0.517578125 0.03125 0.052734375
0 0.4013671875 0.5537109375 0.037109375 0.0556640625
0 0.68359375 0.5302734375 0.0380859375 0.0537109375
0 0.1943359375 0.8076171875 0.1005859375 0.1318359375
0 0.5439453125 0.443359375 0.0244140625 0.033203125
0 0.384765625 0.5009765625 0.033203125 0.04296875
0 0.6171875 0.51953125 0.03515625 0.046875
0 0.4609375 0.416015625 0.0244140625 0.0322265625
0 0.4453125 0.47265625 0.02734375 0.0458984375
0 0.373046875 0.4521484375 0.033203125 0.0390625