0 0.4033203125 0.61328125 0.044921875 0.076171875
0 0.125 0.94140625 0.1435546875 0.1162109375
0 0.322265625 0.59375 0.052734375 0.0693359375
0 0.7763671875 0.6435546875 0.068359375 0.0947265625
0 0.3720703125 0.75390625 0.072265625 0.1162109375
0 0.6826171875 0.634765625 0.0546875 0.080078125
0 0.2607421875 0.5859375 0.05078125 0.0634765625
0 0.2373046875 0.734375 0.080078125 0.107421875
0 0.4365234375 0.5078125 0.0283203125 0.0498046875
0 0.55859375 0.4853515625 0.029296875 0.04296875
0 0.3203125 0.46875 0.0888671875 0.1357421875
0 0.3896484375 0.4892578125 0.033203125 0.0390625
0 0.40625 0.544921875 0.0380859375 0.05859375