0 0.3828125 0.708984375 0.0634765625 0.099609375
0 0.1748046875 0.884765625 0.115234375 0.154296875
0 0.3310546875 0.576171875 0.0478515625 0.0654296875
0 0.7880859375 0.822265625 0.1025390625 0.158203125
0 0.275390625 0.5693359375 0.048828125 0.0625
0 0.328125 0.462890625 0.083984375 0.130859375
0 0.4052734375 0.5966796875 0.044921875 0.0712890625
0 0.9130859375 0.8134765625 0.1171875 0.1611328125
0 0.572265625 0.5283203125 0.0341796875 0.0537109375
0 0.251953125 0.6962890625 0.056640625 0.0947265625
0 0.4375 0.501953125 0.029296875 0.046875
0 0.39453125 0.486328125 0.029296875 0.037109375
0 0.41015625 0.53515625 0.033203125 0.0517578125
0 0.533203125 0.416015625 0.021484375 0.025390625
0 0.2607421875 0.689453125 0.072265625 0.0927734375