0 0.587890625 0.5849609375 0.0439453125 0.06640625
0 0.78515625 0.638671875 0.0703125 0.0830078125
0 0.615234375 0.49609375 0.0302734375 0.044921875
0 0.359375 0.5458984375 0.0400390625 0.0625
0 0.73046875 0.6796875 0.0751953125 0.1044921875
0 0.42578125 0.4375 0.0205078125 0.0302734375
0 0.5537109375 0.453125 0.0224609375 0.037109375
0 0.42578125 0.376953125 0.021484375 0.0556640625
0 0.58203125 0.443359375 0.0244140625 0.0322265625
0 0.658203125 0.4873046875 0.02734375 0.037109375
0 0.4267578125 0.37109375 0.0234375 0.06640625
0 0.4521484375 0.361328125 0.0244140625 0.0712890625