0 0.638671875 0.763671875 0.076171875 0.1181640625
0 0.5888671875 0.60546875 0.041015625 0.0751953125
0 0.6806640625 0.609375 0.052734375 0.0751953125
0 0.83984375 0.6904296875 0.0869140625 0.091796875
0 0.2529296875 0.5634765625 0.1611328125 0.2607421875
0 0.7685546875 0.744140625 0.099609375 0.14453125
0 0.6328125 0.52734375 0.0380859375 0.068359375
0 0.6171875 0.4169921875 0.0498046875 0.091796875
0 0.4208984375 0.453125 0.0244140625 0.037109375
0 0.568359375 0.5224609375 0.033203125 0.072265625
0 0.58984375 0.451171875 0.029296875 0.0458984375
0 0.546875 0.4423828125 0.0244140625 0.037109375
0 0.40234375 0.423828125 0.017578125 0.0205078125