0 0.3876953125 0.673828125 0.0595703125 0.091796875
0 0.3271484375 0.89453125 0.11328125 0.18359375
0 0.7041015625 0.5537109375 0.04296875 0.0634765625
0 0.41796875 0.57421875 0.03515625 0.0634765625
0 0.2529296875 0.580078125 0.0419921875 0.05859375
0 0.353515625 0.5498046875 0.0390625 0.05859375
0 0.3125 0.609375 0.0595703125 0.095703125
0 0.58984375 0.4580078125 0.021484375 0.03515625
0 0.0205078125 0.900390625 0.041015625 0.1337890625
0 0.8857421875 0.9404296875 0.130859375 0.119140625
0 0.3955078125 0.40234375 0.0439453125 0.08203125
0 0.4384765625 0.5048828125 0.029296875 0.0498046875
0 0.3828125 0.5009765625 0.03125 0.0625