0 0.3974609375 0.638671875 0.0517578125 0.08203125
0 0.333984375 0.5712890625 0.0517578125 0.0751953125
0 0.3583984375 0.7822265625 0.0859375 0.1416015625
0 0.677734375 0.607421875 0.052734375 0.0791015625
0 0.4228515625 0.5517578125 0.03515625 0.0595703125
0 0.064453125 0.7822265625 0.103515625 0.1337890625
0 0.5498046875 0.423828125 0.0205078125 0.033203125
0 0.365234375 0.537109375 0.0341796875 0.052734375
0 0.4033203125 0.396484375 0.0400390625 0.078125
0 0.2890625 0.5419921875 0.0361328125 0.048828125
0 0.115234375 0.7412109375 0.080078125 0.0859375
0 0.59375 0.3984375 0.037109375 0.0634765625
0 0.38671875 0.494140625 0.0302734375 0.056640625
0 0.59375 0.3994140625 0.0341796875 0.0634765625
0 0.3828125 0.443359375 0.02734375 0.0390625