0 0.3984375 0.6337890625 0.0517578125 0.080078125
0 0.3369140625 0.5693359375 0.048828125 0.078125
0 0.1025390625 0.7490234375 0.1337890625 0.138671875
0 0.71484375 0.6650390625 0.068359375 0.1025390625
0 0.423828125 0.548828125 0.0341796875 0.0595703125
0 0.361328125 0.7685546875 0.0810546875 0.138671875
0 0.5537109375 0.431640625 0.021484375 0.0302734375
0 0.365234375 0.53515625 0.033203125 0.0517578125
0 0.4033203125 0.3955078125 0.0380859375 0.0791015625
0 0.294921875 0.5390625 0.0380859375 0.0458984375
0 0.59765625 0.40234375 0.041015625 0.0712890625
0 0.443359375 0.4892578125 0.0263671875 0.0400390625
0 0.59765625 0.40234375 0.041015625 0.0693359375