0 0.189453125 0.8916015625 0.1298828125 0.1669921875
0 0.0576171875 0.8330078125 0.115234375 0.1513671875
0 0.4130859375 0.5830078125 0.046875 0.078125
0 0.3671875 0.75390625 0.072265625 0.115234375
0 0.263671875 0.7099609375 0.072265625 0.095703125
0 0.291015625 0.9697265625 0.1171875 0.056640625
0 0.43359375 0.521484375 0.03125 0.0517578125
0 0.5693359375 0.529296875 0.037109375 0.056640625
0 0.36328125 0.5263671875 0.041015625 0.0625
0 0.6669921875 0.474609375 0.048828125 0.10546875
0 0.302734375 0.525390625 0.0390625 0.0595703125
0 0.7275390625 0.5947265625 0.037109375 0.0693359375
0 0.6669921875 0.474609375 0.046875 0.109375
0 0.568359375 0.4169921875 0.0166015625 0.02734375
0 0.53515625 0.421875 0.021484375 0.033203125
0 0.5380859375 0.423828125 0.017578125 0.029296875
0 0.86328125 0.7705078125 0.271484375 0.419921875