0 0.6845703125 0.9189453125 0.1142578125 0.162109375
0 0.7578125 0.787109375 0.1015625 0.130859375
0 0.578125 0.5517578125 0.041015625 0.0654296875
0 0.7041015625 0.654296875 0.0595703125 0.08203125
0 0.861328125 0.720703125 0.099609375 0.1142578125
0 0.6171875 0.69140625 0.0576171875 0.0927734375
0 0.30859375 0.91015625 0.1044921875 0.1787109375
0 0.4482421875 0.482421875 0.029296875 0.0458984375
0 0.216796875 0.6005859375 0.1083984375 0.193359375
0 0.6806640625 0.5068359375 0.0380859375 0.056640625
0 0.6376953125 0.525390625 0.0419921875 0.0654296875
0 0.5595703125 0.505859375 0.029296875 0.0517578125
0 0.41015625 0.451171875 0.021484375 0.0400390625