0 0.3203125 0.908203125 0.1103515625 0.177734375
0 0.248046875 0.7734375 0.099609375 0.1240234375
0 0.3857421875 0.681640625 0.0556640625 0.091796875
0 0.298828125 0.646484375 0.0595703125 0.080078125
0 0.154296875 0.7041015625 0.0947265625 0.109375
0 0.423828125 0.5478515625 0.041015625 0.0625
0 0.828125 0.65234375 0.1484375 0.2275390625
0 0.5595703125 0.5029296875 0.033203125 0.0517578125
0 0.3212890625 0.501953125 0.0361328125 0.0537109375
0 0.361328125 0.525390625 0.0419921875 0.0634765625
0 0.5390625 0.421875 0.017578125 0.0302734375
0 0.44140625 0.5009765625 0.029296875 0.0498046875