0 0.341796875 0.8369140625 0.095703125 0.158203125
0 0.400390625 0.638671875 0.052734375 0.0791015625
0 0.1962890625 0.650390625 0.076171875 0.0888671875
0 0.607421875 0.6650390625 0.05859375 0.1015625
0 0.2763671875 0.72265625 0.0849609375 0.1044921875
0 0.427734375 0.5302734375 0.037109375 0.0537109375
0 0.6318359375 0.525390625 0.037109375 0.0556640625
0 0.3154296875 0.6162109375 0.0498046875 0.0732421875
0 0.3623046875 0.525390625 0.041015625 0.0615234375
0 0.55078125 0.4580078125 0.0283203125 0.0458984375
0 0.33203125 0.4912109375 0.033203125 0.046875
0 0.9423828125 0.853515625 0.1142578125 0.2626953125
0 0.619140625 0.453125 0.0224609375 0.033203125