0 0.658203125 0.8369140625 0.095703125 0.158203125
0 0.599609375 0.638671875 0.052734375 0.0791015625
0 0.8037109375 0.650390625 0.076171875 0.0888671875
0 0.392578125 0.6650390625 0.05859375 0.1015625
0 0.7236328125 0.72265625 0.0849609375 0.1044921875
0 0.572265625 0.5302734375 0.037109375 0.0537109375
0 0.3681640625 0.525390625 0.037109375 0.0556640625
0 0.6845703125 0.6162109375 0.0498046875 0.0732421875
0 0.6376953125 0.525390625 0.041015625 0.0615234375
0 0.44921875 0.4580078125 0.0283203125 0.0458984375
0 0.66796875 0.4912109375 0.033203125 0.046875
0 0.0576171875 0.853515625 0.1142578125 0.2626953125
0 0.380859375 0.453125 0.0224609375 0.033203125