0 0.40234375 0.6318359375 0.048828125 0.078125
0 0.34765625 0.818359375 0.0908203125 0.15234375
0 0.28125 0.71484375 0.0830078125 0.1025390625
0 0.6337890625 0.76171875 0.08203125 0.142578125
0 0.4296875 0.5263671875 0.037109375 0.0537109375
0 0.2060546875 0.640625 0.072265625 0.08984375
0 0.646484375 0.5498046875 0.0419921875 0.0625
0 0.5556640625 0.4775390625 0.0283203125 0.04296875
0 0.3623046875 0.5263671875 0.0400390625 0.0615234375
0 0.626953125 0.4677734375 0.0234375 0.0322265625
0 0.318359375 0.6103515625 0.0498046875 0.072265625
0 0.580078125 0.4443359375 0.0205078125 0.033203125