0 0.646484375 0.8017578125 0.087890625 0.142578125
0 0.71484375 0.7060546875 0.080078125 0.1015625
0 0.595703125 0.6240234375 0.0478515625 0.0751953125
0 0.5693359375 0.5224609375 0.037109375 0.056640625
0 0.6787109375 0.6044921875 0.0498046875 0.0712890625
0 0.318359375 0.90625 0.111328125 0.1865234375
0 0.4384765625 0.4931640625 0.033203125 0.0537109375
0 0.337890625 0.5771484375 0.048828125 0.076171875
0 0.6376953125 0.52734375 0.0400390625 0.0625
0 0.78515625 0.6298828125 0.0693359375 0.0888671875
0 0.451171875 0.447265625 0.01953125 0.0390625
0 0.416015625 0.451171875 0.021484375 0.03515625
0 0.361328125 0.4775390625 0.021484375 0.033203125
0 0.365234375 0.474609375 0.025390625 0.037109375