0 0.642578125 0.783203125 0.083984375 0.138671875
0 0.3154296875 0.611328125 0.056640625 0.0859375
0 0.59375 0.6162109375 0.044921875 0.0732421875
0 0.7109375 0.697265625 0.076171875 0.1015625
0 0.568359375 0.51953125 0.037109375 0.056640625
0 0.4306640625 0.515625 0.037109375 0.056640625
0 0.6767578125 0.6015625 0.0478515625 0.068359375
0 0.63671875 0.52734375 0.041015625 0.0625
0 0.353515625 0.494140625 0.029296875 0.033203125
0 0.7763671875 0.619140625 0.0673828125 0.08203125
0 0.447265625 0.4599609375 0.0244140625 0.037109375
0 0.41015625 0.462890625 0.0224609375 0.0400390625
0 0.7861328125 0.6240234375 0.048828125 0.080078125