0 0.587890625 0.5947265625 0.04296875 0.068359375
0 0.69921875 0.6728515625 0.0703125 0.08984375
0 0.62890625 0.736328125 0.0732421875 0.12109375
0 0.1875 0.8212890625 0.1123046875 0.1787109375
0 0.669921875 0.5908203125 0.0439453125 0.0654296875
0 0.3935546875 0.62890625 0.052734375 0.099609375
0 0.7548828125 0.5947265625 0.060546875 0.0732421875
0 0.431640625 0.509765625 0.0341796875 0.052734375
0 0.384765625 0.501953125 0.0302734375 0.0498046875
0 0.5673828125 0.5107421875 0.0341796875 0.0498046875
0 0.3115234375 0.5400390625 0.037109375 0.0537109375
0 0.63671875 0.529296875 0.04296875 0.0615234375
0 0.30859375 0.548828125 0.037109375 0.0400390625