0 0.412109375 0.5947265625 0.04296875 0.068359375
0 0.30078125 0.6728515625 0.0703125 0.08984375
0 0.37109375 0.736328125 0.0732421875 0.12109375
0 0.8125 0.8212890625 0.1123046875 0.1787109375
0 0.330078125 0.5908203125 0.0439453125 0.0654296875
0 0.6064453125 0.62890625 0.052734375 0.099609375
0 0.2451171875 0.5947265625 0.060546875 0.0732421875
0 0.568359375 0.509765625 0.0341796875 0.052734375
0 0.615234375 0.501953125 0.0302734375 0.0498046875
0 0.4326171875 0.5107421875 0.0341796875 0.0498046875
0 0.6884765625 0.5400390625 0.037109375 0.0537109375
0 0.36328125 0.529296875 0.04296875 0.0615234375
0 0.69140625 0.548828125 0.037109375 0.0400390625