0 0.875 0.9306640625 0.146484375 0.134765625
0 0.6826171875 0.935546875 0.0947265625 0.12890625
0 0.615234375 0.685546875 0.0615234375 0.1025390625
0 0.5810546875 0.5712890625 0.0400390625 0.0615234375
0 0.6904296875 0.6484375 0.052734375 0.0849609375
0 0.732421875 0.5693359375 0.0537109375 0.068359375
0 0.6630859375 0.5791015625 0.044921875 0.0634765625
0 0.322265625 0.611328125 0.052734375 0.080078125
0 0.19140625 0.689453125 0.08203125 0.107421875
0 0.380859375 0.6650390625 0.05859375 0.099609375
0 0.46875 0.4130859375 0.0234375 0.0361328125
0 0.6376953125 0.525390625 0.0400390625 0.0634765625
0 0.5634765625 0.5 0.0322265625 0.0458984375
0 0.40625 0.4267578125 0.017578125 0.02734375
0 0.43359375 0.4287109375 0.0205078125 0.0263671875