0 0.3876953125 0.6767578125 0.060546875 0.1025390625
0 0.4208984375 0.5673828125 0.0380859375 0.0615234375
0 0.322265625 0.9248046875 0.0927734375 0.150390625
0 0.140625 0.91796875 0.1396484375 0.1572265625
0 0.337890625 0.5771484375 0.0439453125 0.0634765625
0 0.7060546875 0.66015625 0.06640625 0.10546875
0 0.3115234375 0.6416015625 0.0546875 0.0830078125
0 0.8681640625 0.763671875 0.103515625 0.1337890625
0 0.2734375 0.5634765625 0.0478515625 0.0634765625
0 0.5693359375 0.4345703125 0.0224609375 0.0322265625
0 0.5341796875 0.419921875 0.021484375 0.037109375
0 0.6533203125 0.7568359375 0.080078125 0.12109375
0 0.36328125 0.525390625 0.0390625 0.0625
0 0.439453125 0.5 0.03125 0.044921875
0 0.59765625 0.4306640625 0.0234375 0.0361328125
0 0.017578125 0.9013671875 0.03515625 0.115234375
0 0.599609375 0.43359375 0.01953125 0.029296875