0 0.3544921875 0.78125 0.080078125 0.1240234375
0 0.349609375 0.556640625 0.037109375 0.0615234375
0 0.25 0.58984375 0.0517578125 0.0634765625
0 0.552734375 0.48046875 0.029296875 0.0390625
0 0.4404296875 0.5009765625 0.029296875 0.046875
0 0.634765625 0.4462890625 0.060546875 0.1083984375
0 0.716796875 0.9111328125 0.1162109375 0.177734375
0 0.412109375 0.4560546875 0.0263671875 0.037109375
0 0.5341796875 0.4150390625 0.021484375 0.0400390625
0 0.45703125 0.4365234375 0.0244140625 0.029296875
0 0.373046875 0.4580078125 0.0283203125 0.0302734375
0 0.5380859375 0.421875 0.021484375 0.03515625
0 0.404296875 0.453125 0.0419921875 0.0458984375