0 0.78125 0.78515625 0.0927734375 0.140625
0 0.3857421875 0.673828125 0.0595703125 0.1123046875
0 0.1728515625 0.671875 0.1005859375 0.12890625
0 0.37109375 0.51171875 0.0361328125 0.0537109375
0 0.310546875 0.6259765625 0.056640625 0.080078125
0 0.6142578125 0.421875 0.041015625 0.0849609375
0 0.3251953125 0.5126953125 0.037109375 0.046875
0 0.5693359375 0.408203125 0.03125 0.076171875
0 0.5302734375 0.4150390625 0.01953125 0.03515625
0 0.6123046875 0.421875 0.04296875 0.0849609375
0 0.4443359375 0.48046875 0.0263671875 0.0400390625
0 0.4189453125 0.4423828125 0.0224609375 0.03515625
0 0.3837890625 0.439453125 0.025390625 0.02734375