0 0.2060546875 0.798828125 0.1103515625 0.1357421875
0 0.283203125 0.6708984375 0.0693359375 0.0859375
0 0.3701171875 0.7451171875 0.072265625 0.111328125
0 0.662109375 0.4990234375 0.0322265625 0.04296875
0 0.056640625 0.7919921875 0.11328125 0.3642578125
0 0.2724609375 0.9755859375 0.1103515625 0.048828125
0 0.4150390625 0.5712890625 0.0439453125 0.087890625
0 0.1025390625 0.9697265625 0.146484375 0.056640625
0 0.2724609375 0.5517578125 0.0673828125 0.10546875
0 0.3427734375 0.5908203125 0.05078125 0.0751953125
0 0.59375 0.4736328125 0.02734375 0.037109375
0 0.54296875 0.451171875 0.0234375 0.03515625
0 0.591796875 0.3955078125 0.029296875 0.0634765625
0 0.6298828125 0.458984375 0.021484375 0.0322265625
0 0.1015625 0.958984375 0.150390625 0.0791015625
0 0.2724609375 0.55078125 0.06640625 0.10546875
0 0.5908203125 0.3955078125 0.0322265625 0.0634765625