0 0.064453125 0.7744140625 0.12890625 0.357421875
0 0.2080078125 0.794921875 0.109375 0.12890625
0 0.37109375 0.73828125 0.0703125 0.107421875
0 0.2841796875 0.6708984375 0.0693359375 0.0859375
0 0.27734375 0.546875 0.064453125 0.10546875
0 0.275390625 0.9658203125 0.1123046875 0.068359375
0 0.6767578125 0.513671875 0.033203125 0.04296875
0 0.4150390625 0.5703125 0.0439453125 0.087890625
0 0.634765625 0.466796875 0.021484375 0.033203125
0 0.1005859375 0.95703125 0.150390625 0.0830078125
0 0.603515625 0.486328125 0.029296875 0.0458984375
0 0.546875 0.462890625 0.029296875 0.0400390625
0 0.34375 0.587890625 0.0517578125 0.0712890625
0 0.59375 0.3984375 0.033203125 0.06640625
0 0.5947265625 0.3984375 0.03125 0.06640625
0 0.5673828125 0.4169921875 0.0263671875 0.033203125
0 0.1025390625 0.9716796875 0.154296875 0.056640625