0 0.0732421875 0.779296875 0.146484375 0.390625
0 0.208984375 0.7939453125 0.1103515625 0.12890625
0 0.6904296875 0.5322265625 0.0400390625 0.0498046875
0 0.373046875 0.7294921875 0.06640625 0.1025390625
0 0.2841796875 0.6708984375 0.0693359375 0.0859375
0 0.2783203125 0.95703125 0.1162109375 0.0859375
0 0.28125 0.54296875 0.0634765625 0.1025390625
0 0.6123046875 0.50390625 0.03515625 0.048828125
0 0.4150390625 0.5703125 0.0439453125 0.0888671875
0 0.34375 0.583984375 0.0478515625 0.0693359375
0 0.55078125 0.4765625 0.029296875 0.0419921875
0 0.0986328125 0.96875 0.154296875 0.05859375
0 0.64453125 0.4755859375 0.0244140625 0.0390625
0 0.5966796875 0.40234375 0.0380859375 0.072265625
0 0.59765625 0.40234375 0.03515625 0.072265625
0 0.09765625 0.9580078125 0.16015625 0.08203125
0 0.388671875 0.4853515625 0.033203125 0.052734375