0 0.9267578125 0.779296875 0.146484375 0.390625
0 0.791015625 0.7939453125 0.1103515625 0.12890625
0 0.3095703125 0.5322265625 0.0400390625 0.0498046875
0 0.626953125 0.7294921875 0.06640625 0.1025390625
0 0.7158203125 0.6708984375 0.0693359375 0.0859375
0 0.7216796875 0.95703125 0.1162109375 0.0859375
0 0.71875 0.54296875 0.0634765625 0.1025390625
0 0.3876953125 0.50390625 0.03515625 0.048828125
0 0.5849609375 0.5703125 0.0439453125 0.0888671875
0 0.65625 0.583984375 0.0478515625 0.0693359375
0 0.44921875 0.4765625 0.029296875 0.0419921875
0 0.9013671875 0.96875 0.154296875 0.05859375
0 0.35546875 0.4755859375 0.0244140625 0.0390625
0 0.4033203125 0.40234375 0.0380859375 0.072265625
0 0.40234375 0.40234375 0.03515625 0.072265625
0 0.90234375 0.9580078125 0.16015625 0.08203125
0 0.611328125 0.4853515625 0.033203125 0.052734375