0 0.919921875 0.7724609375 0.16015625 0.396484375
0 0.7890625 0.7919921875 0.1103515625 0.1279296875
0 0.71875 0.9482421875 0.119140625 0.1025390625
0 0.7158203125 0.669921875 0.0693359375 0.0859375
0 0.5849609375 0.5693359375 0.04296875 0.0888671875
0 0.3740234375 0.525390625 0.0380859375 0.0556640625
0 0.6240234375 0.72265625 0.064453125 0.10546875
0 0.345703125 0.4892578125 0.0263671875 0.0390625
0 0.6533203125 0.5810546875 0.0458984375 0.0634765625
0 0.443359375 0.494140625 0.033203125 0.0517578125
0 0.71484375 0.5400390625 0.0634765625 0.099609375
0 0.2919921875 0.5517578125 0.0419921875 0.056640625
0 0.90234375 0.962890625 0.1552734375 0.0732421875
0 0.3984375 0.40625 0.0380859375 0.0751953125
0 0.400390625 0.4052734375 0.0400390625 0.0751953125
0 0.4658203125 0.4169921875 0.0234375 0.03515625
0 0.6103515625 0.486328125 0.0341796875 0.0517578125
0 0.427734375 0.4267578125 0.021484375 0.03515625