0 0.283203125 0.9423828125 0.123046875 0.115234375
0 0.2119140625 0.7900390625 0.109375 0.1279296875
0 0.376953125 0.7177734375 0.064453125 0.1025390625
0 0.2841796875 0.6708984375 0.0693359375 0.0859375
0 0.34765625 0.578125 0.044921875 0.0615234375
0 0.4150390625 0.5693359375 0.0439453125 0.087890625
0 0.5615234375 0.515625 0.033203125 0.052734375
0 0.728515625 0.576171875 0.048828125 0.0625
0 0.6416015625 0.5517578125 0.0419921875 0.0595703125
0 0.609375 0.4130859375 0.033203125 0.0791015625
0 0.1015625 0.9697265625 0.1494140625 0.05859375
0 0.6650390625 0.5029296875 0.029296875 0.044921875
0 0.0859375 0.767578125 0.171875 0.41015625
0 0.6044921875 0.41015625 0.0419921875 0.08203125
0 0.2890625 0.53515625 0.060546875 0.099609375
0 0.3896484375 0.4853515625 0.0341796875 0.0498046875
0 0.537109375 0.4248046875 0.0224609375 0.0322265625
0 0.099609375 0.9541015625 0.154296875 0.091796875