0 0.3388671875 0.5751953125 0.046875 0.0654296875
0 0.4072265625 0.603515625 0.0478515625 0.087890625
0 0.3173828125 0.9453125 0.111328125 0.109375
0 0.58203125 0.4267578125 0.0380859375 0.0927734375
0 0.6337890625 0.4423828125 0.05859375 0.1083984375
0 0.58203125 0.42578125 0.041015625 0.0947265625
0 0.3857421875 0.48828125 0.0302734375 0.0498046875
0 0.2236328125 0.6142578125 0.076171875 0.109375
0 0.4482421875 0.46484375 0.025390625 0.0400390625
0 0.634765625 0.4443359375 0.056640625 0.1044921875
0 0.341796875 0.4892578125 0.0322265625 0.0458984375
0 0.537109375 0.4365234375 0.0185546875 0.0322265625