0 0.609375 0.669921875 0.056640625 0.0888671875
0 0.681640625 0.86328125 0.1005859375 0.15234375
0 0.779296875 0.7744140625 0.103515625 0.1220703125
0 0.7158203125 0.669921875 0.0703125 0.0849609375
0 0.3564453125 0.55859375 0.037109375 0.0615234375
0 0.5859375 0.5703125 0.04296875 0.0888671875
0 0.087890625 0.8037109375 0.109375 0.1484375
0 0.423828125 0.552734375 0.0400390625 0.0625
0 0.89453125 0.953125 0.140625 0.08984375
0 0.4521484375 0.451171875 0.025390625 0.04296875
0 0.6396484375 0.55859375 0.041015625 0.0595703125
0 0.337890625 0.47265625 0.08203125 0.142578125
0 0.8759765625 0.7041015625 0.248046875 0.4140625
0 0.8759765625 0.705078125 0.248046875 0.41796875
0 0.68359375 0.501953125 0.05078125 0.0830078125
0 0.40625 0.421875 0.017578125 0.0224609375
0 0.68359375 0.5009765625 0.0498046875 0.0830078125
0 0.56640625 0.515625 0.029296875 0.0556640625
0 0.892578125 0.96875 0.142578125 0.0625