0 0.130859375 0.6767578125 0.2607421875 0.375
0 0.326171875 0.837890625 0.0947265625 0.142578125
0 0.287109375 0.66796875 0.0693359375 0.0849609375
0 0.39453125 0.66015625 0.0546875 0.0849609375
0 0.22265625 0.771484375 0.1015625 0.1220703125
0 0.556640625 0.48046875 0.02734375 0.04296875
0 0.6904296875 0.501953125 0.1015625 0.1708984375
0 0.6025390625 0.638671875 0.0517578125 0.0888671875
0 0.4140625 0.5712890625 0.04296875 0.0888671875
0 0.6875 0.6328125 0.0556640625 0.0859375
0 0.36328125 0.5546875 0.041015625 0.0595703125
0 0.10546875 0.9541015625 0.1416015625 0.0859375
0 0.6015625 0.4326171875 0.0224609375 0.0302734375
0 0.3232421875 0.498046875 0.0458984375 0.078125
0 0.396484375 0.474609375 0.029296875 0.048828125
0 0.3232421875 0.498046875 0.046875 0.078125
0 0.4326171875 0.5205078125 0.029296875 0.0615234375