0 0.1416015625 0.642578125 0.2626953125 0.3349609375
0 0.3330078125 0.8193359375 0.08984375 0.138671875
0 0.767578125 0.767578125 0.0888671875 0.1376953125
0 0.6552734375 0.806640625 0.0849609375 0.1572265625
0 0.568359375 0.51953125 0.033203125 0.052734375
0 0.2900390625 0.6640625 0.06640625 0.0859375
0 0.224609375 0.767578125 0.099609375 0.115234375
0 0.396484375 0.650390625 0.052734375 0.08203125
0 0.4150390625 0.5703125 0.0439453125 0.0859375
0 0.6123046875 0.4443359375 0.021484375 0.02734375
0 0.10546875 0.9541015625 0.1435546875 0.0859375
0 0.728515625 0.546875 0.1376953125 0.2236328125
0 0.7294921875 0.546875 0.1357421875 0.2236328125
0 0.3642578125 0.548828125 0.041015625 0.056640625
0 0.328125 0.4912109375 0.044921875 0.0791015625
0 0.365234375 0.537109375 0.04296875 0.080078125
0 0.4326171875 0.5205078125 0.03125 0.0615234375