0 0.8583984375 0.642578125 0.2626953125 0.3349609375
0 0.6669921875 0.8193359375 0.08984375 0.138671875
0 0.232421875 0.767578125 0.0888671875 0.1376953125
0 0.3447265625 0.806640625 0.0849609375 0.1572265625
0 0.431640625 0.51953125 0.033203125 0.052734375
0 0.7099609375 0.6640625 0.06640625 0.0859375
0 0.775390625 0.767578125 0.099609375 0.115234375
0 0.603515625 0.650390625 0.052734375 0.08203125
0 0.5849609375 0.5703125 0.0439453125 0.0859375
0 0.3876953125 0.4443359375 0.021484375 0.02734375
0 0.89453125 0.9541015625 0.1435546875 0.0859375
0 0.271484375 0.546875 0.1376953125 0.2236328125
0 0.2705078125 0.546875 0.1357421875 0.2236328125
0 0.6357421875 0.548828125 0.041015625 0.056640625
0 0.671875 0.4912109375 0.044921875 0.0791015625
0 0.634765625 0.537109375 0.04296875 0.080078125
0 0.5673828125 0.5205078125 0.03125 0.0615234375