0 0.3359375 0.806640625 0.0888671875 0.1337890625
0 0.154296875 0.6337890625 0.248046875 0.3232421875
0 0.2919921875 0.66015625 0.0673828125 0.0859375
0 0.2255859375 0.767578125 0.1005859375 0.119140625
0 0.8408203125 0.890625 0.125 0.1865234375
0 0.5771484375 0.5498046875 0.0380859375 0.0634765625
0 0.755859375 0.5771484375 0.1630859375 0.2626953125
0 0.705078125 0.9296875 0.109375 0.138671875
0 0.3984375 0.6455078125 0.05078125 0.0791015625
0 0.4150390625 0.568359375 0.044921875 0.0849609375
0 0.10546875 0.955078125 0.1416015625 0.0849609375
0 0.6171875 0.44921875 0.025390625 0.0322265625
0 0.330078125 0.4853515625 0.044921875 0.0732421875
0 0.365234375 0.546875 0.0400390625 0.0537109375
0 0.3662109375 0.5361328125 0.0419921875 0.076171875
0 0.431640625 0.5205078125 0.03125 0.0595703125