0 0.6640625 0.806640625 0.0888671875 0.1337890625
0 0.845703125 0.6337890625 0.248046875 0.3232421875
0 0.7080078125 0.66015625 0.0673828125 0.0859375
0 0.7744140625 0.767578125 0.1005859375 0.119140625
0 0.1591796875 0.890625 0.125 0.1865234375
0 0.4228515625 0.5498046875 0.0380859375 0.0634765625
0 0.244140625 0.5771484375 0.1630859375 0.2626953125
0 0.294921875 0.9296875 0.109375 0.138671875
0 0.6015625 0.6455078125 0.05078125 0.0791015625
0 0.5849609375 0.568359375 0.044921875 0.0849609375
0 0.89453125 0.955078125 0.1416015625 0.0849609375
0 0.3828125 0.44921875 0.025390625 0.0322265625
0 0.669921875 0.4853515625 0.044921875 0.0732421875
0 0.634765625 0.546875 0.0400390625 0.0537109375
0 0.6337890625 0.5361328125 0.0419921875 0.076171875
0 0.568359375 0.5205078125 0.03125 0.0595703125