0 0.412109375 0.5869140625 0.044921875 0.08203125
0 0.345703125 0.5634765625 0.044921875 0.068359375
0 0.3349609375 0.9072265625 0.1025390625 0.1669921875
0 0.5859375 0.43359375 0.0439453125 0.10546875
0 0.052734375 0.8642578125 0.10546875 0.1767578125
0 0.5400390625 0.4462890625 0.0205078125 0.0322265625
0 0.6416015625 0.4521484375 0.0693359375 0.1162109375
0 0.44921875 0.4619140625 0.025390625 0.0361328125
0 0.6416015625 0.453125 0.0693359375 0.1181640625
0 0.2373046875 0.599609375 0.07421875 0.099609375
0 0.390625 0.4833984375 0.029296875 0.046875
0 0.34765625 0.482421875 0.03125 0.037109375