0 0.822265625 0.607421875 0.22265625 0.28515625
0 0.158203125 0.6728515625 0.259765625 0.3857421875
0 0.703125 0.650390625 0.064453125 0.080078125
0 0.7724609375 0.763671875 0.099609375 0.1181640625
0 0.658203125 0.7861328125 0.0859375 0.12890625
0 0.39453125 0.6337890625 0.052734375 0.0927734375
0 0.599609375 0.638671875 0.05078125 0.08203125
0 0.3681640625 0.4677734375 0.025390625 0.033203125
0 0.89453125 0.953125 0.142578125 0.0888671875
0 0.6630859375 0.482421875 0.044921875 0.072265625
0 0.5859375 0.568359375 0.0439453125 0.0849609375
0 0.630859375 0.5400390625 0.0400390625 0.0537109375
0 0.453125 0.453125 0.02734375 0.0517578125
0 0.4443359375 0.3857421875 0.033203125 0.0498046875