0 0.802734375 0.5908203125 0.201171875 0.2626953125
0 0.65234375 0.7705078125 0.0830078125 0.1220703125
0 0.697265625 0.638671875 0.0634765625 0.08203125
0 0.7685546875 0.7548828125 0.095703125 0.1142578125
0 0.353515625 0.48828125 0.03125 0.0400390625
0 0.5986328125 0.6337890625 0.048828125 0.0791015625
0 0.3369140625 0.8134765625 0.087890625 0.1611328125
0 0.6591796875 0.4775390625 0.0419921875 0.072265625
0 0.9755859375 0.927734375 0.048828125 0.134765625
0 0.5859375 0.5673828125 0.044921875 0.0859375
0 0.6298828125 0.5390625 0.0400390625 0.0556640625
0 0.8984375 0.953125 0.1494140625 0.0888671875
0 0.443359375 0.4853515625 0.0322265625 0.052734375
0 0.4140625 0.451171875 0.021484375 0.029296875
0 0.568359375 0.513671875 0.029296875 0.048828125