0 0.79296875 0.5810546875 0.19140625 0.2529296875
0 0.6953125 0.634765625 0.0625 0.0751953125
0 0.650390625 0.7626953125 0.0810546875 0.1181640625
0 0.341796875 0.5 0.0322265625 0.04296875
0 0.765625 0.7490234375 0.095703125 0.111328125
0 0.5986328125 0.6328125 0.048828125 0.078125
0 0.9638671875 0.9150390625 0.072265625 0.1552734375
0 0.4375 0.505859375 0.033203125 0.0615234375
0 0.65625 0.474609375 0.041015625 0.0693359375
0 0.896484375 0.9580078125 0.1455078125 0.078125
0 0.27734375 0.9384765625 0.1279296875 0.1220703125
0 0.5859375 0.568359375 0.0439453125 0.0830078125
0 0.6279296875 0.537109375 0.037109375 0.0556640625
0 0.408203125 0.4609375 0.01953125 0.03515625
0 0.568359375 0.5205078125 0.0302734375 0.0615234375
0 0.46875 0.40625 0.01953125 0.02734375
0 0.8974609375 0.9716796875 0.154296875 0.056640625
0 0.44921875 0.4599609375 0.025390625 0.046875