0 0.7861328125 0.5732421875 0.181640625 0.244140625
0 0.953125 0.90234375 0.0927734375 0.177734375
0 0.6494140625 0.7548828125 0.080078125 0.115234375
0 0.33203125 0.5126953125 0.037109375 0.048828125
0 0.6923828125 0.630859375 0.060546875 0.0732421875
0 0.7626953125 0.74609375 0.09375 0.111328125
0 0.59765625 0.6318359375 0.048828125 0.080078125
0 0.4267578125 0.53125 0.037109375 0.0634765625
0 0.89453125 0.9697265625 0.140625 0.05859375
0 0.4423828125 0.4716796875 0.029296875 0.048828125
0 0.5849609375 0.568359375 0.0439453125 0.0859375
0 0.654296875 0.47265625 0.0390625 0.0693359375
0 0.6259765625 0.537109375 0.041015625 0.056640625
0 0.3994140625 0.4755859375 0.0244140625 0.037109375
0 0.46875 0.41015625 0.021484375 0.033203125
0 0.4375 0.47265625 0.025390625 0.048828125