0 0.2138671875 0.5732421875 0.181640625 0.244140625
0 0.046875 0.90234375 0.0927734375 0.177734375
0 0.3505859375 0.7548828125 0.080078125 0.115234375
0 0.66796875 0.5126953125 0.037109375 0.048828125
0 0.3076171875 0.630859375 0.060546875 0.0732421875
0 0.2373046875 0.74609375 0.09375 0.111328125
0 0.40234375 0.6318359375 0.048828125 0.080078125
0 0.5732421875 0.53125 0.037109375 0.0634765625
0 0.10546875 0.9697265625 0.140625 0.05859375
0 0.5576171875 0.4716796875 0.029296875 0.048828125
0 0.4150390625 0.568359375 0.0439453125 0.0859375
0 0.345703125 0.47265625 0.0390625 0.0693359375
0 0.3740234375 0.537109375 0.041015625 0.056640625
0 0.6005859375 0.4755859375 0.0244140625 0.037109375
0 0.53125 0.41015625 0.021484375 0.033203125
0 0.5625 0.47265625 0.025390625 0.048828125