0 0.646484375 0.736328125 0.08203125 0.115234375
0 0.5966796875 0.626953125 0.044921875 0.0732421875
0 0.7548828125 0.7314453125 0.091796875 0.107421875
0 0.923828125 0.81640625 0.1357421875 0.142578125
0 0.7607421875 0.5517578125 0.1611328125 0.2236328125
0 0.28515625 0.5712890625 0.0478515625 0.0595703125
0 0.685546875 0.62109375 0.0546875 0.0732421875
0 0.3837890625 0.6572265625 0.0625 0.1220703125
0 0.89453125 0.9697265625 0.142578125 0.05859375
0 0.7021484375 0.9765625 0.103515625 0.046875
0 0.3671875 0.5283203125 0.037109375 0.0537109375
0 0.8935546875 0.9580078125 0.142578125 0.0830078125
0 0.423828125 0.533203125 0.0390625 0.068359375
0 0.462890625 0.4326171875 0.0224609375 0.0302734375
0 0.5849609375 0.564453125 0.044921875 0.080078125
0 0.6240234375 0.52734375 0.033203125 0.048828125
0 0.6484375 0.46484375 0.0361328125 0.0654296875