0 0.150390625 0.91015625 0.1435546875 0.16796875
0 0.4248046875 0.544921875 0.0380859375 0.0693359375
0 0.1220703125 0.74609375 0.119140625 0.130859375
0 0.375 0.7392578125 0.0625 0.10546875
0 0.3662109375 0.5322265625 0.0400390625 0.0595703125
0 0.5498046875 0.478515625 0.0283203125 0.0400390625
0 0.6064453125 0.46484375 0.060546875 0.134765625
0 0.6787109375 0.4892578125 0.091796875 0.1572265625
0 0.2724609375 0.5615234375 0.0595703125 0.0849609375
0 0.400390625 0.4619140625 0.025390625 0.046875
0 0.427734375 0.4169921875 0.029296875 0.0322265625
0 0.359375 0.46875 0.02734375 0.0322265625
0 0.4521484375 0.4482421875 0.025390625 0.033203125