0 0.3701171875 0.525390625 0.041015625 0.0556640625
0 0.4287109375 0.5341796875 0.03515625 0.0615234375
0 0.185546875 0.849609375 0.1240234375 0.1455078125
0 0.1484375 0.71484375 0.10546875 0.1142578125
0 0.384765625 0.701171875 0.0576171875 0.095703125
0 0.5556640625 0.4931640625 0.029296875 0.048828125
0 0.615234375 0.4794921875 0.0673828125 0.15234375
0 0.6962890625 0.5087890625 0.103515625 0.173828125
0 0.404296875 0.4580078125 0.025390625 0.0400390625
0 0.28125 0.5517578125 0.0556640625 0.078125
0 0.28125 0.55078125 0.056640625 0.080078125
0 0.56640625 0.4267578125 0.021484375 0.0302734375