0 0.810546875 0.6650390625 0.087890625 0.1015625
0 0.359375 0.513671875 0.095703125 0.197265625
0 0.56640625 0.515625 0.0341796875 0.05859375
0 0.6923828125 0.9169921875 0.099609375 0.1484375
0 0.599609375 0.6455078125 0.0517578125 0.08203125
0 0.76171875 0.7568359375 0.0966796875 0.1181640625
0 0.4345703125 0.533203125 0.0361328125 0.0595703125
0 0.6201171875 0.5078125 0.033203125 0.052734375
0 0.458984375 0.4462890625 0.0234375 0.029296875
0 0.255859375 0.5556640625 0.146484375 0.2275390625
0 0.701171875 0.53515625 0.0498046875 0.080078125
0 0.427734375 0.4443359375 0.01953125 0.0322265625
0 0.701171875 0.53515625 0.05078125 0.08203125
0 0.255859375 0.5546875 0.1455078125 0.2275390625
0 0.54296875 0.4365234375 0.0224609375 0.0322265625