0 0.5888671875 0.6044921875 0.0439453125 0.0712890625
0 0.6533203125 0.7919921875 0.0771484375 0.1142578125
0 0.1708984375 0.638671875 0.2109375 0.3291015625
0 0.775390625 0.6259765625 0.076171875 0.0927734375
0 0.4150390625 0.5947265625 0.044921875 0.076171875
0 0.7265625 0.6884765625 0.0771484375 0.0947265625
0 0.318359375 0.578125 0.134765625 0.26953125
0 0.61328125 0.494140625 0.0341796875 0.0458984375
0 0.453125 0.4697265625 0.02734375 0.0302734375
0 0.41796875 0.4599609375 0.0244140625 0.0361328125
0 0.5615234375 0.4990234375 0.0283203125 0.052734375
0 0.685546875 0.513671875 0.0458984375 0.0712890625
0 0.470703125 0.400390625 0.0185546875 0.02734375
0 0.583984375 0.4384765625 0.0244140625 0.0419921875
0 0.685546875 0.513671875 0.044921875 0.068359375
0 0.42578125 0.3955078125 0.017578125 0.0263671875