0 0.4111328125 0.6044921875 0.0439453125 0.0712890625
0 0.3466796875 0.7919921875 0.0771484375 0.1142578125
0 0.8291015625 0.638671875 0.2109375 0.3291015625
0 0.224609375 0.6259765625 0.076171875 0.0927734375
0 0.5849609375 0.5947265625 0.044921875 0.076171875
0 0.2734375 0.6884765625 0.0771484375 0.0947265625
0 0.681640625 0.578125 0.134765625 0.26953125
0 0.38671875 0.494140625 0.0341796875 0.0458984375
0 0.546875 0.4697265625 0.02734375 0.0302734375
0 0.58203125 0.4599609375 0.0244140625 0.0361328125
0 0.4384765625 0.4990234375 0.0283203125 0.052734375
0 0.314453125 0.513671875 0.0458984375 0.0712890625
0 0.529296875 0.400390625 0.0185546875 0.02734375
0 0.416015625 0.4384765625 0.0244140625 0.0419921875
0 0.314453125 0.513671875 0.044921875 0.068359375
0 0.57421875 0.3955078125 0.017578125 0.0263671875