0 0.638671875 0.74609375 0.0712890625 0.1044921875
0 0.5849609375 0.5869140625 0.041015625 0.0625
0 0.40234375 0.6357421875 0.0498046875 0.091796875
0 0.7119140625 0.6650390625 0.0673828125 0.0888671875
0 0.765625 0.607421875 0.0625 0.087890625
0 0.4111328125 0.4716796875 0.025390625 0.037109375
0 0.451171875 0.482421875 0.029296875 0.033203125
0 0.560546875 0.4912109375 0.0302734375 0.052734375
0 0.609375 0.484375 0.029296875 0.0419921875
0 0.1259765625 0.697265625 0.251953125 0.421875
0 0.2890625 0.62109375 0.1689453125 0.330078125
0 0.4228515625 0.396484375 0.0185546875 0.025390625
0 0.2890625 0.6201171875 0.1689453125 0.3291015625
0 0.677734375 0.5078125 0.044921875 0.068359375
0 0.6767578125 0.5078125 0.0458984375 0.06640625
0 0.4697265625 0.4091796875 0.0205078125 0.029296875