0 0.59765625 0.65234375 0.0478515625 0.0732421875
0 0.41015625 0.587890625 0.0390625 0.0595703125
0 0.658203125 0.599609375 0.05078125 0.0791015625
0 0.349609375 0.560546875 0.0400390625 0.0625
0 0.43359375 0.513671875 0.03125 0.046875
0 0.2978515625 0.537109375 0.0390625 0.056640625
0 0.54296875 0.455078125 0.025390625 0.037109375
0 0.4091796875 0.4580078125 0.0283203125 0.0322265625
0 0.5986328125 0.421875 0.021484375 0.0361328125
0 0.294921875 0.9736328125 0.1005859375 0.0517578125
0 0.451171875 0.4580078125 0.0234375 0.0390625