0 0.6240234375 0.705078125 0.0634765625 0.0986328125
0 0.7265625 0.5625 0.044921875 0.0537109375
0 0.6376953125 0.533203125 0.037109375 0.0556640625
0 0.435546875 0.515625 0.033203125 0.0537109375
0 0.345703125 0.4658203125 0.076171875 0.125
0 0.556640625 0.48828125 0.02734375 0.0458984375
0 0.8984375 0.853515625 0.203125 0.28515625
0 0.5830078125 0.4482421875 0.0234375 0.037109375
0 0.8984375 0.853515625 0.203125 0.283203125
0 0.3330078125 0.4775390625 0.0498046875 0.1044921875
0 0.619140625 0.4443359375 0.0244140625 0.0322265625