0 0.3564453125 0.5517578125 0.041015625 0.0634765625
0 0.6162109375 0.716796875 0.060546875 0.0927734375
0 0.546875 0.46875 0.0283203125 0.0419921875
0 0.4140625 0.572265625 0.0380859375 0.05859375
0 0.3125 0.9345703125 0.115234375 0.12890625
0 0.6806640625 0.6416015625 0.0576171875 0.0947265625
0 0.3076171875 0.525390625 0.041015625 0.056640625
0 0.435546875 0.5048828125 0.029296875 0.044921875
0 0.6015625 0.4267578125 0.0224609375 0.0390625
0 0.451171875 0.453125 0.02734375 0.0458984375
0 0.41015625 0.453125 0.0263671875 0.037109375