0 0.6435546875 0.5517578125 0.041015625 0.0634765625
0 0.3837890625 0.716796875 0.060546875 0.0927734375
0 0.453125 0.46875 0.0283203125 0.0419921875
0 0.5859375 0.572265625 0.0380859375 0.05859375
0 0.6875 0.9345703125 0.115234375 0.12890625
0 0.3193359375 0.6416015625 0.0576171875 0.0947265625
0 0.6923828125 0.525390625 0.041015625 0.056640625
0 0.564453125 0.5048828125 0.029296875 0.044921875
0 0.3984375 0.4267578125 0.0224609375 0.0390625
0 0.548828125 0.453125 0.02734375 0.0458984375
0 0.58984375 0.453125 0.0263671875 0.037109375