0 0.716796875 0.6767578125 0.068359375 0.0859375
0 0.587890625 0.5947265625 0.041015625 0.0693359375
0 0.3779296875 0.5185546875 0.03125 0.0498046875
0 0.318359375 0.515625 0.044921875 0.0712890625
0 0.71875 0.9462890625 0.138671875 0.107421875
0 0.30078125 0.9306640625 0.11328125 0.138671875
0 0.4248046875 0.443359375 0.0224609375 0.029296875
0 0.599609375 0.4794921875 0.0283203125 0.0400390625
0 0.640625 0.4697265625 0.029296875 0.044921875
0 0.556640625 0.482421875 0.025390625 0.0361328125
0 0.373046875 0.466796875 0.0244140625 0.033203125