0 0.119140625 0.8310546875 0.2265625 0.322265625
0 0.384765625 0.671875 0.0556640625 0.08984375
0 0.3671875 0.5234375 0.037109375 0.0498046875
0 0.572265625 0.5419921875 0.0380859375 0.0615234375
0 0.2900390625 0.97265625 0.1103515625 0.0537109375
0 0.283203125 0.552734375 0.0380859375 0.052734375
0 0.666015625 0.482421875 0.083984375 0.140625
0 0.4189453125 0.4453125 0.0244140625 0.0390625
0 0.548828125 0.458984375 0.02734375 0.0390625
0 0.4453125 0.4814453125 0.025390625 0.0390625
0 0.666015625 0.482421875 0.083984375 0.140625
0 0.54296875 0.4501953125 0.0380859375 0.0537109375
0 0.2978515625 0.5458984375 0.025390625 0.052734375