0 0.826171875 0.87890625 0.123046875 0.1552734375
0 0.681640625 0.615234375 0.052734375 0.0751953125
0 0.6650390625 0.8408203125 0.1103515625 0.20703125
0 0.2568359375 0.5859375 0.0634765625 0.091796875
0 0.57421875 0.55078125 0.037109375 0.052734375
0 0.3251953125 0.607421875 0.0498046875 0.0751953125
0 0.40625 0.4765625 0.0283203125 0.0390625
0 0.896484375 0.7919921875 0.1083984375 0.140625
0 0.55078125 0.4599609375 0.025390625 0.0419921875
0 0.341796875 0.5029296875 0.033203125 0.04296875
0 0.59375 0.46484375 0.0263671875 0.03515625
0 0.4375 0.4033203125 0.021484375 0.04296875
0 0.3984375 0.4326171875 0.021484375 0.02734375
0 0.96875 0.8681640625 0.0625 0.25
0 0.6298828125 0.453125 0.0283203125 0.0419921875
0 0.548828125 0.455078125 0.0244140625 0.0400390625