0 0.23046875 0.7734375 0.09375 0.1181640625
0 0.3359375 0.5869140625 0.0478515625 0.0625
0 0.6845703125 0.5361328125 0.041015625 0.05859375
0 0.8134765625 0.662109375 0.08984375 0.1279296875
0 0.744140625 0.72265625 0.0751953125 0.1162109375
0 0.6103515625 0.5078125 0.037109375 0.05859375
0 0.43359375 0.5263671875 0.033203125 0.052734375
0 0.359375 0.74609375 0.08984375 0.1572265625
0 0.61328125 0.443359375 0.021484375 0.0302734375
0 0.06640625 0.796875 0.130859375 0.236328125
0 0.4130859375 0.455078125 0.025390625 0.0390625
0 0.5693359375 0.412109375 0.0234375 0.044921875
0 0.06640625 0.796875 0.130859375 0.236328125
0 0.451171875 0.453125 0.025390625 0.0361328125
0 0.4541015625 0.44921875 0.0224609375 0.0361328125
0 0.376953125 0.4482421875 0.025390625 0.037109375
0 0.4072265625 0.453125 0.0361328125 0.037109375