0 0.35546875 0.53515625 0.0390625 0.0556640625
0 0.6484375 0.5458984375 0.04296875 0.0615234375
0 0.37109375 0.70703125 0.0693359375 0.1123046875
0 0.4287109375 0.5263671875 0.037109375 0.0537109375
0 0.564453125 0.52734375 0.03515625 0.0537109375
0 0.3232421875 0.5107421875 0.03515625 0.0458984375
0 0.62890625 0.681640625 0.0673828125 0.1015625
0 0.6787109375 0.5107421875 0.0361328125 0.046875
0 0.865234375 0.767578125 0.267578125 0.453125
0 0.580078125 0.4462890625 0.0244140625 0.03515625
0 0.45703125 0.4404296875 0.025390625 0.033203125