0 0.8515625 0.7451171875 0.294921875 0.4892578125
0 0.314453125 0.599609375 0.0537109375 0.076171875
0 0.634765625 0.5234375 0.0400390625 0.052734375
0 0.41015625 0.5859375 0.04296875 0.068359375
0 0.2890625 0.919921875 0.125 0.158203125
0 0.6142578125 0.6328125 0.060546875 0.08203125
0 0.2900390625 0.5478515625 0.04296875 0.0595703125
0 0.560546875 0.5087890625 0.0322265625 0.0458984375
0 0.44921875 0.4609375 0.029296875 0.0390625
0 0.408203125 0.4072265625 0.021484375 0.03515625
0 0.5751953125 0.4375 0.021484375 0.0322265625
0 0.666015625 0.494140625 0.03125 0.0400390625