0 0.283203125 0.6474609375 0.06640625 0.091796875
0 0.6298828125 0.515625 0.0390625 0.048828125
0 0.8447265625 0.736328125 0.3095703125 0.4990234375
0 0.2685546875 0.5732421875 0.048828125 0.0625
0 0.607421875 0.61328125 0.0556640625 0.0791015625
0 0.4453125 0.474609375 0.02734375 0.04296875
0 0.3974609375 0.6318359375 0.0498046875 0.0830078125
0 0.4052734375 0.4130859375 0.0234375 0.0400390625
0 0.55859375 0.498046875 0.0302734375 0.04296875
0 0.537109375 0.416015625 0.017578125 0.029296875
0 0.6611328125 0.4892578125 0.025390625 0.0390625
0 0.5712890625 0.4326171875 0.021484375 0.0302734375