0 0.388671875 0.6611328125 0.056640625 0.095703125
0 0.15234375 0.8857421875 0.1328125 0.1640625
0 0.783203125 0.7724609375 0.091796875 0.1455078125
0 0.201171875 0.57421875 0.1982421875 0.259765625
0 0.591796875 0.6259765625 0.046875 0.078125
0 0.66015625 0.5 0.033203125 0.044921875
0 0.552734375 0.4697265625 0.0263671875 0.04296875
0 0.3828125 0.4580078125 0.068359375 0.1474609375
0 0.7578125 0.59765625 0.08203125 0.142578125
0 0.3828125 0.45703125 0.068359375 0.142578125
0 0.447265625 0.455078125 0.025390625 0.0361328125