0 0.6748046875 0.5927734375 0.0498046875 0.0712890625
0 0.1171875 0.763671875 0.0986328125 0.1357421875
0 0.572265625 0.521484375 0.03515625 0.05859375
0 0.33984375 0.494140625 0.03125 0.0458984375
0 0.455078125 0.4580078125 0.0244140625 0.037109375
0 0.5849609375 0.41796875 0.0439453125 0.08984375
0 0.6953125 0.4833984375 0.103515625 0.1572265625
0 0.9677734375 0.880859375 0.0634765625 0.12890625
0 0.41796875 0.447265625 0.025390625 0.03515625
0 0.3828125 0.435546875 0.02734375 0.052734375
0 0.3525390625 0.77734375 0.0771484375 0.14453125
0 0.6953125 0.484375 0.103515625 0.1572265625
0 0.5380859375 0.4169921875 0.021484375 0.033203125