0 0.3251953125 0.5927734375 0.0498046875 0.0712890625
0 0.8828125 0.763671875 0.0986328125 0.1357421875
0 0.427734375 0.521484375 0.03515625 0.05859375
0 0.66015625 0.494140625 0.03125 0.0458984375
0 0.544921875 0.4580078125 0.0244140625 0.037109375
0 0.4150390625 0.41796875 0.0439453125 0.08984375
0 0.3046875 0.4833984375 0.103515625 0.1572265625
0 0.0322265625 0.880859375 0.0634765625 0.12890625
0 0.58203125 0.447265625 0.025390625 0.03515625
0 0.6171875 0.435546875 0.02734375 0.052734375
0 0.6474609375 0.77734375 0.0771484375 0.14453125
0 0.3046875 0.484375 0.103515625 0.1572265625
0 0.4619140625 0.4169921875 0.021484375 0.033203125