0 0.0517578125 0.861328125 0.1015625 0.1787109375
0 0.94921875 0.8408203125 0.1005859375 0.142578125
0 0.666015625 0.5732421875 0.04296875 0.0654296875
0 0.4521484375 0.4677734375 0.025390625 0.04296875
0 0.568359375 0.5126953125 0.029296875 0.0498046875
0 0.328125 0.5068359375 0.03125 0.0517578125
0 0.6875 0.4794921875 0.095703125 0.1513671875
0 0.58203125 0.412109375 0.041015625 0.0888671875
0 0.412109375 0.458984375 0.025390625 0.033203125
0 0.9658203125 0.9697265625 0.068359375 0.0595703125
0 0.6875 0.4794921875 0.095703125 0.150390625
0 0.376953125 0.44140625 0.02734375 0.0556640625
0 0.3779296875 0.439453125 0.0283203125 0.0537109375
0 0.30859375 0.9072265625 0.10546875 0.181640625
0 0.537109375 0.4130859375 0.0205078125 0.029296875