0 0.150390625 0.8251953125 0.1904296875 0.2900390625
0 0.7158203125 0.55859375 0.041015625 0.0634765625
0 0.5634765625 0.5205078125 0.033203125 0.056640625
0 0.361328125 0.5322265625 0.0361328125 0.052734375
0 0.609375 0.4912109375 0.0302734375 0.04296875
0 0.4404296875 0.484375 0.029296875 0.0458984375
0 0.33203125 0.4560546875 0.08203125 0.1240234375
0 0.4248046875 0.40625 0.037109375 0.0712890625
0 0.595703125 0.4169921875 0.0224609375 0.0302734375
0 0.6435546875 0.46484375 0.0361328125 0.068359375
0 0.5751953125 0.421875 0.021484375 0.037109375
0 0.5380859375 0.431640625 0.021484375 0.0302734375