0 0.6318359375 0.5205078125 0.03515625 0.0498046875
0 0.265625 0.583984375 0.048828125 0.076171875
0 0.427734375 0.546875 0.0380859375 0.0634765625
0 0.802734375 0.7646484375 0.154296875 0.2490234375
0 0.3818359375 0.509765625 0.0341796875 0.0498046875
0 0.66015625 0.4541015625 0.07421875 0.1181640625
0 0.8037109375 0.763671875 0.154296875 0.24609375
0 0.5546875 0.4775390625 0.0302734375 0.0458984375
0 0.3984375 0.421875 0.0205078125 0.0361328125
0 0.4609375 0.4375 0.021484375 0.0361328125
0 0.3466796875 0.4765625 0.0400390625 0.076171875
0 0.5712890625 0.400390625 0.037109375 0.0654296875
0 0.4208984375 0.431640625 0.021484375 0.03515625