0 0.8154296875 0.650390625 0.056640625 0.0830078125
0 0.357421875 0.5517578125 0.044921875 0.0595703125
0 0.404296875 0.6240234375 0.0517578125 0.0927734375
0 0.2109375 0.6513671875 0.0673828125 0.0947265625
0 0.708984375 0.966796875 0.109375 0.06640625
0 0.619140625 0.501953125 0.029296875 0.0458984375
0 0.4560546875 0.455078125 0.0234375 0.0419921875
0 0.32421875 0.5009765625 0.046875 0.087890625
0 0.6484375 0.4423828125 0.064453125 0.109375
0 0.7392578125 0.6650390625 0.109375 0.1845703125
0 0.5517578125 0.462890625 0.029296875 0.04296875
0 0.7392578125 0.6650390625 0.1103515625 0.1845703125
0 0.412109375 0.443359375 0.0224609375 0.037109375
0 0.5673828125 0.3935546875 0.033203125 0.068359375
0 0.3896484375 0.4306640625 0.021484375 0.0390625
0 0.3251953125 0.5 0.0458984375 0.087890625