0 0.1845703125 0.650390625 0.056640625 0.0830078125
0 0.642578125 0.5517578125 0.044921875 0.0595703125
0 0.595703125 0.6240234375 0.0517578125 0.0927734375
0 0.7890625 0.6513671875 0.0673828125 0.0947265625
0 0.291015625 0.966796875 0.109375 0.06640625
0 0.380859375 0.501953125 0.029296875 0.0458984375
0 0.5439453125 0.455078125 0.0234375 0.0419921875
0 0.67578125 0.5009765625 0.046875 0.087890625
0 0.3515625 0.4423828125 0.064453125 0.109375
0 0.2607421875 0.6650390625 0.109375 0.1845703125
0 0.4482421875 0.462890625 0.029296875 0.04296875
0 0.2607421875 0.6650390625 0.1103515625 0.1845703125
0 0.587890625 0.443359375 0.0224609375 0.037109375
0 0.4326171875 0.3935546875 0.033203125 0.068359375
0 0.6103515625 0.4306640625 0.021484375 0.0390625
0 0.6748046875 0.5 0.0458984375 0.087890625