0 0.794921875 0.6298828125 0.056640625 0.08203125
0 0.173828125 0.6982421875 0.0791015625 0.1123046875
0 0.341796875 0.576171875 0.05078125 0.0712890625
0 0.3837890625 0.685546875 0.0625 0.1123046875
0 0.6953125 0.9326171875 0.11328125 0.134765625
0 0.61328125 0.4921875 0.03125 0.046875
0 0.5498046875 0.458984375 0.03125 0.0390625
0 0.453125 0.4658203125 0.0283203125 0.04296875
0 0.3837890625 0.4384765625 0.021484375 0.04296875
0 0.716796875 0.6259765625 0.0927734375 0.154296875
0 0.310546875 0.517578125 0.0517578125 0.095703125
0 0.310546875 0.5166015625 0.052734375 0.0986328125
0 0.642578125 0.4384765625 0.0634765625 0.107421875
0 0.40625 0.4580078125 0.0224609375 0.0361328125