0 0.677734375 0.609375 0.0576171875 0.0830078125
0 0.32421875 0.8935546875 0.1025390625 0.1650390625
0 0.8779296875 0.7626953125 0.095703125 0.138671875
0 0.64453125 0.7744140625 0.080078125 0.15234375
0 0.2265625 0.61328125 0.0634765625 0.0732421875
0 0.5498046875 0.4794921875 0.0263671875 0.046875
0 0.361328125 0.4375 0.060546875 0.1083984375
0 0.599609375 0.4677734375 0.0263671875 0.0400390625
0 0.451171875 0.453125 0.03515625 0.0390625
0 0.3916015625 0.484375 0.029296875 0.044921875
0 0.302734375 0.599609375 0.08203125 0.1455078125
0 0.70703125 0.5380859375 0.05859375 0.1083984375
0 0.439453125 0.388671875 0.0390625 0.0693359375
0 0.7060546875 0.5380859375 0.05859375 0.107421875
0 0.302734375 0.5986328125 0.0830078125 0.1416015625
0 0.6220703125 0.4443359375 0.025390625 0.0458984375