0 0.2998046875 0.6513671875 0.0625 0.0849609375
0 0.36328125 0.537109375 0.0390625 0.052734375
0 0.09375 0.9482421875 0.150390625 0.1025390625
0 0.396484375 0.6318359375 0.0595703125 0.1083984375
0 0.7890625 0.662109375 0.0771484375 0.10546875
0 0.6845703125 0.638671875 0.0625 0.099609375
0 0.646484375 0.4853515625 0.029296875 0.0419921875
0 0.44140625 0.48828125 0.0302734375 0.0419921875
0 0.166015625 0.6767578125 0.111328125 0.169921875
0 0.5400390625 0.4267578125 0.0185546875 0.033203125
0 0.5849609375 0.443359375 0.0302734375 0.0634765625
0 0.45703125 0.439453125 0.0224609375 0.0419921875