0 0.1337890625 0.9150390625 0.134765625 0.1640625
0 0.7197265625 0.703125 0.076171875 0.1259765625
0 0.8388671875 0.7197265625 0.0927734375 0.1279296875
0 0.6591796875 0.5 0.0322265625 0.044921875
0 0.310546875 0.62890625 0.0576171875 0.0791015625
0 0.40234375 0.6123046875 0.0546875 0.1025390625
0 0.3671875 0.529296875 0.0390625 0.0537109375
0 0.1845703125 0.654296875 0.0986328125 0.1572265625
0 0.5419921875 0.4345703125 0.0205078125 0.0302734375
0 0.4453125 0.4814453125 0.0283203125 0.0390625
0 0.5908203125 0.451171875 0.0322265625 0.0712890625