0 0.33203125 0.5965277777777778 0.05 0.07083333333333333
0 0.31015625 0.9493055555555555 0.109375 0.09722222222222222
0 0.864453125 0.9118055555555555 0.1546875 0.17222222222222222
0 0.201953125 0.7993055555555556 0.1 0.13333333333333333
0 0.9578125 0.9020833333333333 0.08359375 0.19305555555555556
0 0.410546875 0.5784722222222223 0.05 0.08888888888888889
0 0.378515625 0.5125 0.0359375 0.04861111111111111
0 0.688671875 0.5333333333333333 0.03984375 0.05555555555555555
0 0.21796875 0.6159722222222223 0.08203125 0.14027777777777778
0 0.546875 0.4527777777777778 0.025 0.03333333333333333
0 0.45 0.4708333333333333 0.02734375 0.041666666666666664
0 0.26953125 0.5930555555555556 0.03125 0.07777777777777778
0 0.273828125 0.5923611111111111 0.02265625 0.07222222222222222
0 0.4671875 0.3625 0.47109375 0.36944444444444446 0.46640625 0.3763888888888889 0.46328125 0.3763888888888889 0.4609375 0.36944444444444446 0.46171875 0.36527777777777776 0.46640625 0.3625
0 0.521875 0.3819444444444444 0.52890625 0.37916666666666665 0.534375 0.3861111111111111 0.534375 0.3972222222222222 0.5234375 0.3972222222222222 0.52109375 0.3902777777777778 0.521875 0.38333333333333336
0 0.56796875 0.37916666666666665 0.57421875 0.38333333333333336 0.57578125 0.3888888888888889 0.57421875 0.3972222222222222 0.56953125 0.3972222222222222 0.56484375 0.3902777777777778 0.5640625 0.3819444444444444 0.5671875 0.37916666666666665
0 0.449609375 0.4722222222222222 0.02265625 0.03611111111111111
0 0.4734375 0.3888888888888889 0.47578125 0.39444444444444443 0.4765625 0.40694444444444444 0.471875 0.4097222222222222 0.46328125 0.4041666666666667 0.46328125 0.39305555555555555 0.465625 0.3888888888888889 0.47265625 0.3888888888888889
0 0.55859375 0.36944444444444446 0.56484375 0.37777777777777777 0.56171875 0.38472222222222224 0.55390625 0.38333333333333336 0.55390625 0.3736111111111111 0.55625 0.3680555555555556 0.5578125 0.36944444444444446
0 0.59375 0.41388888888888886 0.60078125 0.4125 0.60625 0.4152777777777778 0.61015625 0.43333333333333335 0.609375 0.4388888888888889 0.60625 0.44027777777777777 0.59296875 0.4388888888888889 0.59140625 0.4236111111111111 0.59375 0.4152777777777778
0 0.2453125 0.5486111111111112 0.253125 0.5555555555555556 0.25703125 0.6152777777777778 0.25625 0.6291666666666667 0.24921875 0.6402777777777777 0.24765625 0.6652777777777777 0.23828125 0.6763888888888889 0.19453125 0.6791666666666667 0.18125 0.675 0.17734375 0.6666666666666666 0.17890625 0.6388888888888888 0.17734375 0.5930555555555556 0.17890625 0.5805555555555556 0.18515625 0.5708333333333333 0.21015625 0.5513888888888889 0.21875 0.5486111111111112 0.24453125 0.5486111111111112
0 0.44921875 0.3763888888888889 0.45234375 0.37083333333333335 0.46015625 0.36944444444444446 0.4625 0.3736111111111111 0.4625 0.38472222222222224 0.459375 0.3902777777777778 0.45078125 0.3875 0.45 0.37777777777777777
0 0.56484375 0.39166666666666666 0.56875 0.4 0.56796875 0.4125 0.559375 0.4125 0.55546875 0.4083333333333333 0.55625 0.39305555555555555 0.559375 0.3902777777777778 0.5640625 0.39166666666666666
0 0.38828125 0.49444444444444446 0.39375 0.5055555555555555 0.39296875 0.5236111111111111 0.3875 0.5319444444444444 0.3671875 0.5333333333333333 0.3625 0.5333333333333333 0.36015625 0.5277777777777778 0.36015625 0.5152777777777777 0.365625 0.49722222222222223 0.37265625 0.49166666666666664 0.384375 0.49166666666666664 0.3875 0.49444444444444446
0 0.49921875 0.34305555555555556 0.50234375 0.3486111111111111 0.5015625 0.3527777777777778 0.4953125 0.3597222222222222 0.49296875 0.35694444444444445 0.4921875 0.3486111111111111 0.49453125 0.34305555555555556 0.4984375 0.34305555555555556
0 0.525 0.3416666666666667 0.528125 0.3472222222222222 0.528125 0.3597222222222222 0.52578125 0.3638888888888889 0.5171875 0.3597222222222222 0.51875 0.34305555555555556 0.52421875 0.3416666666666667
0 0.40078125 0.4125 0.40546875 0.41944444444444445 0.40625 0.43472222222222223 0.40390625 0.44166666666666665 0.384375 0.44027777777777777 0.38671875 0.4166666666666667 0.38984375 0.4125 0.4 0.4125
0 0.4828125 0.37083333333333335 0.484375 0.3819444444444444 0.48125 0.3861111111111111 0.47421875 0.38472222222222224 0.4734375 0.3736111111111111 0.4796875 0.3680555555555556 0.48203125 0.37083333333333335
0 0.34375 0.5625 0.35546875 0.5805555555555556 0.35703125 0.5875 0.35625 0.6041666666666666 0.3484375 0.6152777777777778 0.3453125 0.625 0.33671875 0.6208333333333333 0.32578125 0.6208333333333333 0.31171875 0.6263888888888889 0.309375 0.6263888888888889 0.30703125 0.6208333333333333 0.30703125 0.5944444444444444 0.3140625 0.5722222222222222 0.32109375 0.5625 0.34296875 0.5625
0 0.2359375 0.7458333333333333 0.24609375 0.75 0.2515625 0.7638888888888888 0.24921875 0.7972222222222223 0.246875 0.8013888888888889 0.240625 0.8041666666666667 0.22734375 0.8277777777777777 0.2203125 0.8569444444444444 0.21484375 0.8597222222222223 0.20703125 0.8541666666666666 0.19140625 0.8527777777777777 0.1703125 0.8569444444444444 0.16015625 0.8625 0.1546875 0.8625 0.153125 0.8583333333333333 0.15078125 0.8472222222222222 0.15 0.8222222222222222 0.159375 0.7819444444444444 0.16796875 0.7638888888888888 0.17734375 0.75 0.1875 0.7430555555555556 0.22421875 0.7402777777777778 0.23515625 0.7458333333333333
0 0.5515625 0.4388888888888889 0.55625 0.44722222222222224 0.55546875 0.4638888888888889 0.553125 0.46805555555555556 0.53828125 0.4666666666666667 0.53671875 0.4625 0.53671875 0.44583333333333336 0.53828125 0.44027777777777777 0.54140625 0.4375 0.55078125 0.4388888888888889
0 0.68984375 0.5083333333333333 0.69765625 0.5125 0.70546875 0.525 0.70859375 0.5513888888888889 0.70703125 0.5611111111111111 0.7046875 0.5638888888888889 0.6921875 0.5597222222222222 0.6796875 0.5611111111111111 0.66953125 0.55 0.66796875 0.5402777777777777 0.6703125 0.5180555555555556 0.67578125 0.5083333333333333 0.6890625 0.5083333333333333
0 0.95859375 0.8083333333333333 0.975 0.8138888888888889 0.99921875 0.8375 0.99921875 0.9638888888888889 0.996875 0.9652777777777778 0.996875 0.9819444444444444 0.99921875 0.9847222222222223 0.99765625 0.9861111111111112 0.99921875 0.9958333333333333 0.9953125 0.9986111111111111 0.98359375 0.9958333333333333 0.97890625 0.9694444444444444 0.94296875 0.9222222222222223 0.9359375 0.9152777777777777 0.925 0.9138888888888889 0.92109375 0.9069444444444444 0.91953125 0.8777777777777778 0.91484375 0.8597222222222223 0.91796875 0.8291666666666667 0.93671875 0.8083333333333333 0.9578125 0.8083333333333333
0 0.421875 0.39305555555555555 0.42265625 0.40694444444444444 0.421875 0.4125 0.41875 0.4166666666666667 0.40625 0.4166666666666667 0.40390625 0.4111111111111111 0.40390625 0.3958333333333333 0.4078125 0.3902777777777778 0.41796875 0.3902777777777778 0.42109375 0.39305555555555555
0 0 0.8805555555555555 0.0046875 0.8861111111111111 0.00703125 0.8958333333333334 0.00234375 0.9208333333333333 0.0015625 0.9416666666666667 0 0.9416666666666667 0 0.8819444444444444
0 0.43828125 0.40555555555555556 0.43828125 0.3958333333333333 0.44296875 0.3861111111111111 0.45 0.3888888888888889 0.4515625 0.4027777777777778 0.44921875 0.40694444444444444 0.4390625 0.40555555555555556
0 0.48046875 0.3388888888888889 0.48203125 0.34444444444444444 0.48046875 0.35833333333333334 0.47265625 0.3611111111111111 0.47109375 0.35694444444444445 0.471875 0.34444444444444444 0.4796875 0.3402777777777778
0 0.51796875 0.3638888888888889 0.52421875 0.3638888888888889 0.52734375 0.37083333333333335 0.52578125 0.37777777777777777 0.51875 0.37916666666666665 0.51640625 0.3736111111111111 0.51796875 0.36527777777777776
0 0.25390625 0.5527777777777778 0.271875 0.5541666666666667 0.278125 0.5652777777777778 0.2828125 0.5680555555555555 0.28515625 0.5777777777777777 0.28515625 0.5930555555555556 0.2828125 0.6083333333333333 0.27578125 0.6097222222222223 0.27265625 0.6166666666666667 0.271875 0.625 0.26875 0.6291666666666667 0.26015625 0.6263888888888889 0.2578125 0.6222222222222222 0.25625 0.6097222222222223 0.25390625 0.5541666666666667
0 0.5484375 0.35833333333333334 0.55078125 0.36527777777777776 0.54765625 0.37083333333333335 0.54296875 0.36944444444444446 0.5421875 0.36527777777777776 0.54375 0.35833333333333334 0.54765625 0.35833333333333334
0 0.33125 0.9013888888888889 0.35625 0.9097222222222222 0.3625 0.9263888888888889 0.3625 0.9819444444444444 0.3609375 0.9944444444444445 0.35703125 0.9986111111111111 0.253125 0.9986111111111111 0.2609375 0.9625 0.271875 0.9277777777777778 0.29765625 0.9055555555555556 0.3140625 0.9013888888888889 0.33046875 0.9013888888888889
0 0.440625 0.36944444444444446 0.45 0.36944444444444446 0.44765625 0.3819444444444444 0.44375 0.38472222222222224 0.43984375 0.38333333333333336 0.4390625 0.375 0.440625 0.37083333333333335
0 0.42890625 0.4166666666666667 0.43359375 0.42777777777777776 0.43359375 0.44027777777777777 0.43203125 0.44305555555555554 0.42109375 0.44305555555555554 0.41640625 0.4375 0.41796875 0.425 0.421875 0.41805555555555557 0.428125 0.4166666666666667
0 0.85625 0.8388888888888889 0.87890625 0.8680555555555556 0.89609375 0.9 0.9078125 0.9291666666666667 0.915625 0.9555555555555556 0.928125 0.9833333333333333 0.93046875 0.9916666666666667 0.92890625 0.9986111111111111 0.91484375 0.9986111111111111 0.9125 0.9958333333333333 0.90234375 0.9958333333333333 0.9 0.9986111111111111 0.8421875 0.9986111111111111 0.83828125 0.9944444444444445 0.82421875 0.9944444444444445 0.81875 0.9763888888888889 0.80703125 0.9569444444444445 0.796875 0.9583333333333334 0.79296875 0.9555555555555556 0.78515625 0.9083333333333333 0.78671875 0.8777777777777778 0.7921875 0.8541666666666666 0.80546875 0.8333333333333334 0.8125 0.8305555555555556 0.83046875 0.8305555555555556 0.85546875 0.8388888888888889
0 0.46796875 0.4083333333333333 0.46953125 0.4125 0.46796875 0.4236111111111111 0.4546875 0.41805555555555557 0.45546875 0.4111111111111111 0.459375 0.40694444444444444 0.4640625 0.40555555555555556 0.4671875 0.4083333333333333
0 0.60390625 0.44166666666666665 0.6109375 0.4444444444444444 0.6203125 0.4597222222222222 0.62421875 0.48055555555555557 0.62421875 0.5013888888888889 0.62265625 0.5180555555555556 0.61953125 0.5222222222222223 0.61328125 0.5180555555555556 0.59453125 0.5180555555555556 0.5875 0.5027777777777778 0.5859375 0.46944444444444444 0.58828125 0.44583333333333336 0.59296875 0.44166666666666665 0.603125 0.44166666666666665
0 0.43671875 0.37777777777777777 0.4390625 0.38333333333333336 0.43671875 0.39305555555555555 0.428125 0.39305555555555555 0.4265625 0.3902777777777778 0.42890625 0.37777777777777777 0.4359375 0.37777777777777777
0 0.4890625 0.35138888888888886 0.49140625 0.35833333333333334 0.4875 0.37083333333333335 0.48203125 0.36944444444444446 0.48046875 0.3597222222222222 0.48359375 0.3527777777777778 0.48828125 0.35138888888888886
0 0.428125 0.5388888888888889 0.43125 0.5486111111111112 0.4359375 0.5541666666666667 0.43515625 0.5861111111111111 0.4296875 0.6166666666666667 0.4140625 0.6152777777777778 0.3984375 0.6166666666666667 0.3953125 0.6194444444444445 0.390625 0.6180555555555556 0.38828125 0.6097222222222223 0.38828125 0.5736111111111111 0.3953125 0.5458333333333333 0.3984375 0.5402777777777777 0.40390625 0.5375 0.42734375 0.5388888888888889
0 0.46015625 0.41944444444444445 0.4671875 0.425 0.4671875 0.4375 0.46484375 0.44166666666666665 0.453125 0.44166666666666665 0.45078125 0.4388888888888889 0.45234375 0.4222222222222222 0.459375 0.41944444444444445