0 0.325390625 0.8930555555555556 0.10390625 0.16666666666666666
0 0.596484375 0.61875 0.05078125 0.08194444444444444
0 0.4 0.6256944444444444 0.04765625 0.075
0 0.377734375 0.5083333333333333 0.03125 0.044444444444444446
0 0.559375 0.4875 0.03203125 0.043055555555555555
0 0.6984375 0.5152777777777777 0.109375 0.175
0 0.300390625 0.53125 0.034375 0.04861111111111111
0 0.1953125 0.7465277777777778 0.1625 0.27361111111111114
0 0.54140625 0.44513888888888886 0.0265625 0.04027777777777778
0 0.06171875 0.7625 0.1203125 0.20694444444444443
0 0.698046875 0.5145833333333333 0.109375 0.1736111111111111
0 0.1953125 0.7458333333333333 0.16171875 0.27361111111111114
0 0.449609375 0.4701388888888889 0.0265625 0.044444444444444446
0 0.42109375 0.43819444444444444 0.02578125 0.03611111111111111
0 0.38828125 0.43680555555555556 0.025 0.03333333333333333
0 0.304296875 0.5256944444444445 0.0421875 0.05555555555555555
0 0.595703125 0.4263888888888889 0.01484375 0.025
0 0.35703125 0.8138888888888889 0.371875 0.8208333333333333 0.3765625 0.8361111111111111 0.37578125 0.8805555555555555 0.37109375 0.8916666666666667 0.35703125 0.9638888888888889 0.3484375 0.9708333333333333 0.33828125 0.9652777777777778 0.29609375 0.9652777777777778 0.28046875 0.9722222222222222 0.27578125 0.9680555555555556 0.27421875 0.9597222222222223 0.27421875 0.925 0.27890625 0.8944444444444445 0.29453125 0.8486111111111111 0.29140625 0.8416666666666667 0.2921875 0.8333333333333334 0.31640625 0.8166666666666667 0.3375 0.8125 0.35625 0.8138888888888889
0 0.47734375 0.35625 0.0109375 0.015277777777777777
0 0.4328125 0.40694444444444444 0.43671875 0.41805555555555557 0.43515625 0.42777777777777776 0.43125 0.42777777777777776 0.4203125 0.41944444444444445 0.4203125 0.4125 0.4234375 0.40694444444444444 0.43203125 0.40694444444444444
0 0.571875 0.3861111111111111 0.578125 0.39444444444444443 0.57890625 0.4 0.5765625 0.4041666666666667 0.56796875 0.4041666666666667 0.56640625 0.4013888888888889 0.5671875 0.3888888888888889 0.57109375 0.3861111111111111
0 0.56796875 0.47638888888888886 0.57109375 0.48333333333333334 0.57109375 0.5027777777777778 0.56796875 0.5083333333333333 0.546875 0.5055555555555555 0.54453125 0.4861111111111111 0.54609375 0.47638888888888886 0.5515625 0.46944444444444444 0.56015625 0.46944444444444444 0.5671875 0.47638888888888886
0 0.4671875 0.35138888888888886 0.4703125 0.35694444444444445 0.4703125 0.36666666666666664 0.46875 0.3736111111111111 0.4640625 0.37777777777777777 0.46015625 0.37777777777777777 0.45703125 0.3736111111111111 0.4578125 0.3611111111111111 0.4609375 0.3527777777777778 0.46640625 0.35138888888888886
0 0.45546875 0.45416666666666666 0.459375 0.4666666666666667 0.4578125 0.48055555555555557 0.45625 0.48333333333333334 0.44453125 0.4847222222222222 0.43828125 0.4847222222222222 0.43671875 0.48055555555555557 0.43984375 0.45555555555555555 0.4421875 0.4527777777777778 0.4546875 0.45416666666666666
0 0.4140625 0.5902777777777778 0.4234375 0.6055555555555555 0.42421875 0.6333333333333333 0.41796875 0.6597222222222222 0.4078125 0.6527777777777778 0.3890625 0.6527777777777778 0.38046875 0.6583333333333333 0.3765625 0.6569444444444444 0.37578125 0.6527777777777778 0.3765625 0.6236111111111111 0.384375 0.5930555555555556 0.396875 0.5875 0.41328125 0.5902777777777778
0 0.44609375 0.3861111111111111 0.4515625 0.3902777777777778 0.45078125 0.4041666666666667 0.44375 0.40555555555555556 0.4390625 0.4013888888888889 0.43984375 0.39166666666666666 0.4421875 0.3875 0.4453125 0.3875
0 0.479296875 0.3798611111111111 0.01171875 0.015277777777777777
0 0.56484375 0.375 0.56796875 0.3819444444444444 0.5671875 0.3888888888888889 0.559375 0.3888888888888889 0.55703125 0.38472222222222224 0.5578125 0.375 0.5640625 0.375
0 0.59765625 0.41388888888888886 0.60234375 0.41805555555555557 0.60546875 0.42916666666666664 0.60390625 0.4375 0.590625 0.4375 0.5890625 0.43472222222222223 0.5890625 0.41805555555555557 0.59140625 0.41388888888888886 0.596875 0.41388888888888886
0 0.31484375 0.5083333333333333 0.32109375 0.5152777777777777 0.32265625 0.5208333333333334 0.32265625 0.5361111111111111 0.3203125 0.5402777777777777 0.31015625 0.55 0.296875 0.5486111111111112 0.28984375 0.5513888888888889 0.28515625 0.55 0.28359375 0.5458333333333333 0.28359375 0.5305555555555556 0.2859375 0.5194444444444445 0.2953125 0.5069444444444444 0.309375 0.5055555555555555 0.3140625 0.5083333333333333
0 0.45 0.3680555555555556 0.45 0.37222222222222223 0.44609375 0.37777777777777777 0.44140625 0.3763888888888889 0.440625 0.3680555555555556 0.4421875 0.36527777777777776 0.44765625 0.36527777777777776 0.44921875 0.3680555555555556
0 0.546875 0.4305555555555556 0.55 0.44027777777777777 0.55 0.4597222222222222 0.5484375 0.4625 0.53203125 0.4597222222222222 0.5296875 0.4486111111111111 0.5296875 0.4375 0.5328125 0.42916666666666664 0.54296875 0.42777777777777776 0.54609375 0.4305555555555556
0 0.44921875 0.3763888888888889 0.45234375 0.375 0.4578125 0.38055555555555554 0.45625 0.3902777777777778 0.4515625 0.3902777777777778 0.4484375 0.3861111111111111 0.44921875 0.37777777777777777
0 0.259375 0.6152777777777778 0.26171875 0.6208333333333333 0.26484375 0.6541666666666667 0.26484375 0.6736111111111112 0.2625 0.6930555555555555 0.26484375 0.7013888888888888 0.2734375 0.7013888888888888 0.27109375 0.7152777777777778 0.2703125 0.7666666666666667 0.26484375 0.7763888888888889 0.25859375 0.7777777777777778 0.24921875 0.7861111111111111 0.23203125 0.8152777777777778 0.23359375 0.8472222222222222 0.22890625 0.8597222222222223 0.221875 0.8611111111111112 0.21328125 0.8555555555555555 0.21015625 0.8722222222222222 0.20703125 0.875 0.203125 0.8722222222222222 0.19375 0.875 0.18359375 0.8708333333333333 0.17578125 0.8763888888888889 0.14921875 0.8736111111111111 0.13515625 0.8763888888888889 0.12734375 0.8611111111111112 0.11875 0.8555555555555555 0.11640625 0.8 0.11875 0.7680555555555556 0.11796875 0.7083333333333334 0.115625 0.6958333333333333 0.1171875 0.6847222222222222 0.1890625 0.6180555555555556 0.21953125 0.6138888888888889 0.25859375 0.6152777777777778
0 0.3859375 0.4861111111111111 0.39375 0.49722222222222223 0.39375 0.5180555555555556 0.390625 0.525 0.3734375 0.5236111111111111 0.36953125 0.5263888888888889 0.36484375 0.5263888888888889 0.3625 0.5166666666666667 0.36640625 0.4930555555555556 0.371875 0.4861111111111111 0.38515625 0.4861111111111111
0 0.415625 0.39444444444444443 0.41875 0.3972222222222222 0.41875 0.4083333333333333 0.415625 0.41388888888888886 0.4078125 0.41388888888888886 0.40625 0.4111111111111111 0.4078125 0.3958333333333333 0.41484375 0.39444444444444443
0 0.59765625 0.5791666666666667 0.60625 0.5833333333333334 0.6171875 0.6111111111111112 0.61953125 0.6416666666666667 0.61640625 0.6583333333333333 0.58046875 0.6569444444444444 0.57734375 0.6541666666666667 0.57421875 0.6444444444444445 0.57109375 0.6277777777777778 0.57109375 0.6 0.57421875 0.5888888888888889 0.58046875 0.5791666666666667 0.596875 0.5791666666666667
0 0.446875 0.375 0.4484375 0.3763888888888889 0.44921875 0.3861111111111111 0.4390625 0.3888888888888889 0.440625 0.37777777777777777 0.44609375 0.375
0 0.084375 0.6666666666666666 0.08828125 0.6694444444444444 0.09453125 0.6833333333333333 0.11875 0.6736111111111112 0.11328125 0.6958333333333333 0.11640625 0.7152777777777778 0.11640625 0.775 0.1140625 0.8055555555555556 0.10390625 0.8180555555555555 0.10078125 0.8361111111111111 0.0953125 0.8458333333333333 0.08125 0.8513888888888889 0.03125 0.8569444444444444 0.015625 0.8569444444444444 0.00625 0.8472222222222222 0.003125 0.8263888888888888 0.00390625 0.8027777777777778 0.00703125 0.8 0.0078125 0.7930555555555555 0.00703125 0.7722222222222223 0.00390625 0.7638888888888888 0.00625 0.7402777777777778 0.01796875 0.7138888888888889 0.065625 0.6736111111111112 0.0765625 0.6666666666666666 0.08359375 0.6666666666666666
0 0.67109375 0.4305555555555556 0.69296875 0.4361111111111111 0.7375 0.4625 0.7390625 0.48055555555555557 0.74765625 0.4930555555555556 0.75078125 0.5097222222222222 0.7546875 0.5152777777777777 0.7546875 0.5319444444444444 0.75078125 0.5375 0.74921875 0.5930555555555556 0.74453125 0.6013888888888889 0.71015625 0.6013888888888889 0.69921875 0.5986111111111111 0.6828125 0.575 0.678125 0.5736111111111111 0.67578125 0.5583333333333333 0.67265625 0.5513888888888889 0.66484375 0.5458333333333333 0.65234375 0.5277777777777778 0.6453125 0.49722222222222223 0.64765625 0.43333333333333335 0.64921875 0.4305555555555556 0.6703125 0.4305555555555556
0 0.43046875 0.35833333333333334 0.4375 0.3611111111111111 0.4390625 0.3736111111111111 0.43828125 0.3819444444444444 0.43203125 0.39166666666666666 0.421875 0.39166666666666666 0.41796875 0.38333333333333336 0.4203125 0.3597222222222222 0.4296875 0.35833333333333334
0 0.3953125 0.4236111111111111 0.4 0.43472222222222223 0.4 0.44027777777777777 0.396875 0.44722222222222224 0.3796875 0.44722222222222224 0.37734375 0.44166666666666665 0.38203125 0.4236111111111111 0.39453125 0.4236111111111111
0 0.42421875 0.4222222222222222 0.428125 0.425 0.4328125 0.43472222222222223 0.4328125 0.44583333333333336 0.42890625 0.4513888888888889 0.4140625 0.4513888888888889 0.4125 0.4486111111111111 0.41484375 0.42777777777777776 0.41953125 0.4222222222222222 0.4234375 0.4222222222222222
0 0.4640625 0.4111111111111111 0.46875 0.41388888888888886 0.47109375 0.42083333333333334 0.47109375 0.4305555555555556 0.46875 0.43472222222222223 0.45546875 0.43472222222222223 0.45390625 0.43194444444444446 0.45546875 0.4166666666666667 0.46328125 0.4111111111111111
0 0.5453125 0.32916666666666666 0.54765625 0.3333333333333333 0.54765625 0.3458333333333333 0.5453125 0.35 0.53828125 0.3486111111111111 0.53671875 0.34305555555555556 0.5375 0.33055555555555555 0.54453125 0.32916666666666666