0 0.36015625 0.5451388888888888 0.0390625 0.058333333333333334
0 0.412890625 0.5965277777777778 0.0421875 0.06944444444444445
0 0.31796875 0.91875 0.1046875 0.1597222222222222
0 0.209765625 0.5638888888888889 0.1890625 0.26805555555555555
0 0.622265625 0.675 0.06015625 0.10138888888888889
0 0.21171875 0.7673611111111112 0.13671875 0.2222222222222222
0 0.766796875 0.6263888888888889 0.06640625 0.09027777777777778
0 0.66484375 0.5138888888888888 0.0390625 0.05138888888888889
0 0.402734375 0.45902777777777776 0.02265625 0.030555555555555555
0 0.447265625 0.46458333333333335 0.02578125 0.034722222222222224
0 0.6671875 0.5194444444444445 0.0359375 0.03888888888888889
0 0.035546875 0.9111111111111111 0.07109375 0.1597222222222222
0 0.609375 0.425 0.6125 0.42916666666666664 0.615625 0.44305555555555554 0.61328125 0.4513888888888889 0.5984375 0.45 0.59765625 0.44722222222222224 0.5984375 0.42916666666666664 0.60234375 0.4236111111111111 0.60859375 0.425
0 0.33359375 0.8416666666666667 0.359375 0.8472222222222222 0.3640625 0.8513888888888889 0.3671875 0.8611111111111112 0.365625 0.9055555555555556 0.35859375 0.9388888888888889 0.35078125 0.9638888888888889 0.35 0.9944444444444445 0.34765625 0.9958333333333333 0.271875 0.9958333333333333 0.26796875 0.9902777777777778 0.26796875 0.9430555555555555 0.2734375 0.9180555555555555 0.29296875 0.8527777777777777 0.3 0.8430555555555556 0.3328125 0.8416666666666667
0 0.52734375 0.3638888888888889 0.5296875 0.3680555555555556 0.52890625 0.37916666666666665 0.521875 0.37777777777777777 0.51953125 0.3736111111111111 0.52109375 0.3638888888888889 0.5265625 0.3638888888888889
0 0.45390625 0.4513888888888889 0.45859375 0.4625 0.45859375 0.4777777777777778 0.45625 0.48194444444444445 0.45 0.4791666666666667 0.4359375 0.48055555555555557 0.4359375 0.46805555555555556 0.4390625 0.4527777777777778 0.4421875 0.45 0.453125 0.4513888888888889
0 0.4265625 0.5652777777777778 0.4328125 0.5805555555555556 0.43359375 0.5875 0.43203125 0.6222222222222222 0.428125 0.625 0.421875 0.6222222222222222 0.39296875 0.6222222222222222 0.39375 0.5888888888888889 0.40078125 0.5666666666666667 0.40390625 0.5638888888888889 0.42578125 0.5652777777777778
0 0.446875 0.3638888888888889 0.44921875 0.3680555555555556 0.45 0.3763888888888889 0.44765625 0.3819444444444444 0.4421875 0.3861111111111111 0.4390625 0.3861111111111111 0.43671875 0.375 0.4375 0.3680555555555556 0.43828125 0.36527777777777776 0.44609375 0.3638888888888889
0 0.55 0.3861111111111111 0.553125 0.39166666666666666 0.55390625 0.40694444444444444 0.55 0.4305555555555556 0.53359375 0.42777777777777776 0.53046875 0.41805555555555557 0.53046875 0.4013888888888889 0.53359375 0.3861111111111111 0.54921875 0.3861111111111111
0 0.5640625 0.37916666666666665 0.56875 0.3819444444444444 0.571875 0.39166666666666666 0.5671875 0.3958333333333333 0.56171875 0.39444444444444443 0.5609375 0.3888888888888889 0.56328125 0.38055555555555554
0 0.28359375 0.44166666666666665 0.2859375 0.4444444444444444 0.28828125 0.4597222222222222 0.2953125 0.47638888888888886 0.2953125 0.48333333333333334 0.30078125 0.49722222222222223 0.3 0.5194444444444445 0.3015625 0.5333333333333333 0.29921875 0.5736111111111111 0.2875 0.5875 0.2796875 0.6069444444444444 0.27578125 0.6097222222222223 0.2609375 0.6097222222222223 0.25625 0.6208333333333333 0.24296875 0.6361111111111111 0.2375 0.6555555555555556 0.22734375 0.6569444444444444 0.2171875 0.6541666666666667 0.21328125 0.6583333333333333 0.19765625 0.6638888888888889 0.178125 0.6819444444444445 0.16171875 0.6888888888888889 0.15546875 0.6861111111111111 0.1359375 0.6888888888888889 0.1234375 0.6819444444444445 0.11640625 0.5402777777777777 0.1171875 0.5125 0.13671875 0.49722222222222223 0.21328125 0.4583333333333333 0.23203125 0.44583333333333336 0.278125 0.4444444444444444 0.2828125 0.44166666666666665
0 0.33203125 0.4666666666666667 0.33671875 0.4875 0.3375 0.5055555555555555 0.328125 0.5180555555555556 0.303125 0.5180555555555556 0.3015625 0.5097222222222222 0.3015625 0.4791666666666667 0.303125 0.4736111111111111 0.31328125 0.4666666666666667 0.33125 0.4666666666666667
0 0.46015625 0.37777777777777777 0.46015625 0.39305555555555555 0.45 0.39305555555555555 0.45 0.38333333333333336 0.45234375 0.37777777777777777 0.459375 0.37777777777777777
0 0.41171875 0.44722222222222224 0.415625 0.4597222222222222 0.415625 0.46944444444444444 0.4125 0.475 0.39296875 0.475 0.39140625 0.46944444444444444 0.3953125 0.44722222222222224 0.40078125 0.4444444444444444 0.409375 0.4444444444444444 0.4109375 0.44722222222222224
0 0.57890625 0.42083333333333334 0.578125 0.4083333333333333 0.58046875 0.4 0.5875 0.4 0.590625 0.40555555555555556 0.59296875 0.41805555555555557 0.59140625 0.4222222222222222 0.5796875 0.42083333333333334
0 0.37109375 0.5180555555555556 0.37890625 0.5319444444444444 0.3796875 0.5527777777777778 0.371875 0.5652777777777778 0.353125 0.5652777777777778 0.3484375 0.5680555555555555 0.3421875 0.5666666666666667 0.340625 0.5583333333333333 0.340625 0.5416666666666666 0.34453125 0.5263888888888889 0.3484375 0.5194444444444445 0.35546875 0.5152777777777777 0.3703125 0.5180555555555556
0 0.48359375 0.3625 0.48515625 0.3638888888888889 0.48359375 0.3819444444444444 0.4796875 0.3875 0.475 0.37916666666666665 0.47578125 0.3736111111111111 0.48359375 0.3638888888888889
0 0.38515625 0.4152777777777778 0.390625 0.4263888888888889 0.3921875 0.4486111111111111 0.3890625 0.4583333333333333 0.384375 0.4638888888888889 0.3640625 0.4638888888888889 0.3609375 0.4597222222222222 0.36015625 0.45 0.36171875 0.42083333333333334 0.371875 0.41388888888888886 0.384375 0.4152777777777778
0 0.2421875 0.6611111111111111 0.25234375 0.6652777777777777 0.2609375 0.6819444444444445 0.26796875 0.7027777777777777 0.2765625 0.7111111111111111 0.2765625 0.7763888888888889 0.27265625 0.7861111111111111 0.2625 0.7888888888888889 0.25 0.8125 0.2421875 0.8319444444444445 0.2390625 0.8569444444444444 0.23515625 0.8652777777777778 0.1828125 0.8722222222222222 0.1625 0.8722222222222222 0.1578125 0.8694444444444445 0.15234375 0.8638888888888889 0.14765625 0.8486111111111111 0.14609375 0.8069444444444445 0.1484375 0.7555555555555555 0.15234375 0.7208333333333333 0.15703125 0.7111111111111111 0.171875 0.6916666666666667 0.19921875 0.6652777777777777 0.21640625 0.6597222222222222 0.24140625 0.6611111111111111
0 0.77265625 0.5888888888888889 0.7828125 0.6013888888888889 0.7984375 0.6388888888888888 0.79921875 0.6569444444444444 0.79609375 0.6694444444444444 0.75390625 0.6652777777777777 0.75078125 0.6611111111111111 0.7484375 0.6388888888888888 0.7375 0.6430555555555556 0.73359375 0.6375 0.73515625 0.5972222222222222 0.73984375 0.5861111111111111 0.7515625 0.5833333333333334 0.771875 0.5888888888888889
0 0.434375 0.375 0.43984375 0.38333333333333336 0.4390625 0.39305555555555555 0.42734375 0.39305555555555555 0.428125 0.37916666666666665 0.43359375 0.375
0 0.61953125 0.625 0.63359375 0.6305555555555555 0.6421875 0.6527777777777778 0.64765625 0.6583333333333333 0.646875 0.6708333333333333 0.6515625 0.6930555555555555 0.65078125 0.7152777777777778 0.64765625 0.7208333333333333 0.61171875 0.7194444444444444 0.6015625 0.7125 0.6 0.7 0.59296875 0.6805555555555556 0.59296875 0.6388888888888888 0.5984375 0.6277777777777778 0.61875 0.625
0 0.43671875 0.4083333333333333 0.440625 0.41388888888888886 0.440625 0.4263888888888889 0.43828125 0.4305555555555556 0.42421875 0.41944444444444445 0.4265625 0.4097222222222222 0.43125 0.40694444444444444 0.4359375 0.4083333333333333
0 0.01875 0.8361111111111111 0.04765625 0.8472222222222222 0.06484375 0.8444444444444444 0.06796875 0.8486111111111111 0.07109375 0.8736111111111111 0.0671875 0.9013888888888889 0.0484375 0.9194444444444444 0.02578125 0.9513888888888888 0.015625 0.9597222222222223 0.0125 0.9666666666666667 0.009375 0.9847222222222223 0.0046875 0.9888888888888889 0.003125 0.9944444444444445 0 0.9944444444444445 0 0.8375 0.01796875 0.8361111111111111
0 0.65859375 0.4875 0.66953125 0.49027777777777776 0.67421875 0.49722222222222223 0.68203125 0.5194444444444445 0.68203125 0.5319444444444444 0.67890625 0.5347222222222222 0.6546875 0.5319444444444444 0.64609375 0.5222222222222223 0.646875 0.49444444444444446 0.6578125 0.4875
0 0.459375 0.3763888888888889 0.45859375 0.3680555555555556 0.4625 0.3611111111111111 0.46796875 0.3638888888888889 0.46796875 0.3736111111111111 0.46640625 0.3763888888888889 0.46015625 0.3763888888888889
0 0.528125 0.37916666666666665 0.53125 0.38472222222222224 0.53125 0.3958333333333333 0.5265625 0.4 0.51953125 0.39861111111111114 0.51875 0.3875 0.5203125 0.3819444444444444 0.52734375 0.37916666666666665
0 0.42890625 0.4222222222222222 0.43359375 0.42777777777777776 0.434375 0.44166666666666665 0.4328125 0.44583333333333336 0.42578125 0.44722222222222224 0.41796875 0.44583333333333336 0.415625 0.4388888888888889 0.415625 0.4305555555555556 0.421875 0.42083333333333334 0.428125 0.4222222222222222
0 0.465625 0.4027777777777778 0.46484375 0.39305555555555555 0.46953125 0.37916666666666665 0.475 0.37916666666666665 0.47734375 0.38333333333333336 0.47734375 0.39861111111111114 0.47578125 0.4041666666666667 0.46640625 0.4027777777777778
0 0.55390625 0.3625 0.559375 0.37083333333333335 0.559375 0.375 0.55546875 0.37777777777777777 0.55078125 0.3763888888888889 0.54921875 0.37083333333333335 0.55 0.3638888888888889 0.553125 0.3625
0 0.546875 0.37083333333333335 0.55 0.3763888888888889 0.54921875 0.38472222222222224 0.54375 0.38472222222222224 0.53984375 0.38055555555555554 0.5421875 0.37222222222222223 0.54609375 0.37083333333333335
0 0.46328125 0.4083333333333333 0.465625 0.4111111111111111 0.46796875 0.4222222222222222 0.4671875 0.4361111111111111 0.4640625 0.44027777777777777 0.45 0.44027777777777777 0.4484375 0.4375 0.44921875 0.41388888888888886 0.45390625 0.4083333333333333 0.4625 0.4083333333333333