0 0.415625 0.5805555555555556 0.03984375 0.06527777777777778
0 0.36484375 0.5340277777777778 0.03671875 0.05277777777777778
0 0.223046875 0.5520833333333334 0.17109375 0.24583333333333332
0 0.0515625 0.8652777777777778 0.103125 0.15138888888888888
0 0.65390625 0.7625 0.08125 0.1388888888888889
0 0.332421875 0.8673611111111111 0.0921875 0.1486111111111111
0 0.234765625 0.7284722222222222 0.1203125 0.1986111111111111
0 0.801953125 0.6694444444444444 0.0765625 0.10277777777777777
0 0.6796875 0.5284722222222222 0.03828125 0.05555555555555555
0 0.448046875 0.4597222222222222 0.021875 0.034722222222222224
0 0.544921875 0.4097222222222222 0.025 0.04722222222222222
0 0.405078125 0.45625 0.02421875 0.029166666666666667
0 0.613671875 0.44722222222222224 0.0171875 0.025
0 0.34609375 0.7972222222222223 0.37109375 0.8055555555555556 0.3765625 0.8180555555555555 0.37578125 0.8583333333333333 0.3703125 0.8833333333333333 0.36640625 0.8930555555555556 0.36640625 0.9 0.36328125 0.9069444444444444 0.3625 0.9263888888888889 0.36015625 0.9375 0.31171875 0.9333333333333333 0.29609375 0.9402777777777778 0.29140625 0.9402777777777778 0.28828125 0.9319444444444445 0.28828125 0.8888888888888888 0.2921875 0.8652777777777778 0.30625 0.8138888888888889 0.31171875 0.8027777777777778 0.3171875 0.7986111111111112 0.3453125 0.7972222222222223
0 0.4375 0.40555555555555556 0.44140625 0.41388888888888886 0.44140625 0.4222222222222222 0.43828125 0.4263888888888889 0.43515625 0.4263888888888889 0.42578125 0.4152777777777778 0.42890625 0.40694444444444444 0.43671875 0.40555555555555556
0 0.56875 0.3819444444444444 0.57265625 0.3902777777777778 0.57109375 0.3972222222222222 0.5640625 0.3972222222222222 0.5625 0.39444444444444443 0.5625 0.3819444444444444 0.56796875 0.3819444444444444
0 0.26015625 0.6347222222222222 0.2703125 0.6375 0.27578125 0.6472222222222223 0.2765625 0.6555555555555556 0.2828125 0.6722222222222223 0.29375 0.6819444444444445 0.29375 0.6875 0.29140625 0.6916666666666667 0.29140625 0.7444444444444445 0.2890625 0.7513888888888889 0.27890625 0.7541666666666667 0.2734375 0.7708333333333334 0.26171875 0.7875 0.25859375 0.8138888888888889 0.2546875 0.8208333333333333 0.2140625 0.8236111111111111 0.190625 0.8236111111111111 0.18359375 0.8180555555555555 0.17890625 0.8097222222222222 0.17578125 0.7888888888888889 0.17578125 0.7486111111111111 0.18125 0.6861111111111111 0.184375 0.6777777777777778 0.20234375 0.6569444444444444 0.22109375 0.6402777777777777 0.23671875 0.6347222222222222 0.259375 0.6347222222222222
0 0.53671875 0.3541666666666667 0.5375 0.3638888888888889 0.53046875 0.3625 0.53203125 0.3541666666666667 0.5359375 0.3541666666666667
0 0.5203125 0.4027777777777778 0.51953125 0.39166666666666666 0.52265625 0.38333333333333336 0.5296875 0.38333333333333336 0.5328125 0.3902777777777778 0.5328125 0.4013888888888889 0.53046875 0.4041666666666667 0.52109375 0.4027777777777778
0 0.4765625 0.3819444444444444 0.478125 0.38472222222222224 0.47734375 0.4027777777777778 0.46875 0.4027777777777778 0.465625 0.39861111111111114 0.46640625 0.3888888888888889 0.46875 0.38472222222222224 0.47578125 0.3819444444444444
0 0.54296875 0.3875 0.5515625 0.3888888888888889 0.55703125 0.3972222222222222 0.55390625 0.43333333333333335 0.5515625 0.4361111111111111 0.5390625 0.4361111111111111 0.534375 0.43333333333333335 0.5328125 0.42777777777777776 0.53359375 0.39305555555555555 0.5421875 0.3888888888888889
0 0.54921875 0.3736111111111111 0.55234375 0.38055555555555554 0.55078125 0.3875 0.54375 0.3875 0.54140625 0.38333333333333336 0.54296875 0.3736111111111111 0.5484375 0.3736111111111111
0 0.2859375 0.4375 0.2890625 0.44166666666666665 0.29296875 0.44166666666666665 0.2953125 0.45555555555555555 0.30390625 0.46944444444444444 0.30703125 0.4791666666666667 0.30703125 0.5625 0.28671875 0.5958333333333333 0.271875 0.6 0.25390625 0.6194444444444445 0.2515625 0.6291666666666667 0.24453125 0.6305555555555555 0.23671875 0.6263888888888889 0.21484375 0.6402777777777777 0.1953125 0.6611111111111111 0.1859375 0.6638888888888889 0.1828125 0.6680555555555555 0.17421875 0.6666666666666666 0.17109375 0.6625 0.15703125 0.6680555555555555 0.14453125 0.6611111111111111 0.13984375 0.5888888888888889 0.13828125 0.5013888888888889 0.1625 0.48333333333333334 0.24453125 0.44027777777777777 0.278125 0.44027777777777777 0.28515625 0.4375
0 0.41171875 0.44166666666666665 0.4171875 0.4527777777777778 0.4171875 0.4638888888888889 0.4140625 0.46944444444444444 0.39609375 0.46944444444444444 0.39453125 0.4666666666666667 0.39609375 0.45 0.39921875 0.44305555555555554 0.4046875 0.44027777777777777 0.4109375 0.44166666666666665
0 0.5890625 0.4027777777777778 0.59453125 0.4083333333333333 0.596875 0.42083333333333334 0.5953125 0.4263888888888889 0.58359375 0.4263888888888889 0.58125 0.4236111111111111 0.58203125 0.40694444444444444 0.58828125 0.4027777777777778
0 0.6125 0.4305555555555556 0.61640625 0.43194444444444446 0.6203125 0.44027777777777777 0.621875 0.45694444444444443 0.61953125 0.4597222222222222 0.6078125 0.4583333333333333 0.603125 0.4513888888888889 0.60390625 0.43472222222222223 0.60625 0.4305555555555556 0.61171875 0.4305555555555556
0 0.4671875 0.3875 0.4671875 0.3819444444444444 0.4734375 0.3736111111111111 0.478125 0.37777777777777777 0.47890625 0.3861111111111111 0.46796875 0.3861111111111111
0 0.38359375 0.4111111111111111 0.3890625 0.41388888888888886 0.3921875 0.4236111111111111 0.39375 0.45 0.3875 0.4597222222222222 0.3828125 0.46111111111111114 0.36875 0.46111111111111114 0.36484375 0.4583333333333333 0.36328125 0.4527777777777778 0.36328125 0.425 0.36484375 0.41805555555555557 0.371875 0.4125 0.3828125 0.4111111111111111
0 0.425 0.55 0.43203125 0.5569444444444445 0.4359375 0.5708333333333333 0.43671875 0.5902777777777778 0.434375 0.6041666666666666 0.4328125 0.6069444444444444 0.41015625 0.6055555555555555 0.40546875 0.6083333333333333 0.4 0.6083333333333333 0.39765625 0.6041666666666666 0.39765625 0.5875 0.40078125 0.5625 0.40546875 0.5527777777777778 0.409375 0.55 0.42421875 0.55
0 0.3703125 0.5069444444444444 0.3765625 0.5097222222222222 0.38359375 0.5222222222222223 0.384375 0.5430555555555555 0.37734375 0.5541666666666667 0.35390625 0.5569444444444445 0.3484375 0.5555555555555556 0.34609375 0.5305555555555556 0.35390625 0.5111111111111111 0.36953125 0.5069444444444444
0 0.68203125 0.5041666666666667 0.6890625 0.5138888888888888 0.696875 0.5347222222222222 0.69765625 0.5486111111111112 0.69453125 0.5527777777777778 0.671875 0.5513888888888889 0.6578125 0.5375 0.66015625 0.5083333333333333 0.6671875 0.5027777777777778 0.68125 0.5041666666666667
0 0.453125 0.44583333333333336 0.4578125 0.4513888888888889 0.459375 0.4583333333333333 0.459375 0.4722222222222222 0.45625 0.4777777777777778 0.45 0.475 0.4375 0.47638888888888886 0.4375 0.4652777777777778 0.440625 0.4486111111111111 0.45234375 0.44583333333333336
0 0.5515625 0.36527777777777776 0.55703125 0.36527777777777776 0.56171875 0.375 0.56015625 0.37916666666666665 0.55546875 0.37916666666666665 0.55078125 0.37222222222222223 0.5515625 0.36666666666666664
0 0.80390625 0.6222222222222222 0.81796875 0.6361111111111111 0.8296875 0.6666666666666666 0.840625 0.6861111111111111 0.84140625 0.7027777777777777 0.8375 0.7194444444444444 0.83515625 0.7222222222222222 0.83203125 0.7222222222222222 0.82734375 0.7166666666666667 0.80703125 0.7125 0.7890625 0.7138888888888889 0.78515625 0.7055555555555556 0.78515625 0.6875 0.78203125 0.6805555555555556 0.775 0.6763888888888889 0.76953125 0.6833333333333333 0.765625 0.6819444444444445 0.7640625 0.6736111111111112 0.76484375 0.6416666666666667 0.765625 0.6333333333333333 0.77109375 0.6222222222222222 0.77421875 0.6194444444444445 0.803125 0.6222222222222222
0 0.428125 0.41805555555555557 0.43515625 0.42777777777777776 0.4359375 0.4388888888888889 0.4328125 0.44305555555555554 0.42109375 0.44305555555555554 0.41796875 0.44027777777777777 0.41796875 0.425 0.42109375 0.41944444444444445 0.42734375 0.41805555555555557
0 0.4390625 0.3763888888888889 0.440625 0.3902777777777778 0.43671875 0.39305555555555555 0.42890625 0.39166666666666666 0.428125 0.3819444444444444 0.43046875 0.375 0.43828125 0.3763888888888889
0 0.6390625 0.6944444444444444 0.6640625 0.7027777777777777 0.66953125 0.7125 0.675 0.7291666666666666 0.6859375 0.7472222222222222 0.6890625 0.7625 0.69140625 0.8069444444444445 0.690625 0.8208333333333333 0.6890625 0.8263888888888888 0.68515625 0.8291666666666667 0.64375 0.8263888888888888 0.62890625 0.8166666666666667 0.62734375 0.8027777777777778 0.615625 0.7638888888888888 0.61484375 0.7166666666666667 0.615625 0.7083333333333334 0.6203125 0.6986111111111111 0.628125 0.6944444444444444 0.63828125 0.6944444444444444
0 0.0625 0.7944444444444444 0.08203125 0.8041666666666667 0.096875 0.8027777777777778 0.10234375 0.8208333333333333 0.1015625 0.8486111111111111 0.1 0.8555555555555555 0.09609375 0.8611111111111112 0.0875 0.8666666666666667 0.06875 0.8888888888888888 0.05546875 0.9 0.05 0.9222222222222223 0.04140625 0.9347222222222222 0 0.9236111111111112 0 0.8083333333333333 0.025 0.7958333333333333 0.04140625 0.7930555555555555 0.06171875 0.7944444444444444
0 0.46640625 0.35833333333333334 0.46875 0.3625 0.46875 0.37222222222222223 0.4671875 0.375 0.459375 0.375 0.459375 0.36666666666666664 0.465625 0.3597222222222222
0 0.4390625 0.3638888888888889 0.4484375 0.3638888888888889 0.45078125 0.37222222222222223 0.44921875 0.3819444444444444 0.4421875 0.38472222222222224 0.43828125 0.3763888888888889 0.4390625 0.36527777777777776
0 0.3078125 0.5083333333333333 0.30703125 0.49444444444444446 0.309375 0.4708333333333333 0.321875 0.46111111111111114 0.33515625 0.46111111111111114 0.33828125 0.4638888888888889 0.33828125 0.4736111111111111 0.3421875 0.4847222222222222 0.3421875 0.5 0.3328125 0.5111111111111111 0.315625 0.5125 0.30859375 0.5083333333333333
0 0.46484375 0.40694444444444444 0.4671875 0.4111111111111111 0.46875 0.4236111111111111 0.46640625 0.4361111111111111 0.4515625 0.4361111111111111 0.44921875 0.43333333333333335 0.45 0.4111111111111111 0.45234375 0.40694444444444444 0.4640625 0.40694444444444444
0 0.45703125 0.3840277777777778 0.0125 0.018055555555555554
0 0.5265625 0.36527777777777776 0.53046875 0.37222222222222223 0.52890625 0.38055555555555554 0.52265625 0.38055555555555554 0.5203125 0.375 0.52109375 0.36666666666666664 0.52578125 0.36527777777777776