0 0.358203125 0.7805555555555556 0.08125 0.12222222222222222
0 0.41015625 0.5881944444444445 0.04296875 0.06527777777777778
0 0.75 0.5729166666666666 0.159375 0.24583333333333332
0 0.573828125 0.5305555555555556 0.0359375 0.05416666666666667
0 0.642578125 0.7659722222222223 0.08125 0.14305555555555555
0 0.3171875 0.5131944444444444 0.03359375 0.043055555555555555
0 0.386328125 0.4909722222222222 0.03125 0.04027777777777778
0 0.54765625 0.46805555555555556 0.03046875 0.04722222222222222
0 0.45234375 0.46111111111111114 0.025 0.043055555555555555
0 0.6078125 0.4444444444444444 0.01796875 0.022222222222222223
0 0.130078125 0.7006944444444444 0.11328125 0.16805555555555557
0 0.242578125 0.6756944444444445 0.12421875 0.21944444444444444
0 0.241796875 0.6763888888888889 0.12421875 0.22083333333333333
0 0.74921875 0.5715277777777777 0.159375 0.24444444444444444
0 0.1296875 0.7027777777777777 0.1140625 0.16944444444444445
0 0.6078125 0.4263888888888889 0.6125 0.42916666666666664 0.615625 0.4361111111111111 0.61796875 0.4444444444444444 0.615625 0.4527777777777778 0.59921875 0.4513888888888889 0.59765625 0.44305555555555554 0.59921875 0.4305555555555556 0.6015625 0.4263888888888889 0.60703125 0.4263888888888889
0 0.359375 0.7208333333333333 0.38515625 0.725 0.39453125 0.7319444444444444 0.396875 0.7375 0.3953125 0.7722222222222223 0.38515625 0.8291666666666667 0.38125 0.8347222222222223 0.375 0.8347222222222223 0.36796875 0.8291666666666667 0.33828125 0.8291666666666667 0.32265625 0.8361111111111111 0.31796875 0.8277777777777777 0.31796875 0.7958333333333333 0.3234375 0.7680555555555556 0.3296875 0.7486111111111111 0.32890625 0.7375 0.33046875 0.7333333333333333 0.34453125 0.7222222222222222 0.35859375 0.7222222222222222
0 0.57734375 0.5069444444444444 0.58125 0.5125 0.58828125 0.5361111111111111 0.58828125 0.5541666666666667 0.58515625 0.5583333333333333 0.5796875 0.5555555555555556 0.56015625 0.5569444444444445 0.55703125 0.5513888888888889 0.55546875 0.5208333333333334 0.55859375 0.5111111111111111 0.5640625 0.5055555555555555 0.5765625 0.5069444444444444
0 0.421875 0.5569444444444445 0.42890625 0.5666666666666667 0.43125 0.5777777777777777 0.43203125 0.5986111111111111 0.42734375 0.6180555555555556 0.415625 0.6125 0.3984375 0.6138888888888889 0.39453125 0.6180555555555556 0.390625 0.6180555555555556 0.38984375 0.6152777777777778 0.390625 0.5847222222222223 0.396875 0.5611111111111111 0.4015625 0.5569444444444445 0.42109375 0.5569444444444445
0 0.44921875 0.36527777777777776 0.45078125 0.37222222222222223 0.44453125 0.37777777777777777 0.44140625 0.375 0.4421875 0.36666666666666664 0.4453125 0.3638888888888889 0.4484375 0.36527777777777776
0 0.5515625 0.4486111111111111 0.5578125 0.46111111111111114 0.55859375 0.48333333333333334 0.55703125 0.4888888888888889 0.5359375 0.4875 0.53359375 0.48055555555555557 0.53359375 0.4625 0.5359375 0.4527777777777778 0.54296875 0.44722222222222224 0.55078125 0.4486111111111111
0 0.465234375 0.3625 0.01171875 0.025
0 0.56796875 0.37916666666666665 0.57265625 0.3888888888888889 0.571875 0.39444444444444443 0.56015625 0.39305555555555555 0.56015625 0.38055555555555554 0.5625 0.37777777777777777 0.5671875 0.37916666666666665
0 0.46875 0.4083333333333333 0.471875 0.4152777777777778 0.471875 0.425 0.4671875 0.42916666666666664 0.45625 0.42777777777777776 0.45546875 0.4166666666666667 0.46015625 0.40694444444444444 0.46796875 0.4083333333333333
0 0.43515625 0.4013888888888889 0.4390625 0.40694444444444444 0.43984375 0.41388888888888886 0.4390625 0.41944444444444445 0.4359375 0.4236111111111111 0.42578125 0.4166666666666667 0.42421875 0.4125 0.42578125 0.4027777777777778 0.434375 0.4013888888888889
0 0.45390625 0.3861111111111111 0.45546875 0.3958333333333333 0.45234375 0.4013888888888889 0.4421875 0.4 0.4421875 0.3888888888888889 0.44765625 0.38333333333333336 0.453125 0.3861111111111111
0 0.6453125 0.6972222222222222 0.653125 0.7027777777777777 0.66015625 0.7138888888888889 0.675 0.7555555555555555 0.675 0.7638888888888888 0.68046875 0.7902777777777777 0.68046875 0.8152777777777778 0.678125 0.8277777777777777 0.66953125 0.8347222222222223 0.634375 0.8319444444444445 0.61796875 0.8222222222222222 0.60390625 0.7652777777777777 0.60390625 0.7263888888888889 0.6125 0.7027777777777777 0.61953125 0.6958333333333333 0.64453125 0.6972222222222222
0 0.421875 0.39305555555555555 0.42265625 0.40555555555555556 0.41796875 0.4111111111111111 0.409375 0.4083333333333333 0.41015625 0.3972222222222222 0.41328125 0.39166666666666666 0.42109375 0.39305555555555555
0 0.3015625 0.6430555555555556 0.30390625 0.6472222222222223 0.3015625 0.6569444444444444 0.30078125 0.675 0.30234375 0.6888888888888889 0.3015625 0.7027777777777777 0.29921875 0.7083333333333334 0.29296875 0.7097222222222223 0.28359375 0.7194444444444444 0.27578125 0.7319444444444444 0.27421875 0.7375 0.275 0.7569444444444444 0.271875 0.7694444444444445 0.2640625 0.7694444444444445 0.25859375 0.7763888888888889 0.24921875 0.7791666666666667 0.23671875 0.775 0.23125 0.7791666666666667 0.20625 0.7777777777777778 0.2015625 0.7805555555555556 0.196875 0.7791666666666667 0.19140625 0.7666666666666667 0.18671875 0.7638888888888888 0.18359375 0.7569444444444444 0.18203125 0.7291666666666666 0.18359375 0.6875 0.18046875 0.6597222222222222 0.1828125 0.6430555555555556 0.18125 0.625 0.184375 0.6180555555555556 0.234375 0.5722222222222222 0.29296875 0.5708333333333333 0.2953125 0.5763888888888888 0.29765625 0.6069444444444444 0.29765625 0.6333333333333333 0.30078125 0.6430555555555556
0 0.390625 0.4708333333333333 0.39765625 0.475 0.4015625 0.48194444444444445 0.40234375 0.5 0.3984375 0.5069444444444444 0.37578125 0.5069444444444444 0.37265625 0.5041666666666667 0.37265625 0.49166666666666664 0.3765625 0.4777777777777778 0.38203125 0.4722222222222222 0.38984375 0.4708333333333333
0 0.453125 0.44305555555555554 0.45703125 0.4444444444444444 0.4609375 0.45555555555555555 0.46015625 0.475 0.44453125 0.4777777777777778 0.44140625 0.4777777777777778 0.43984375 0.4736111111111111 0.44140625 0.45 0.44375 0.4444444444444444 0.45234375 0.44305555555555554
0 0.38671875 0.41944444444444445 0.38984375 0.4166666666666667 0.4 0.4166666666666667 0.40390625 0.425 0.40390625 0.43472222222222223 0.40078125 0.44027777777777777 0.3859375 0.44027777777777777 0.38359375 0.43194444444444446 0.38671875 0.42083333333333334
0 0.1359375 0.6208333333333333 0.140625 0.625 0.14296875 0.6361111111111111 0.1484375 0.6361111111111111 0.1671875 0.6236111111111111 0.17890625 0.6236111111111111 0.17890625 0.675 0.18125 0.6847222222222222 0.1796875 0.7208333333333333 0.16015625 0.7444444444444445 0.15703125 0.7513888888888889 0.15546875 0.7652777777777777 0.15078125 0.7722222222222223 0.13984375 0.7708333333333334 0.09375 0.7791666666666667 0.084375 0.7763888888888889 0.07734375 0.7666666666666667 0.07578125 0.7597222222222222 0.07421875 0.7041666666666667 0.0765625 0.6861111111111111 0.08671875 0.6555555555555556 0.121875 0.625 0.13515625 0.6208333333333333
0 0.428125 0.4166666666666667 0.43359375 0.4236111111111111 0.43515625 0.4305555555555556 0.43515625 0.44305555555555554 0.43203125 0.44583333333333336 0.41796875 0.4444444444444444 0.41640625 0.44027777777777777 0.41796875 0.4236111111111111 0.42109375 0.41805555555555557 0.42734375 0.4166666666666667
0 0.71953125 0.45694444444444443 0.796875 0.5 0.803125 0.5083333333333333 0.8046875 0.5277777777777778 0.82109375 0.5472222222222223 0.8234375 0.5652777777777778 0.8296875 0.5791666666666667 0.83046875 0.5944444444444444 0.825 0.6055555555555555 0.821875 0.6819444444444445 0.815625 0.6902777777777778 0.765625 0.6875 0.7578125 0.6833333333333333 0.746875 0.6666666666666666 0.725 0.6444444444444445 0.72109375 0.6222222222222222 0.715625 0.6125 0.709375 0.6083333333333333 0.69609375 0.5902777777777778 0.6875 0.5847222222222223 0.68203125 0.5763888888888888 0.68046875 0.5611111111111111 0.67734375 0.5527777777777778 0.67890625 0.5458333333333333 0.6734375 0.5347222222222222 0.67734375 0.49027777777777776 0.6765625 0.4583333333333333 0.678125 0.45555555555555555 0.71875 0.45694444444444443
0 0.4375 0.35694444444444445 0.440625 0.3611111111111111 0.44140625 0.3763888888888889 0.43984375 0.38333333333333336 0.43515625 0.3902777777777778 0.42734375 0.39166666666666666 0.425 0.39166666666666666 0.42109375 0.3819444444444444 0.421875 0.3625 0.4265625 0.35694444444444445 0.43671875 0.35694444444444445
0 0.32734375 0.4930555555555556 0.3328125 0.4986111111111111 0.3359375 0.5097222222222222 0.334375 0.525 0.33125 0.525 0.32734375 0.5305555555555556 0.31875 0.5291666666666667 0.309375 0.5319444444444444 0.30234375 0.5319444444444444 0.30078125 0.5291666666666667 0.3 0.5152777777777777 0.303125 0.5013888888888889 0.31015625 0.49166666666666664 0.3234375 0.49027777777777776 0.3265625 0.4930555555555556
0 0.57890625 0.39305555555555555 0.58359375 0.39861111111111114 0.58515625 0.40555555555555556 0.58515625 0.4097222222222222 0.58203125 0.4125 0.5734375 0.4125 0.57109375 0.4097222222222222 0.571875 0.3972222222222222 0.57421875 0.39305555555555555 0.578125 0.39305555555555555
0 0.4578125 0.3736111111111111 0.459375 0.3763888888888889 0.459375 0.3861111111111111 0.4578125 0.3875 0.45390625 0.3875 0.44921875 0.38055555555555554 0.44921875 0.3763888888888889 0.45234375 0.37222222222222223 0.45703125 0.3736111111111111
0 0.475 0.38333333333333336 0.47578125 0.3736111111111111 0.4796875 0.36944444444444446 0.48515625 0.37222222222222223 0.48515625 0.38333333333333336 0.47578125 0.38333333333333336
0 0.53828125 0.33055555555555555 0.54609375 0.32916666666666666 0.5484375 0.3333333333333333 0.54765625 0.3486111111111111 0.5390625 0.35 0.53671875 0.3416666666666667 0.53828125 0.33194444444444443