0 0.0734375 0.7770833333333333 0.146875 0.3958333333333333
0 0.408203125 0.5965277777777778 0.04140625 0.06805555555555555
0 0.746484375 0.60625 0.05703125 0.08055555555555556
0 0.275 0.9777777777777777 0.1046875 0.044444444444444446
0 0.240625 0.6083333333333333 0.0578125 0.06805555555555555
0 0.26796875 0.70625 0.07890625 0.10138888888888889
0 0.315234375 0.4708333333333333 0.09140625 0.1486111111111111
0 0.547265625 0.46458333333333335 0.02890625 0.041666666666666664
0 0.658203125 0.4965277777777778 0.02890625 0.044444444444444446
0 0.44296875 0.48194444444444445 0.025 0.03611111111111111
0 0.660546875 0.5013888888888889 0.02734375 0.0375
0 0.612890625 0.5402777777777777 0.0609375 0.125
0 0.351171875 0.54375 0.05703125 0.09861111111111111
0 0.35078125 0.5444444444444444 0.05546875 0.09861111111111111
0 0.401953125 0.46319444444444446 0.0265625 0.041666666666666664
0 0.28984375 0.6597222222222222 0.29375 0.6680555555555555 0.30078125 0.6708333333333333 0.3046875 0.6763888888888889 0.30703125 0.6986111111111111 0.303125 0.7152777777777778 0.290625 0.7263888888888889 0.28671875 0.7458333333333333 0.2828125 0.75 0.275 0.7458333333333333 0.24453125 0.7486111111111111 0.2390625 0.7527777777777778 0.23359375 0.7527777777777778 0.23046875 0.7472222222222222 0.2296875 0.7208333333333333 0.234375 0.6930555555555555 0.240625 0.675 0.25234375 0.6597222222222222 0.2890625 0.6597222222222222
0 0.47734375 0.3472222222222222 0.48125 0.35138888888888886 0.48125 0.35694444444444445 0.47734375 0.3625 0.47265625 0.3611111111111111 0.47265625 0.35 0.4765625 0.3486111111111111
0 0.571484375 0.40902777777777777 0.01640625 0.020833333333333332
0 0.6015625 0.4326388888888889 0.0171875 0.02638888888888889
0 0.596875 0.45555555555555555 0.6015625 0.4666666666666667 0.60234375 0.4736111111111111 0.60078125 0.47638888888888886 0.5859375 0.4777777777777778 0.584375 0.48333333333333334 0.58203125 0.4777777777777778 0.58359375 0.45694444444444443 0.5875 0.4527777777777778 0.59609375 0.45555555555555555
0 0.51875 0.3611111111111111 0.52578125 0.3611111111111111 0.52734375 0.36666666666666664 0.52578125 0.3736111111111111 0.51953125 0.3736111111111111 0.51796875 0.37222222222222223 0.51875 0.3625
0 0.53984375 0.36527777777777776 0.54375 0.37222222222222223 0.54375 0.37916666666666665 0.5421875 0.38055555555555554 0.53671875 0.38055555555555554 0.53515625 0.3763888888888889 0.53515625 0.36666666666666664 0.5390625 0.36527777777777776
0 0.56015625 0.4583333333333333 0.56171875 0.4625 0.55703125 0.48333333333333334 0.5359375 0.48055555555555557 0.534375 0.4583333333333333 0.53984375 0.4444444444444444 0.55390625 0.44583333333333336 0.559375 0.4583333333333333
0 0.53359375 0.3861111111111111 0.5390625 0.3958333333333333 0.5390625 0.4013888888888889 0.53671875 0.40555555555555556 0.52578125 0.4027777777777778 0.5265625 0.39166666666666666 0.5328125 0.3861111111111111
0 0.3734375 0.425 0.37734375 0.43333333333333335 0.378125 0.45555555555555555 0.37421875 0.4625 0.36953125 0.4638888888888889 0.36171875 0.4638888888888889 0.36015625 0.46111111111111114 0.35859375 0.42777777777777776 0.37265625 0.425
0 0.44921875 0.3902777777777778 0.45234375 0.4 0.45234375 0.40555555555555556 0.45 0.4083333333333333 0.4375 0.3972222222222222 0.4421875 0.3888888888888889 0.4484375 0.3902777777777778
0 0.36953125 0.4930555555555556 0.3734375 0.49722222222222223 0.375 0.5180555555555556 0.378125 0.525 0.378125 0.5625 0.3703125 0.5736111111111111 0.36640625 0.5875 0.36015625 0.5847222222222223 0.33984375 0.5847222222222223 0.33125 0.5888888888888889 0.32734375 0.5819444444444445 0.32578125 0.5694444444444444 0.325 0.5486111111111112 0.32734375 0.5152777777777777 0.3421875 0.49722222222222223 0.36875 0.4930555555555556
0 0.35234375 0.4 0.3578125 0.42916666666666664 0.3578125 0.45 0.36015625 0.4638888888888889 0.35859375 0.4791666666666667 0.35546875 0.49027777777777776 0.34765625 0.49027777777777776 0.340625 0.49444444444444446 0.3265625 0.5111111111111111 0.3234375 0.5291666666666667 0.3203125 0.5361111111111111 0.32109375 0.5388888888888889 0.3140625 0.5444444444444444 0.30703125 0.5402777777777777 0.27578125 0.5416666666666666 0.271875 0.5291666666666667 0.2703125 0.43194444444444446 0.28359375 0.42083333333333334 0.31484375 0.4027777777777778 0.32421875 0.4 0.3515625 0.4
0 0.41171875 0.39305555555555555 0.41484375 0.4097222222222222 0.41328125 0.425 0.409375 0.43194444444444446 0.39765625 0.43333333333333335 0.39296875 0.43194444444444446 0.390625 0.4263888888888889 0.390625 0.3972222222222222 0.4 0.39166666666666666 0.4109375 0.39305555555555555
0 0.48046875 0.36666666666666664 0.4828125 0.36944444444444446 0.48359375 0.38333333333333336 0.48046875 0.3875 0.4734375 0.3861111111111111 0.47265625 0.38333333333333336 0.4734375 0.3736111111111111 0.4796875 0.3680555555555556
0 0.46484375 0.36527777777777776 0.46796875 0.37083333333333335 0.46796875 0.37916666666666665 0.46640625 0.38055555555555554 0.46015625 0.38055555555555554 0.45859375 0.3763888888888889 0.45859375 0.36944444444444446 0.4640625 0.36527777777777776
0 0.1046875 0.5833333333333334 0.1140625 0.5972222222222222 0.128125 0.6013888888888889 0.134375 0.6194444444444445 0.13515625 0.6319444444444444 0.14375 0.6444444444444445 0.14765625 0.6597222222222222 0.1484375 0.6736111111111112 0.14453125 0.6833333333333333 0.14375 0.7069444444444445 0.14375 0.7416666666666667 0.14609375 0.7527777777777778 0.1453125 0.7736111111111111 0.1265625 0.8138888888888889 0.109375 0.8277777777777777 0.096875 0.8430555555555556 0.09296875 0.8597222222222223 0.08828125 0.8680555555555556 0.078125 0.8777777777777778 0.06015625 0.9125 0.04296875 0.9194444444444444 0.0203125 0.9194444444444444 0.0140625 0.9166666666666666 0.0109375 0.9236111111111112 0.0125 0.9319444444444445 0.01171875 0.9527777777777777 0.0015625 0.9694444444444444 0 0.9694444444444444 0 0.9402777777777778 0.00234375 0.9388888888888889 0.00234375 0.9319444444444445 0 0.9291666666666667 0 0.7375 0.00234375 0.7361111111111112 0.00390625 0.7263888888888889 0.00859375 0.7194444444444444 0.0046875 0.7069444444444445 0 0.7027777777777777 0 0.5847222222222223 0.03671875 0.5819444444444445 0.10390625 0.5833333333333334
0 0.41875 0.5652777777777778 0.42734375 0.5763888888888888 0.42890625 0.5861111111111111 0.428125 0.6138888888888889 0.42421875 0.6291666666666667 0.415625 0.6236111111111111 0.39765625 0.625 0.3921875 0.6291666666666667 0.38984375 0.6291666666666667 0.38828125 0.625 0.38984375 0.5902777777777778 0.3953125 0.5722222222222222 0.4015625 0.5652777777777778 0.41796875 0.5652777777777778
0 0.65546875 0.4722222222222222 0.6625 0.47638888888888886 0.6703125 0.4930555555555556 0.671875 0.5013888888888889 0.67109375 0.5194444444444445 0.6625 0.5166666666666667 0.64609375 0.5180555555555556 0.640625 0.49583333333333335 0.640625 0.4875 0.64453125 0.4736111111111111 0.6546875 0.4722222222222222
0 0.75 0.5708333333333333 0.76015625 0.5847222222222223 0.7703125 0.6083333333333333 0.7734375 0.6222222222222222 0.77109375 0.6416666666666667 0.7515625 0.6375 0.73671875 0.6388888888888888 0.7328125 0.6347222222222222 0.72734375 0.6208333333333333 0.71953125 0.6138888888888889 0.71875 0.5888888888888889 0.725 0.5680555555555555 0.74921875 0.5708333333333333
0 0.43828125 0.38055555555555554 0.4390625 0.36944444444444446 0.44375 0.36527777777777776 0.446875 0.36666666666666664 0.44921875 0.38055555555555554 0.4390625 0.38055555555555554
0 0.44609375 0.4027777777777778 0.4484375 0.40694444444444444 0.4484375 0.41388888888888886 0.446875 0.41805555555555557 0.4421875 0.41944444444444445 0.43359375 0.4166666666666667 0.43203125 0.4041666666666667 0.4375 0.39861111111111114 0.4453125 0.4027777777777778
0 0.46015625 0.4125 0.4640625 0.41805555555555557 0.4640625 0.4361111111111111 0.44921875 0.4361111111111111 0.4484375 0.43333333333333335 0.45 0.41805555555555557 0.453125 0.41388888888888886 0.459375 0.4125
0 0.45625 0.35694444444444445 0.459375 0.35833333333333334 0.46015625 0.3625 0.4546875 0.3763888888888889 0.45 0.375 0.446875 0.3625 0.4484375 0.35833333333333334 0.45546875 0.35694444444444445
0 0.25625 0.5763888888888888 0.26953125 0.5958333333333333 0.26953125 0.6152777777777778 0.265625 0.6222222222222222 0.2578125 0.625 0.2546875 0.6361111111111111 0.2515625 0.6402777777777777 0.24453125 0.6402777777777777 0.23828125 0.6347222222222222 0.22890625 0.6347222222222222 0.21484375 0.6402777777777777 0.21171875 0.6319444444444444 0.21171875 0.6125 0.2203125 0.5847222222222223 0.22578125 0.5777777777777777 0.25546875 0.5763888888888888
0 0.4375 0.4125 0.43984375 0.4152777777777778 0.43515625 0.41944444444444445 0.434375 0.43194444444444446 0.43125 0.4361111111111111 0.41796875 0.43472222222222223 0.4171875 0.42083333333333334 0.41953125 0.41388888888888886 0.42421875 0.4111111111111111 0.43671875 0.4125
0 0.5640625 0.39861111111111114 0.56328125 0.3819444444444444 0.56484375 0.37916666666666665 0.57109375 0.38055555555555554 0.57578125 0.39305555555555555 0.575 0.39861111111111114 0.56484375 0.39861111111111114
0 0.4078125 0.45 0.41171875 0.4527777777777778 0.415625 0.4638888888888889 0.41484375 0.4791666666666667 0.4109375 0.48333333333333334 0.3921875 0.48333333333333334 0.390625 0.48055555555555557 0.390625 0.4666666666666667 0.39375 0.45416666666666666 0.4 0.45 0.40703125 0.45
0 0.471875 0.3888888888888889 0.4734375 0.4083333333333333 0.4703125 0.4111111111111111 0.46015625 0.4111111111111111 0.45859375 0.4083333333333333 0.45859375 0.39305555555555555 0.46171875 0.3875 0.47109375 0.3888888888888889
0 0.590625 0.4777777777777778 0.6265625 0.48333333333333334 0.640625 0.5027777777777778 0.64296875 0.5194444444444445 0.63828125 0.5430555555555555 0.6421875 0.5541666666666667 0.6421875 0.5597222222222222 0.63984375 0.5638888888888889 0.6390625 0.5930555555555556 0.63671875 0.6 0.5984375 0.5944444444444444 0.596875 0.5777777777777777 0.58984375 0.5708333333333333 0.58359375 0.5444444444444444 0.5828125 0.5069444444444444 0.584375 0.4861111111111111 0.5859375 0.4791666666666667 0.58984375 0.4777777777777778
0 0.55078125 0.35555555555555557 0.553125 0.3625 0.54609375 0.3625 0.54453125 0.3597222222222222 0.54609375 0.3527777777777778 0.55 0.35555555555555557
0 0.446875 0.4625 0.45 0.4638888888888889 0.45390625 0.4736111111111111 0.4546875 0.48333333333333334 0.45234375 0.49722222222222223 0.44609375 0.49444444444444446 0.43203125 0.49722222222222223 0.428125 0.4930555555555556 0.43046875 0.48055555555555557 0.4296875 0.47638888888888886 0.43359375 0.4652777777777778 0.44609375 0.4625
0 0.3171875 0.9597222222222223 0.325 0.9680555555555556 0.32734375 0.9777777777777777 0.32734375 0.9916666666666667 0.3296875 0.9986111111111111 0.2234375 0.9986111111111111 0.2265625 0.9847222222222223 0.23515625 0.9708333333333333 0.259375 0.9569444444444445 0.30546875 0.9569444444444445 0.31640625 0.9597222222222223