0 0.084765625 0.7659722222222223 0.16875 0.41805555555555557
0 0.41171875 0.5826388888888889 0.040625 0.06388888888888888
0 0.776953125 0.6430555555555556 0.0671875 0.09166666666666666
0 0.287109375 0.9423611111111111 0.11875 0.1125
0 0.5515625 0.475 0.028125 0.04722222222222222
0 0.32109375 0.4652777777777778 0.0875 0.1375
0 0.283203125 0.6791666666666667 0.07265625 0.09166666666666666
0 0.2515625 0.5951388888888889 0.0546875 0.06666666666666667
0 0.629296875 0.5722222222222222 0.07265625 0.15555555555555556
0 0.670703125 0.5131944444444444 0.034375 0.05416666666666667
0 0.6734375 0.5229166666666667 0.028125 0.03888888888888889
0 0.44375 0.47638888888888886 0.0265625 0.03611111111111111
0 0.404296875 0.4597222222222222 0.025 0.041666666666666664
0 0.629296875 0.5715277777777777 0.0734375 0.15555555555555556
0 0.357421875 0.5354166666666667 0.05390625 0.09583333333333334
0 0.3171875 0.8875 0.33203125 0.8888888888888888 0.3390625 0.8930555555555556 0.3421875 0.8986111111111111 0.3453125 0.9138888888888889 0.34453125 0.9583333333333334 0.33203125 0.9930555555555556 0.32734375 0.9986111111111111 0.23125 0.9986111111111111 0.23046875 0.9944444444444445 0.24140625 0.9513888888888888 0.25390625 0.9166666666666666 0.26484375 0.8930555555555556 0.28515625 0.8875 0.31640625 0.8875
0 0.4921875 0.33194444444444443 0.49375 0.3333333333333333 0.49375 0.34444444444444444 0.490625 0.3472222222222222 0.4859375 0.34444444444444444 0.48515625 0.3347222222222222 0.49140625 0.33194444444444443
0 0.61015625 0.4263888888888889 0.6140625 0.4375 0.6140625 0.4486111111111111 0.6125 0.4513888888888889 0.60390625 0.4513888888888889 0.59921875 0.44722222222222224 0.6 0.42777777777777776 0.6015625 0.425 0.609375 0.4263888888888889
0 0.28359375 0.6347222222222222 0.3015625 0.6375 0.30703125 0.6458333333333334 0.315625 0.65 0.31875 0.6652777777777777 0.3171875 0.6861111111111111 0.3140625 0.6902777777777778 0.30625 0.6916666666666667 0.30390625 0.6958333333333333 0.30234375 0.7138888888888889 0.29921875 0.7222222222222222 0.290625 0.7166666666666667 0.27734375 0.7194444444444444 0.26484375 0.7180555555555556 0.2546875 0.725 0.24921875 0.7222222222222222 0.246875 0.7069444444444445 0.24765625 0.6833333333333333 0.2546875 0.6597222222222222 0.2640625 0.6402777777777777 0.2828125 0.6347222222222222
0 0.590625 0.4666666666666667 0.60234375 0.4652777777777778 0.6125 0.48333333333333334 0.61171875 0.49722222222222223 0.60546875 0.4986111111111111 0.6015625 0.49583333333333335 0.5953125 0.5027777777777778 0.590625 0.5013888888888889 0.58828125 0.49722222222222223 0.58828125 0.475 0.590625 0.46805555555555556
0 0.52421875 0.3611111111111111 0.52734375 0.36666666666666664 0.5265625 0.375 0.51875 0.375 0.5171875 0.37083333333333335 0.51953125 0.3611111111111111 0.5234375 0.3611111111111111
0 0.446875 0.45694444444444443 0.45234375 0.4597222222222222 0.4546875 0.4666666666666667 0.45546875 0.4875 0.45390625 0.49166666666666664 0.43125 0.49027777777777776 0.43046875 0.48333333333333334 0.434375 0.4625 0.4375 0.4583333333333333 0.44609375 0.45694444444444443
0 0.425 0.5541666666666667 0.43203125 0.5666666666666667 0.43203125 0.5972222222222222 0.428125 0.6125 0.41875 0.6083333333333333 0.39609375 0.6125 0.39375 0.6083333333333333 0.39375 0.5805555555555556 0.39921875 0.5597222222222222 0.40546875 0.5527777777777778 0.42421875 0.5541666666666667
0 0.446875 0.36527777777777776 0.45 0.37222222222222223 0.44921875 0.37916666666666665 0.43984375 0.37916666666666665 0.4390625 0.3763888888888889 0.4421875 0.36527777777777776 0.44609375 0.36527777777777776
0 0.55234375 0.45555555555555555 0.56015625 0.4597222222222222 0.56328125 0.4666666666666667 0.5640625 0.49444444444444446 0.5625 0.4986111111111111 0.540625 0.49722222222222223 0.53828125 0.49444444444444446 0.5375 0.4708333333333333 0.540625 0.46111111111111114 0.54453125 0.45555555555555555 0.5515625 0.45555555555555555
0 0.46015625 0.36527777777777776 0.46640625 0.3638888888888889 0.46875 0.37222222222222223 0.46796875 0.37777777777777777 0.46171875 0.37916666666666665 0.459375 0.3763888888888889 0.46015625 0.36666666666666664
0 0.55703125 0.37222222222222223 0.5625 0.37083333333333335 0.56640625 0.3763888888888889 0.56640625 0.38333333333333336 0.559375 0.38472222222222224 0.55703125 0.38333333333333336 0.55703125 0.3736111111111111
0 0.53828125 0.39166666666666666 0.540625 0.39861111111111114 0.53984375 0.4097222222222222 0.528125 0.4097222222222222 0.5265625 0.40694444444444444 0.528125 0.39305555555555555 0.53125 0.3902777777777778 0.5375 0.39166666666666666
0 0.378125 0.4236111111111111 0.38125 0.4375 0.38125 0.4527777777777778 0.375 0.4597222222222222 0.3640625 0.4583333333333333 0.36171875 0.44722222222222224 0.36171875 0.4263888888888889 0.36796875 0.4222222222222222 0.37734375 0.4236111111111111
0 0.44921875 0.3888888888888889 0.453125 0.3972222222222222 0.453125 0.4041666666666667 0.44921875 0.4083333333333333 0.4453125 0.39861111111111114 0.43828125 0.3958333333333333 0.440625 0.3888888888888889 0.4484375 0.3888888888888889
0 0.5765625 0.4013888888888889 0.58203125 0.4111111111111111 0.58203125 0.42083333333333334 0.57890625 0.4236111111111111 0.57109375 0.4236111111111111 0.56640625 0.4166666666666667 0.5671875 0.4041666666666667 0.57578125 0.4013888888888889
0 0.375 0.4875 0.3796875 0.5013888888888889 0.38046875 0.5097222222222222 0.38515625 0.5180555555555556 0.38359375 0.5222222222222223 0.384375 0.5513888888888889 0.38359375 0.5555555555555556 0.378125 0.5583333333333333 0.375 0.5638888888888889 0.37265625 0.575 0.359375 0.5708333333333333 0.33828125 0.575 0.33359375 0.5638888888888889 0.334375 0.5305555555555556 0.3328125 0.5180555555555556 0.33515625 0.5055555555555555 0.34140625 0.49583333333333335 0.36171875 0.4861111111111111 0.37421875 0.4875
0 0.35546875 0.3972222222222222 0.3578125 0.4013888888888889 0.359375 0.4125 0.3609375 0.44583333333333336 0.3640625 0.46111111111111114 0.3625 0.4791666666666667 0.3375 0.49722222222222223 0.3296875 0.5166666666666667 0.32890625 0.5305555555555556 0.32265625 0.5347222222222222 0.28515625 0.5333333333333333 0.2828125 0.5291666666666667 0.28046875 0.5222222222222223 0.27890625 0.5041666666666667 0.278125 0.4305555555555556 0.28359375 0.42083333333333334 0.31953125 0.4 0.3546875 0.3972222222222222
0 0.48046875 0.36527777777777776 0.484375 0.37222222222222223 0.48359375 0.38472222222222224 0.4734375 0.38472222222222224 0.4734375 0.3736111111111111 0.47578125 0.3680555555555556 0.4796875 0.36666666666666664
0 0.11640625 0.5611111111111111 0.13359375 0.5652777777777778 0.1421875 0.5791666666666667 0.1515625 0.5805555555555556 0.15703125 0.5958333333333333 0.159375 0.6125 0.16484375 0.6180555555555556 0.16875 0.6291666666666667 0.1703125 0.6402777777777777 0.16484375 0.6638888888888889 0.16640625 0.675 0.16484375 0.6930555555555555 0.1671875 0.7222222222222222 0.16640625 0.7458333333333333 0.16015625 0.7611111111111111 0.146875 0.7833333333333333 0.13671875 0.7888888888888889 0.1265625 0.8 0.121875 0.8194444444444444 0.10859375 0.8347222222222223 0.09609375 0.8611111111111112 0.08671875 0.8666666666666667 0.05703125 0.8694444444444445 0.0546875 0.8736111111111111 0.053125 0.9 0.015625 0.9513888888888888 0.0015625 0.975 0 0.975 0 0.8333333333333334 0.00234375 0.8305555555555556 0.0015625 0.8208333333333333 0.00390625 0.8027777777777778 0.003125 0.7902777777777777 0 0.7875 0 0.7513888888888889 0.00234375 0.7486111111111111 0.00234375 0.7430555555555556 0 0.7402777777777778 0.00234375 0.7361111111111112 0 0.7319444444444444 0 0.6986111111111111 0.00390625 0.6916666666666667 0 0.6861111111111111 0 0.5833333333333334 0.0390625 0.5638888888888889 0.115625 0.5611111111111111
0 0.65546875 0.4875 0.66171875 0.4847222222222222 0.6765625 0.49027777777777776 0.6875 0.5222222222222223 0.68515625 0.5388888888888889 0.68125 0.5388888888888889 0.675 0.5333333333333333 0.66484375 0.5333333333333333 0.65 0.5083333333333333 0.65546875 0.4888888888888889
0 0.76875 0.5986111111111111 0.77578125 0.6 0.7890625 0.6111111111111112 0.80390625 0.6430555555555556 0.8109375 0.6652777777777777 0.80625 0.6847222222222222 0.78671875 0.6791666666666667 0.76796875 0.6805555555555556 0.7640625 0.6763888888888889 0.76015625 0.6638888888888889 0.74765625 0.6541666666666667 0.7453125 0.625 0.7515625 0.6013888888888889 0.7546875 0.5986111111111111 0.76796875 0.5986111111111111
0 0.41171875 0.3902777777777778 0.415625 0.40555555555555556 0.415625 0.42083333333333334 0.4125 0.42916666666666664 0.4078125 0.43194444444444446 0.39453125 0.42916666666666664 0.39296875 0.4263888888888889 0.39296875 0.39861111111111114 0.3953125 0.39305555555555555 0.4109375 0.3902777777777778
0 0.43359375 0.4111111111111111 0.43671875 0.4236111111111111 0.43359375 0.43194444444444446 0.4203125 0.43194444444444446 0.41875 0.42916666666666664 0.41875 0.41805555555555557 0.42109375 0.4111111111111111 0.4328125 0.4111111111111111
0 0.48046875 0.3486111111111111 0.48125 0.35694444444444445 0.478125 0.3611111111111111 0.4734375 0.3611111111111111 0.471875 0.35555555555555557 0.47421875 0.3486111111111111 0.4796875 0.3486111111111111
0 0.60390625 0.4986111111111111 0.6421875 0.5027777777777778 0.6625 0.5319444444444444 0.66484375 0.5416666666666666 0.66484375 0.5541666666666667 0.66015625 0.5625 0.659375 0.5722222222222222 0.6609375 0.5819444444444445 0.66484375 0.5875 0.665625 0.5930555555555556 0.66171875 0.6 0.66171875 0.6375 0.65859375 0.6416666666666667 0.6265625 0.6361111111111111 0.61875 0.6375 0.615625 0.6333333333333333 0.61328125 0.6166666666666667 0.603125 0.6013888888888889 0.6015625 0.5888888888888889 0.59609375 0.5708333333333333 0.5953125 0.5597222222222222 0.59765625 0.5041666666666667 0.59921875 0.4986111111111111 0.603125 0.4986111111111111
0 0.46171875 0.4111111111111111 0.4640625 0.41388888888888886 0.465625 0.4236111111111111 0.4640625 0.43333333333333335 0.45234375 0.43333333333333335 0.44921875 0.4305555555555556 0.44921875 0.42083333333333334 0.45234375 0.4125 0.45625 0.4097222222222222 0.4609375 0.4111111111111111
0 0.4578125 0.35833333333333334 0.45859375 0.3680555555555556 0.45703125 0.375 0.4546875 0.3763888888888889 0.45234375 0.3763888888888889 0.44921875 0.37083333333333335 0.44765625 0.3611111111111111 0.45234375 0.35694444444444445 0.45703125 0.35833333333333334
0 0.26796875 0.5666666666666667 0.27890625 0.5833333333333334 0.27890625 0.6041666666666666 0.2765625 0.6083333333333333 0.26796875 0.6111111111111112 0.2625 0.625 0.246875 0.6208333333333333 0.2359375 0.6222222222222222 0.23125 0.6263888888888889 0.2265625 0.6263888888888889 0.22421875 0.6222222222222222 0.2234375 0.6027777777777777 0.23046875 0.5763888888888888 0.2359375 0.5666666666666667 0.24453125 0.5638888888888889 0.2640625 0.5638888888888889 0.2671875 0.5666666666666667
0 0.4421875 0.3958333333333333 0.45 0.4041666666666667 0.45 0.4111111111111111 0.4453125 0.41805555555555557 0.43828125 0.4166666666666667 0.434375 0.4111111111111111 0.434375 0.4013888888888889 0.44140625 0.3958333333333333
0 0.5453125 0.3625 0.54453125 0.35833333333333334 0.54609375 0.3541666666666667 0.55 0.3541666666666667 0.553125 0.3611111111111111 0.5515625 0.3638888888888889 0.54609375 0.3625
0 0.4125 0.44722222222222224 0.41796875 0.4597222222222222 0.41796875 0.4708333333333333 0.415625 0.4777777777777778 0.39375 0.4777777777777778 0.39296875 0.475 0.39375 0.4597222222222222 0.39765625 0.4486111111111111 0.40234375 0.44583333333333336 0.41171875 0.44722222222222224
0 0.56640625 0.38333333333333336 0.57421875 0.38333333333333336 0.57734375 0.39444444444444443 0.57734375 0.4 0.5671875 0.4013888888888889 0.565625 0.3972222222222222 0.56640625 0.38472222222222224
0 0.471875 0.3861111111111111 0.47421875 0.39166666666666666 0.4734375 0.4083333333333333 0.459375 0.40694444444444444 0.46015625 0.3902777777777778 0.4625 0.3861111111111111 0.47109375 0.3861111111111111
0 0.53984375 0.36666666666666664 0.54375 0.36944444444444446 0.5453125 0.37916666666666665 0.54375 0.3819444444444444 0.53828125 0.3819444444444444 0.5359375 0.37777777777777777 0.5359375 0.36944444444444446 0.5390625 0.3680555555555556