0 0.094921875 0.75625 0.18984375 0.43472222222222223
0 0.308984375 0.9069444444444444 0.1046875 0.16944444444444445
0 0.41640625 0.56875 0.03671875 0.058333333333333334
0 0.815625 0.6881944444444444 0.0734375 0.10694444444444444
0 0.2953125 0.6569444444444444 0.06640625 0.0875
0 0.556640625 0.49166666666666664 0.034375 0.05138888888888889
0 0.327734375 0.4618055555555556 0.08359375 0.1361111111111111
0 0.2609375 0.5861111111111111 0.05 0.06388888888888888
0 0.611328125 0.4979166666666667 0.03046875 0.043055555555555555
0 0.65234375 0.6111111111111112 0.08671875 0.17916666666666667
0 0.444921875 0.46875 0.02890625 0.03611111111111111
0 0.687109375 0.5319444444444444 0.03828125 0.058333333333333334
0 0.4078125 0.4597222222222222 0.025 0.034722222222222224
0 0.429296875 0.4201388888888889 0.02109375 0.029166666666666667
0 0.68515625 0.5215277777777778 0.03515625 0.044444444444444446
0 0.362890625 0.5263888888888889 0.05234375 0.09166666666666666
0 0.3203125 0.8277777777777777 0.34921875 0.8333333333333334 0.35625 0.8388888888888889 0.359375 0.85 0.35859375 0.8916666666666667 0.34765625 0.925 0.3421875 0.9486111111111111 0.33828125 0.9819444444444444 0.33515625 0.9875 0.3171875 0.9833333333333333 0.26171875 0.9847222222222223 0.25625 0.9736111111111111 0.2578125 0.925 0.2640625 0.8902777777777777 0.28203125 0.8430555555555556 0.2859375 0.8347222222222223 0.29296875 0.8291666666666667 0.31953125 0.8277777777777777
0 0.43125 0.40694444444444444 0.4375 0.41388888888888886 0.4375 0.4263888888888889 0.43515625 0.42916666666666664 0.42109375 0.42777777777777776 0.42265625 0.4111111111111111 0.43046875 0.40694444444444444
0 0.61484375 0.43194444444444446 0.61953125 0.4388888888888889 0.62109375 0.44722222222222224 0.6203125 0.4597222222222222 0.6078125 0.4597222222222222 0.6046875 0.45694444444444443 0.60546875 0.43472222222222223 0.60703125 0.43194444444444446 0.6140625 0.43194444444444446
0 0.309375 0.6166666666666667 0.3140625 0.6180555555555556 0.31875 0.6263888888888889 0.32734375 0.6333333333333333 0.32890625 0.6430555555555556 0.328125 0.6652777777777777 0.31796875 0.6722222222222223 0.31015625 0.6972222222222222 0.3046875 0.6930555555555555 0.29140625 0.6930555555555555 0.278125 0.6944444444444444 0.2703125 0.7 0.2671875 0.7 0.2640625 0.6944444444444444 0.2625 0.6708333333333333 0.271875 0.6305555555555555 0.2765625 0.6222222222222222 0.28203125 0.6180555555555556 0.30859375 0.6166666666666667
0 0.609765625 0.5013888888888889 0.02890625 0.044444444444444446
0 0.521875 0.3625 0.5265625 0.36527777777777776 0.528125 0.36944444444444446 0.52734375 0.3763888888888889 0.51796875 0.375 0.51796875 0.36666666666666664 0.52109375 0.3638888888888889
0 0.43515625 0.45555555555555555 0.4390625 0.4527777777777778 0.45234375 0.4527777777777778 0.4546875 0.45555555555555555 0.45703125 0.46805555555555556 0.45625 0.48333333333333334 0.43515625 0.48333333333333334 0.43359375 0.48055555555555557 0.43515625 0.45694444444444443
0 0.42734375 0.5416666666666666 0.43515625 0.5527777777777778 0.43515625 0.5847222222222223 0.4328125 0.5944444444444444 0.4296875 0.5972222222222222 0.425 0.5944444444444444 0.40078125 0.5972222222222222 0.39921875 0.5916666666666667 0.39921875 0.5694444444444444 0.40546875 0.5444444444444444 0.4109375 0.5402777777777777 0.4265625 0.5416666666666666
0 0.5453125 0.4722222222222222 0.5484375 0.46944444444444444 0.5609375 0.4708333333333333 0.5671875 0.4791666666666667 0.56953125 0.4875 0.56953125 0.5111111111111111 0.5671875 0.5166666666666667 0.54375 0.5152777777777777 0.54140625 0.5041666666666667 0.54140625 0.4861111111111111 0.5453125 0.4736111111111111
0 0.459375 0.3763888888888889 0.46015625 0.3680555555555556 0.46328125 0.3638888888888889 0.46796875 0.36527777777777776 0.46875 0.3763888888888889 0.46015625 0.3763888888888889
0 0.5359375 0.39305555555555555 0.54140625 0.4 0.5421875 0.4125 0.5390625 0.4152777777777778 0.52890625 0.41388888888888886 0.52890625 0.39861111111111114 0.53515625 0.39444444444444443
0 0.37890625 0.41944444444444445 0.38125 0.4222222222222222 0.38359375 0.43472222222222223 0.38359375 0.4513888888888889 0.38046875 0.45555555555555555 0.37265625 0.45694444444444443 0.3671875 0.45416666666666666 0.365625 0.4222222222222222 0.378125 0.41944444444444445
0 0.45 0.3875 0.45390625 0.39305555555555555 0.4546875 0.4 0.453125 0.4041666666666667 0.45 0.4041666666666667 0.440625 0.39444444444444443 0.44375 0.3875 0.44921875 0.3875
0 0.5828125 0.40694444444444444 0.5875 0.42083333333333334 0.584375 0.42916666666666664 0.5734375 0.42777777777777776 0.5703125 0.4236111111111111 0.56953125 0.41388888888888886 0.57109375 0.40694444444444444 0.58203125 0.40694444444444444
0 0.5640625 0.37222222222222223 0.5671875 0.3763888888888889 0.56796875 0.38333333333333336 0.565625 0.3861111111111111 0.55703125 0.38333333333333336 0.55703125 0.3763888888888889 0.559375 0.37222222222222223 0.56328125 0.37222222222222223
0 0.415625 0.4444444444444444 0.41953125 0.45694444444444443 0.41953125 0.46805555555555556 0.415625 0.4736111111111111 0.39765625 0.4736111111111111 0.39609375 0.46944444444444444 0.396875 0.45416666666666666 0.4 0.44583333333333336 0.40625 0.44166666666666665 0.41484375 0.4444444444444444
0 0.5328125 0.35 0.5359375 0.3527777777777778 0.53671875 0.3611111111111111 0.53125 0.3625 0.5296875 0.3597222222222222 0.53203125 0.35138888888888886
0 0.36015625 0.3958333333333333 0.36484375 0.41944444444444445 0.3671875 0.4513888888888889 0.36640625 0.4666666666666667 0.3625 0.4736111111111111 0.34453125 0.4888888888888889 0.3390625 0.5013888888888889 0.3375 0.5208333333333334 0.33359375 0.5263888888888889 0.32734375 0.5291666666666667 0.32109375 0.5263888888888889 0.29140625 0.525 0.28828125 0.5152777777777777 0.28671875 0.49722222222222223 0.2859375 0.4222222222222222 0.3234375 0.39861111111111114 0.359375 0.3958333333333333
0 0.549609375 0.36041666666666666 0.00859375 0.009722222222222222
0 0.4828125 0.36527777777777776 0.48515625 0.36944444444444446 0.48359375 0.38472222222222224 0.4765625 0.38472222222222224 0.4734375 0.38055555555555554 0.47578125 0.3680555555555556 0.48203125 0.36527777777777776
0 0.1453125 0.5444444444444444 0.15703125 0.5486111111111112 0.1625 0.5597222222222222 0.17265625 0.5638888888888889 0.17734375 0.575 0.18046875 0.5944444444444444 0.1859375 0.6013888888888889 0.18984375 0.6152777777777778 0.1859375 0.6402777777777777 0.184375 0.6708333333333333 0.1875 0.6972222222222222 0.18671875 0.7180555555555556 0.18203125 0.7277777777777777 0.18046875 0.7375 0.17421875 0.7486111111111111 0.1546875 0.7638888888888888 0.146875 0.7847222222222222 0.1375 0.7958333333333333 0.125 0.8208333333333333 0.1171875 0.825 0.09140625 0.8263888888888888 0.0875 0.8527777777777777 0.0796875 0.8666666666666667 0.03125 0.9305555555555556 0.01015625 0.9638888888888889 0.0046875 0.9666666666666667 0.00078125 0.9736111111111111 0 0.8055555555555556 0.00234375 0.8027777777777778 0 0.8 0 0.7902777777777777 0.0015625 0.7888888888888889 0 0.7875 0 0.5833333333333334 0.0671875 0.5472222222222223 0.11171875 0.5430555555555555 0.14453125 0.5444444444444444
0 0.378125 0.4791666666666667 0.3828125 0.4861111111111111 0.3875 0.5055555555555555 0.3890625 0.5347222222222222 0.38671875 0.5472222222222223 0.37734375 0.5625 0.35078125 0.5611111111111111 0.34609375 0.5638888888888889 0.34140625 0.5555555555555556 0.33984375 0.5291666666666667 0.34140625 0.5027777777777778 0.34375 0.49444444444444446 0.35625 0.48194444444444445 0.37734375 0.4791666666666667
0 0.68046875 0.4986111111111111 0.690625 0.5041666666666667 0.703125 0.5291666666666667 0.7046875 0.5361111111111111 0.7046875 0.5555555555555556 0.703125 0.5611111111111111 0.6890625 0.5569444444444445 0.66328125 0.5277777777777778 0.66875 0.5027777777777778 0.6703125 0.5 0.6796875 0.4986111111111111
0 0.796875 0.6361111111111111 0.8171875 0.6416666666666667 0.83359375 0.6597222222222222 0.8546875 0.7111111111111111 0.85546875 0.7263888888888889 0.853125 0.7361111111111112 0.84921875 0.7416666666666667 0.83046875 0.7347222222222223 0.80625 0.7361111111111112 0.79765625 0.7125 0.7875 0.7 0.77890625 0.6944444444444444 0.77890625 0.6638888888888889 0.78671875 0.6388888888888888 0.79609375 0.6361111111111111
0 0.4125 0.3888888888888889 0.415625 0.39305555555555555 0.41796875 0.4111111111111111 0.41484375 0.425 0.41171875 0.42777777777777776 0.40078125 0.42777777777777776 0.3953125 0.4222222222222222 0.39609375 0.39305555555555555 0.41171875 0.3888888888888889
0 0.47265625 0.35833333333333334 0.47265625 0.35 0.475 0.3472222222222222 0.48046875 0.3472222222222222 0.48203125 0.3527777777777778 0.47734375 0.3611111111111111 0.4734375 0.35833333333333334
0 0.62265625 0.5263888888888889 0.6578125 0.5277777777777778 0.671875 0.5375 0.69140625 0.5638888888888889 0.69453125 0.5763888888888888 0.69453125 0.5958333333333333 0.68828125 0.6041666666666666 0.6875 0.6125 0.68984375 0.6263888888888889 0.69609375 0.6333333333333333 0.696875 0.6402777777777777 0.6921875 0.6472222222222223 0.69140625 0.6888888888888889 0.6859375 0.6986111111111111 0.64765625 0.6888888888888889 0.640625 0.6930555555555555 0.63515625 0.6666666666666666 0.61953125 0.6388888888888888 0.61953125 0.6319444444444444 0.6109375 0.6013888888888889 0.6109375 0.5722222222222222 0.6140625 0.5277777777777778 0.615625 0.525 0.621875 0.5263888888888889
0 0.458984375 0.4201388888888889 0.01640625 0.02361111111111111
0 0.45625 0.35555555555555557 0.46171875 0.3597222222222222 0.4578125 0.3736111111111111 0.4515625 0.3763888888888889 0.4484375 0.36527777777777776 0.45 0.35833333333333334 0.45546875 0.35694444444444445
0 0.28125 0.5625 0.2875 0.5736111111111111 0.28828125 0.5861111111111111 0.2859375 0.5958333333333333 0.27890625 0.5972222222222222 0.27109375 0.6125 0.24921875 0.6097222222222223 0.24296875 0.6138888888888889 0.2375 0.6138888888888889 0.234375 0.6 0.234375 0.5902777777777778 0.2375 0.5763888888888888 0.24609375 0.5569444444444445 0.25 0.5541666666666667 0.27578125 0.5541666666666667 0.28046875 0.5625
0 0.4421875 0.39444444444444443 0.45078125 0.4027777777777778 0.44921875 0.41388888888888886 0.4390625 0.4152777777777778 0.43515625 0.4083333333333333 0.4359375 0.4 0.43828125 0.3958333333333333 0.44140625 0.3958333333333333
0 0.53671875 0.38333333333333336 0.5359375 0.375 0.5375 0.37083333333333335 0.54296875 0.37083333333333335 0.54609375 0.37777777777777777 0.54453125 0.38472222222222224 0.5375 0.38333333333333336
0 0.56796875 0.3861111111111111 0.5765625 0.3861111111111111 0.58046875 0.4 0.578125 0.4041666666666667 0.56875 0.4041666666666667 0.5671875 0.4013888888888889 0.56796875 0.3875
0 0.467578125 0.39652777777777776 0.01640625 0.02638888888888889
0 0.4484375 0.36527777777777776 0.45078125 0.3763888888888889 0.44765625 0.37916666666666665 0.440625 0.37777777777777777 0.440625 0.3680555555555556 0.44453125 0.3638888888888889 0.44765625 0.36527777777777776