0 0.75078125 0.6236111111111111 0.071875 0.09305555555555556
0 0.416796875 0.5861111111111111 0.0421875 0.06527777777777778
0 0.3 0.5791666666666667 0.13671875 0.22916666666666666
0 0.5921875 0.5534722222222223 0.04140625 0.06388888888888888
0 0.62890625 0.7090277777777778 0.0703125 0.11944444444444445
0 0.5421875 0.44305555555555554 0.02265625 0.03611111111111111
0 0.40234375 0.46944444444444444 0.028125 0.041666666666666664
0 0.61015625 0.4076388888888889 0.04609375 0.09861111111111111
0 0.444140625 0.47708333333333336 0.025 0.041666666666666664
0 0.609375 0.4076388888888889 0.0453125 0.09861111111111111
0 0.42265625 0.41875 0.02578125 0.03888888888888889
0 0.5703125 0.41875 0.02265625 0.041666666666666664
0 0.461328125 0.4166666666666667 0.02109375 0.03333333333333333
0 0.56171875 0.3902777777777778 0.56328125 0.3763888888888889 0.57109375 0.37777777777777777 0.57421875 0.3861111111111111 0.57421875 0.39305555555555555 0.5625 0.3902777777777778
0 0.5390625 0.35694444444444445 0.540625 0.3625 0.5359375 0.37083333333333335 0.5328125 0.3611111111111111 0.53515625 0.35555555555555557 0.53828125 0.35694444444444445
0 0.5734375 0.40555555555555556 0.578125 0.4152777777777778 0.57890625 0.4305555555555556 0.5765625 0.4375 0.5625 0.4375 0.56015625 0.43472222222222223 0.5609375 0.40694444444444444 0.56328125 0.4041666666666667 0.57265625 0.40555555555555556
0 0.47734375 0.37083333333333335 0.48203125 0.38333333333333336 0.48046875 0.39305555555555555 0.478125 0.39444444444444443 0.4703125 0.38472222222222224 0.4734375 0.37222222222222223 0.4765625 0.37083333333333335
0 0.5234375 0.3638888888888889 0.528125 0.37222222222222223 0.52734375 0.37916666666666665 0.525 0.38055555555555554 0.5171875 0.3763888888888889 0.51796875 0.36666666666666664 0.52265625 0.3638888888888889
0 0.54609375 0.42777777777777776 0.55234375 0.44027777777777777 0.55234375 0.4527777777777778 0.55078125 0.45694444444444443 0.534375 0.45694444444444443 0.53203125 0.45416666666666666 0.53125 0.4388888888888889 0.5328125 0.43194444444444446 0.53671875 0.42777777777777776 0.5453125 0.42777777777777776
0 0.59140625 0.5222222222222223 0.59765625 0.525 0.6 0.5291666666666667 0.60703125 0.5513888888888889 0.60859375 0.5708333333333333 0.60625 0.5791666666666667 0.57578125 0.5777777777777777 0.5734375 0.5736111111111111 0.57109375 0.5625 0.571875 0.5305555555555556 0.57734375 0.5236111111111111 0.590625 0.5222222222222223
0 0.54375 0.3625 0.54765625 0.36944444444444446 0.54609375 0.37777777777777777 0.53828125 0.37777777777777777 0.53671875 0.3736111111111111 0.53828125 0.3638888888888889 0.54296875 0.3625
0 0.5828125 0.3958333333333333 0.58671875 0.4 0.58828125 0.41388888888888886 0.5875 0.4166666666666667 0.58203125 0.41805555555555557 0.578125 0.4152777777777778 0.57578125 0.4013888888888889 0.57734375 0.3958333333333333 0.58203125 0.3958333333333333
0 0.428125 0.4097222222222222 0.43125 0.4152777777777778 0.4328125 0.4305555555555556 0.42734375 0.43472222222222223 0.41796875 0.43472222222222223 0.415625 0.43194444444444446 0.4171875 0.41388888888888886 0.421875 0.4097222222222222 0.42734375 0.4097222222222222
0 0.44609375 0.3611111111111111 0.45078125 0.36527777777777776 0.45078125 0.37222222222222223 0.44921875 0.375 0.4421875 0.375 0.44140625 0.3680555555555556 0.4453125 0.3625
0 0.546875 0.325 0.55 0.33194444444444443 0.54609375 0.34305555555555556 0.540625 0.34305555555555556 0.5375 0.3333333333333333 0.5390625 0.3263888888888889 0.54609375 0.325
0 0.609375 0.3597222222222222 0.62734375 0.3680555555555556 0.6296875 0.37222222222222223 0.6296875 0.3972222222222222 0.6328125 0.40694444444444444 0.63125 0.44722222222222224 0.6296875 0.4527777777777778 0.60546875 0.4513888888888889 0.6 0.4388888888888889 0.590625 0.4305555555555556 0.58828125 0.41944444444444445 0.590625 0.3625 0.5921875 0.3597222222222222 0.60859375 0.3597222222222222
0 0.41875 0.3875 0.4234375 0.39305555555555555 0.42265625 0.40555555555555556 0.41875 0.4097222222222222 0.41171875 0.4097222222222222 0.409375 0.40694444444444444 0.4109375 0.3902777777777778 0.41796875 0.3875
0 0.484375 0.3375 0.4875 0.34305555555555556 0.4875 0.35 0.48203125 0.3541666666666667 0.4765625 0.35138888888888886 0.4765625 0.34305555555555556 0.4796875 0.3375 0.48359375 0.3375
0 0.48828125 0.35694444444444445 0.490625 0.3611111111111111 0.490625 0.36666666666666664 0.4875 0.37083333333333335 0.48125 0.3680555555555556 0.48203125 0.3597222222222222 0.4875 0.35694444444444445
0 0.325 0.4625 0.35546875 0.4625 0.36015625 0.46944444444444444 0.3625 0.48194444444444445 0.36953125 0.49027777777777776 0.3703125 0.49722222222222223 0.365625 0.5111111111111111 0.36640625 0.5680555555555555 0.3640625 0.5847222222222223 0.3546875 0.5944444444444444 0.3546875 0.6013888888888889 0.35234375 0.6069444444444444 0.34140625 0.6069444444444444 0.33203125 0.6194444444444445 0.32734375 0.6375 0.32734375 0.6583333333333333 0.32578125 0.6652777777777777 0.3140625 0.6902777777777778 0.31015625 0.6944444444444444 0.28359375 0.6777777777777778 0.26796875 0.6791666666666667 0.26015625 0.6888888888888889 0.2515625 0.6944444444444444 0.24453125 0.6861111111111111 0.24140625 0.6722222222222223 0.240625 0.6569444444444444 0.23671875 0.6472222222222223 0.234375 0.6305555555555555 0.23203125 0.5486111111111112 0.24375 0.5319444444444444 0.26796875 0.5097222222222222 0.275 0.5 0.30390625 0.475 0.3109375 0.4736111111111111 0.3140625 0.4652777777777778 0.32421875 0.4625
0 0.428125 0.5541666666666667 0.43828125 0.5666666666666667 0.4375 0.6055555555555555 0.43515625 0.6152777777777778 0.428125 0.6125 0.396875 0.6138888888888889 0.396875 0.5888888888888889 0.4015625 0.5652777777777778 0.40625 0.5569444444444445 0.4109375 0.5541666666666667 0.42734375 0.5541666666666667
0 0.75078125 0.5805555555555556 0.75859375 0.5861111111111111 0.765625 0.5958333333333333 0.778125 0.6180555555555556 0.78359375 0.6333333333333333 0.78515625 0.6513888888888889 0.7828125 0.6625 0.78046875 0.6652777777777777 0.7453125 0.6625 0.740625 0.6569444444444444 0.73515625 0.6430555555555556 0.7234375 0.6347222222222222 0.7203125 0.6152777777777778 0.7203125 0.5972222222222222 0.721875 0.5916666666666667 0.73125 0.5791666666666667 0.75 0.5805555555555556
0 0.43515625 0.3736111111111111 0.4375 0.37916666666666665 0.4359375 0.39166666666666666 0.42578125 0.3888888888888889 0.4265625 0.3763888888888889 0.434375 0.3736111111111111
0 0.6296875 0.6527777777777778 0.63671875 0.6555555555555556 0.64375 0.6652777777777777 0.66171875 0.725 0.6625 0.7597222222222222 0.6609375 0.7680555555555556 0.65859375 0.7708333333333334 0.6546875 0.7708333333333334 0.65 0.7638888888888888 0.63046875 0.7611111111111111 0.61640625 0.7611111111111111 0.60859375 0.7652777777777777 0.6046875 0.7638888888888888 0.6015625 0.7583333333333333 0.60078125 0.7333333333333333 0.590625 0.7097222222222223 0.59453125 0.6652777777777777 0.59765625 0.6569444444444444 0.6046875 0.6527777777777778 0.62890625 0.6527777777777778
0 0.4640625 0.36527777777777776 0.465625 0.36944444444444446 0.46484375 0.38055555555555554 0.4578125 0.38055555555555554 0.45546875 0.3763888888888889 0.45703125 0.36527777777777776 0.46328125 0.36527777777777776
0 0 0.9138888888888889 0.003125 0.9166666666666666 0.00625 0.9263888888888889 0.00546875 0.9569444444444445 0.0015625 0.9708333333333333 0 0.9708333333333333 0 0.9152777777777777
0 0.49296875 0.3541666666666667 0.0078125 0.013888888888888888
0 0.46484375 0.39305555555555555 0.471875 0.3888888888888889 0.47734375 0.3972222222222222 0.4765625 0.40694444444444444 0.47265625 0.4111111111111111 0.4640625 0.39861111111111114 0.46484375 0.39444444444444443
0 0.45703125 0.34305555555555556 0.46171875 0.3486111111111111 0.4625 0.35833333333333334 0.459375 0.3638888888888889 0.453125 0.3625 0.45078125 0.35555555555555557 0.4515625 0.3458333333333333 0.45625 0.34305555555555556
0 0.39375 0.4527777777777778 0.39765625 0.4486111111111111 0.409375 0.4486111111111111 0.4140625 0.4583333333333333 0.41640625 0.46944444444444444 0.415625 0.48055555555555557 0.4125 0.4847222222222222 0.39140625 0.4847222222222222 0.390625 0.4666666666666667 0.39375 0.45416666666666666
0 0.55390625 0.35694444444444445 0.5578125 0.3597222222222222 0.559375 0.36527777777777776 0.5578125 0.36944444444444446 0.55078125 0.36666666666666664 0.55 0.3611111111111111 0.553125 0.35694444444444445
0 0.4390625 0.3902777777777778 0.44765625 0.3888888888888889 0.4515625 0.3972222222222222 0.45 0.40555555555555556 0.43828125 0.40694444444444444 0.4375 0.3972222222222222 0.4390625 0.39166666666666666
0 0.47890625 0.37083333333333335 0.48125 0.375 0.48125 0.38055555555555554 0.475 0.3861111111111111 0.4703125 0.38333333333333336 0.4703125 0.3763888888888889 0.4734375 0.36944444444444446 0.478125 0.37083333333333335
0 0.532421875 0.4013888888888889 0.01640625 0.025
0 0.44765625 0.45555555555555555 0.45234375 0.45694444444444443 0.45625 0.46805555555555556 0.45703125 0.48333333333333334 0.453125 0.4986111111111111 0.44609375 0.49444444444444446 0.43125 0.49583333333333335 0.43125 0.46944444444444444 0.43359375 0.4597222222222222 0.43984375 0.45555555555555555 0.446875 0.45555555555555555