0 0.73671875 0.69375 0.06875 0.1046875
0 0.8 0.2890625 0.8046875 0.2953125 0.803125 0.3046875 0.7921875 0.303125 0.7921875 0.29375 0.7984375 0.2890625
0 0.725 0.64375 0.7296875 0.646875 0.7515625 0.6484375 0.7625 0.66875 0.765625 0.6859375 0.765625 0.725 0.7640625 0.7328125 0.7578125 0.740625 0.7296875 0.7375 0.709375 0.7328125 0.7078125 0.7296875 0.703125 0.7125 0.7046875 0.6625 0.7109375 0.65625 0.715625 0.646875 0.7234375 0.64375
0 0.65234375 0.3046875 0.0203125 0.03125
0 0.8484375 0.2609375 0.853125 0.265625 0.853125 0.278125 0.85 0.2796875 0.8421875 0.278125 0.8421875 0.2640625 0.846875 0.2609375
0 0.8375 0.246875 0.840625 0.2515625 0.8390625 0.25625 0.8328125 0.2546875 0.8328125 0.2484375 0.8359375 0.246875
0 0.8125 0.28828125 0.0125 0.0140625
0 0.725 0.2140625 0.7296875 0.2171875 0.7296875 0.225 0.728125 0.23125 0.7234375 0.234375 0.7171875 0.2296875 0.715625 0.225 0.7171875 0.215625 0.7234375 0.2140625
0 0.83125 0.2796875 0.840625 0.28125 0.840625 0.2921875 0.83125 0.2921875 0.8296875 0.2890625 0.83125 0.28125
0 0.6625 0.3078125 0.6734375 0.30625 0.678125 0.309375 0.678125 0.328125 0.6765625 0.3296875 0.6640625 0.3296875 0.659375 0.3265625 0.6625 0.309375
0 0.828125 0.2890625 0.8296875 0.303125 0.8265625 0.3046875 0.821875 0.3046875 0.8171875 0.3015625 0.81875 0.290625 0.8234375 0.2875 0.8265625 0.2890625
0 0.56875 0.35625 0.5703125 0.3390625 0.578125 0.334375 0.5859375 0.334375 0.5890625 0.3375 0.590625 0.3546875 0.5875 0.3578125 0.5703125 0.35625
0 0.821875 0.28125 0.0125 0.015625
0 0.715625 0.28125 0.7234375 0.2828125 0.7234375 0.29375 0.71875 0.3015625 0.715625 0.3015625 0.7125 0.29375 0.715625 0.2828125