0 0.50703125 0.3890625 0.0296875 0.0296875
0 0.08828125 0.82265625 0.121875 0.115625
0 0.74921875 0.8421875 0.0765625 0.08125
0 0.36484375 0.5078125 0.05 0.0546875
0 0.9265625 0.72421875 0.0765625 0.0921875
0 0.765625 0.3734375 0.025 0.0375
0 0.76640625 0.490625 0.0359375 0.0375
0 0.74765625 0.828125 0.08125 0.1078125
0 0.7140625 0.39453125 0.0265625 0.025
0 0.7671875 0.2625 0.7703125 0.2671875 0.76875 0.271875 0.765625 0.2734375 0.75625 0.271875 0.7578125 0.265625 0.7609375 0.2625 0.765625 0.2625
0 0.7578125 0.3578125 0.76875 0.35625 0.775 0.3609375 0.7765625 0.3671875 0.775 0.3890625 0.7734375 0.390625 0.7546875 0.3890625 0.753125 0.378125 0.7546875 0.3640625 0.7578125 0.359375
0 0.7046875 0.29375 0.7046875 0.2859375 0.7078125 0.2828125 0.715625 0.2828125 0.71875 0.2859375 0.71875 0.29375 0.70625 0.29375
0 0.74375 0.775 0.765625 0.778125 0.7703125 0.7828125 0.7734375 0.790625 0.7828125 0.796875 0.7828125 0.8 0.778125 0.803125 0.78125 0.8203125 0.78125 0.8671875 0.778125 0.8765625 0.771875 0.8765625 0.7671875 0.871875 0.7578125 0.8703125 0.746875 0.871875 0.7296875 0.8671875 0.721875 0.8671875 0.7171875 0.8703125 0.7125 0.865625 0.7125 0.8421875 0.7078125 0.834375 0.7078125 0.7984375 0.709375 0.796875 0.7078125 0.7859375 0.7171875 0.7828125 0.728125 0.775 0.7421875 0.775
0 0.7125 0.3796875 0.71875 0.38125 0.7234375 0.3859375 0.725 0.390625 0.7234375 0.40625 0.7015625 0.403125 0.703125 0.3859375 0.70625 0.38125 0.7109375 0.3796875
0 0.840625 0.2734375 0.8421875 0.275 0.8421875 0.2921875 0.83125 0.2921875 0.83125 0.275 0.8359375 0.271875 0.8390625 0.2734375
0 0.578125 0.3046875 0.58125 0.3078125 0.5828125 0.30625 0.58125 0.303125 0.584375 0.3 0.6015625 0.3 0.603125 0.3015625 0.603125 0.3140625 0.60625 0.325 0.6046875 0.34375 0.5953125 0.35 0.5734375 0.3453125 0.571875 0.328125 0.5734375 0.3140625 0.5765625 0.30625
0 0.7859375 0.3328125 0.7875 0.334375 0.7875 0.3515625 0.7859375 0.353125 0.771875 0.3515625 0.7703125 0.3484375 0.771875 0.334375 0.775 0.33125 0.784375 0.3328125
0 0.7265625 0.3578125 0.7328125 0.3671875 0.73125 0.3796875 0.7203125 0.3796875 0.7125 0.3765625 0.7171875 0.359375 0.725 0.3578125
0 0.740625 0.340625 0.7484375 0.3421875 0.7515625 0.3453125 0.75 0.3625 0.7375 0.3625 0.7328125 0.359375 0.7328125 0.346875 0.7359375 0.3421875 0.7390625 0.3421875
0 0.80625 0.3171875 0.8046875 0.30625 0.8078125 0.3 0.8171875 0.3015625 0.8171875 0.315625 0.8078125 0.3171875
0 0.3734375 0.48125 0.3828125 0.484375 0.3875 0.5 0.3875 0.521875 0.3828125 0.5234375 0.3765625 0.53125 0.359375 0.528125 0.3453125 0.5296875 0.340625 0.525 0.34375 0.496875 0.35 0.4859375 0.3578125 0.48125 0.371875 0.48125
0 0.8515625 0.25625 0.8546875 0.259375 0.8546875 0.271875 0.8515625 0.2734375 0.8453125 0.2703125 0.8453125 0.2625 0.846875 0.2578125 0.85 0.25625
0 0.1109375 0.765625 0.128125 0.76875 0.1421875 0.778125 0.1453125 0.7984375 0.1453125 0.825 0.1390625 0.8328125 0.1328125 0.8328125 0.1265625 0.8390625 0.115625 0.8546875 0.109375 0.8734375 0.08125 0.8765625 0.053125 0.8734375 0.0359375 0.8671875 0.0296875 0.8609375 0.028125 0.85625 0.0296875 0.834375 0.0359375 0.821875 0.046875 0.809375 0.046875 0.8046875 0.0421875 0.8 0.0421875 0.796875 0.04375 0.7953125 0.05 0.796875 0.0671875 0.771875 0.08125 0.7640625 0.109375 0.765625
0 0.834375 0.259375 0.8375 0.2640625 0.8375 0.271875 0.8296875 0.271875 0.8296875 0.2609375 0.8328125 0.259375
0 0.8 0.2375 0.8015625 0.2390625 0.8 0.2453125 0.7953125 0.2453125 0.7921875 0.2421875 0.79375 0.2375 0.7984375 0.2375
0 0.934375 0.6765625 0.946875 0.6890625 0.9515625 0.709375 0.9578125 0.7265625 0.9609375 0.7296875 0.959375 0.7484375 0.95625 0.7625 0.953125 0.7671875 0.94375 0.7640625 0.9390625 0.759375 0.93125 0.7578125 0.9125 0.7578125 0.9078125 0.7609375 0.903125 0.7609375 0.9 0.7546875 0.9 0.740625 0.8890625 0.734375 0.8890625 0.7078125 0.8921875 0.696875 0.9078125 0.6875 0.9140625 0.68125 0.915625 0.6765625 0.9265625 0.675 0.9328125 0.6765625
0 0.6671875 0.2953125 0.6703125 0.3 0.66875 0.3125 0.653125 0.3125 0.6515625 0.3109375 0.6515625 0.3015625 0.6546875 0.2984375 0.665625 0.2953125
0 0.625 0.3234375 0.63125 0.3265625 0.6375 0.3390625 0.6375 0.35 0.6265625 0.3578125 0.6078125 0.353125 0.6078125 0.3390625 0.6125 0.3265625 0.6234375 0.3234375
0 0.515625 0.371875 0.5203125 0.378125 0.51875 0.4015625 0.4984375 0.4015625 0.4921875 0.4 0.490625 0.396875 0.496875 0.3765625 0.503125 0.371875 0.5140625 0.371875
0 0 0.4265625 0.0046875 0.4328125 0.003125 0.4546875 0 0.45625 0 0.428125
0 0.759375 0.4703125 0.7734375 0.475 0.78125 0.48125 0.7796875 0.5078125 0.75 0.503125 0.7484375 0.475 0.753125 0.4703125 0.7578125 0.4703125
0 0.778125 0.25 0.78125 0.253125 0.78125 0.259375 0.778125 0.2625 0.771875 0.259375 0.771875 0.253125 0.7765625 0.25