0 0.335546875 0.8291666666666667 0.09453125 0.14583333333333334
0 0.109375 0.9270833333333334 0.1734375 0.1361111111111111
0 0.4125 0.5729166666666666 0.04296875 0.0625
0 0.694140625 0.53125 0.03984375 0.05277777777777778
0 0.5875 0.5930555555555556 0.05 0.08611111111111111
0 0.62109375 0.5145833333333333 0.0328125 0.05138888888888889
0 0.421875 0.41458333333333336 0.03984375 0.07222222222222222
0 0.857421875 0.7423611111111111 0.096875 0.13472222222222222
0 0.402734375 0.46944444444444444 0.02734375 0.034722222222222224
0 0.444140625 0.4652777777777778 0.03203125 0.03888888888888889
0 0.572265625 0.4284722222222222 0.01953125 0.030555555555555555
0 0.323046875 0.5631944444444444 0.06796875 0.125
0 0.3234375 0.5652777777777778 0.06796875 0.12916666666666668
0 0.603125 0.4270833333333333 0.0171875 0.02361111111111111
0 0.4734375 0.32916666666666666 0.47890625 0.3347222222222222 0.478125 0.3458333333333333 0.4734375 0.35 0.46875 0.3472222222222222 0.46796875 0.3347222222222222 0.47265625 0.33055555555555555
0 0.34921875 0.7583333333333333 0.3765625 0.7652777777777777 0.38125 0.7819444444444444 0.38125 0.8125 0.36953125 0.8486111111111111 0.365625 0.8847222222222222 0.35859375 0.8916666666666667 0.34296875 0.8958333333333334 0.303125 0.8972222222222223 0.29375 0.8888888888888888 0.28984375 0.8791666666666667 0.290625 0.8458333333333333 0.29296875 0.8333333333333334 0.30234375 0.8111111111111111 0.30859375 0.7777777777777778 0.32109375 0.7597222222222222 0.3484375 0.7583333333333333
0 0.4359375 0.37777777777777777 0.43984375 0.3861111111111111 0.4390625 0.42777777777777776 0.43046875 0.44583333333333336 0.41015625 0.44722222222222224 0.40546875 0.44583333333333336 0.403125 0.43194444444444446 0.40234375 0.3958333333333333 0.40390625 0.3902777777777778 0.41796875 0.37916666666666665 0.43515625 0.37777777777777777
0 0.5515625 0.33194444444444443 0.55390625 0.3347222222222222 0.55390625 0.3486111111111111 0.5515625 0.35694444444444445 0.54453125 0.35694444444444445 0.5421875 0.3486111111111111 0.54296875 0.3347222222222222 0.55078125 0.33194444444444443
0 0.6078125 0.4152777777777778 0.6125 0.425 0.61171875 0.4361111111111111 0.59765625 0.4361111111111111 0.59453125 0.4305555555555556 0.59453125 0.42083333333333334 0.59765625 0.41388888888888886 0.60703125 0.4152777777777778
0 0.6234375 0.49166666666666664 0.62890625 0.49583333333333335 0.63671875 0.5111111111111111 0.63671875 0.5319444444444444 0.634375 0.5388888888888889 0.6125 0.5375 0.60859375 0.5347222222222222 0.6046875 0.525 0.6046875 0.5055555555555555 0.609375 0.4930555555555556 0.62265625 0.49166666666666664
0 0.596875 0.5597222222222222 0.6 0.5666666666666667 0.603125 0.5861111111111111 0.6078125 0.6013888888888889 0.60546875 0.6361111111111111 0.59375 0.6333333333333333 0.57109375 0.6347222222222222 0.5671875 0.6305555555555555 0.56328125 0.6083333333333333 0.5640625 0.5708333333333333 0.5703125 0.5541666666666667 0.58359375 0.5541666666666667 0.59609375 0.5597222222222222
0 0.47265625 0.39166666666666666 0.0140625 0.022222222222222223
0 0.4875 0.3638888888888889 0.009375 0.022222222222222223
0 0.47109375 0.35833333333333334 0.471875 0.3680555555555556 0.4703125 0.37083333333333335 0.46484375 0.37083333333333335 0.4625 0.36666666666666664 0.4640625 0.35833333333333334 0.4703125 0.35833333333333334
0 0.465625 0.4041666666666667 0.47109375 0.4111111111111111 0.471875 0.42083333333333334 0.46953125 0.4263888888888889 0.45625 0.4263888888888889 0.453125 0.42083333333333334 0.45703125 0.40694444444444444 0.46484375 0.4041666666666667
0 0.53828125 0.3958333333333333 0.54296875 0.40555555555555556 0.54296875 0.41388888888888886 0.53984375 0.4166666666666667 0.5296875 0.4166666666666667 0.52734375 0.4097222222222222 0.52734375 0.4027777777777778 0.5296875 0.3972222222222222 0.5375 0.3958333333333333
0 0.346875 0.46944444444444444 0.35546875 0.4777777777777778 0.35703125 0.49444444444444446 0.35546875 0.4986111111111111 0.3453125 0.5055555555555555 0.32421875 0.5041666666666667 0.32109375 0.4986111111111111 0.32109375 0.49166666666666664 0.32890625 0.4722222222222222 0.34609375 0.46944444444444444
0 0.575 0.41805555555555557 0.5828125 0.4305555555555556 0.5828125 0.4375 0.57890625 0.44583333333333336 0.56875 0.44583333333333336 0.5640625 0.44166666666666665 0.56484375 0.42083333333333334 0.5671875 0.41805555555555557 0.57421875 0.41805555555555557
0 0.48203125 0.3597222222222222 0.4859375 0.36527777777777776 0.48671875 0.37083333333333335 0.4859375 0.3763888888888889 0.4828125 0.38055555555555554 0.47578125 0.38055555555555554 0.4734375 0.37777777777777777 0.475 0.3625 0.48125 0.3597222222222222
0 0.153125 0.8638888888888889 0.1875 0.8708333333333333 0.19609375 0.8930555555555556 0.1953125 0.9263888888888889 0.19453125 0.9347222222222222 0.18984375 0.9486111111111111 0.17890625 0.9583333333333334 0.16796875 0.9777777777777777 0.1640625 0.9944444444444445 0.14765625 0.9958333333333333 0.14453125 0.9986111111111111 0.121875 0.9986111111111111 0.1203125 0.9958333333333333 0.10859375 0.9958333333333333 0.10625 0.9986111111111111 0.08046875 0.9986111111111111 0.078125 0.9958333333333333 0.071875 0.9986111111111111 0.053125 0.9986111111111111 0.05 0.9958333333333333 0.04765625 0.9986111111111111 0.03125 0.9986111111111111 0.028125 0.9958333333333333 0.02734375 0.9875 0.03203125 0.9569444444444445 0.0375 0.9416666666666667 0.06484375 0.8986111111111111 0.08046875 0.8805555555555555 0.09609375 0.8694444444444445 0.1109375 0.8638888888888889 0.15234375 0.8638888888888889
0 0.409375 0.45416666666666666 0.415625 0.4638888888888889 0.41484375 0.48194444444444445 0.4125 0.4861111111111111 0.39140625 0.4861111111111111 0.3890625 0.4791666666666667 0.38984375 0.4666666666666667 0.39375 0.4583333333333333 0.40078125 0.4527777777777778 0.40859375 0.45416666666666666
0 0.46015625 0.37222222222222223 0.46171875 0.38333333333333336 0.459375 0.3875 0.45078125 0.3861111111111111 0.44921875 0.37916666666666665 0.453125 0.37083333333333335 0.459375 0.37222222222222223
0 0.47890625 0.3486111111111111 0.48125 0.35138888888888886 0.48125 0.35694444444444445 0.478125 0.3597222222222222 0.47421875 0.3597222222222222 0.47265625 0.35555555555555557 0.4734375 0.35 0.478125 0.3486111111111111
0 0.45390625 0.4513888888888889 0.45859375 0.46111111111111114 0.45859375 0.4722222222222222 0.45625 0.48055555555555557 0.43671875 0.4791666666666667 0.4375 0.4652777777777778 0.4421875 0.4513888888888889 0.453125 0.4513888888888889
0 0.44140625 0.4041666666666667 0.44140625 0.3902777777777778 0.4453125 0.38472222222222224 0.44921875 0.38472222222222224 0.453125 0.39166666666666666 0.45390625 0.4013888888888889 0.4515625 0.40555555555555556 0.4421875 0.4041666666666667
0 0.3875 0.43333333333333335 0.39140625 0.4486111111111111 0.38984375 0.45555555555555555 0.384375 0.4583333333333333 0.36953125 0.45694444444444443 0.36796875 0.45416666666666666 0.36796875 0.44305555555555554 0.37265625 0.43194444444444446 0.38359375 0.4305555555555556 0.38671875 0.43333333333333335
0 0.456640625 0.36180555555555555 0.01015625 0.015277777777777777
0 0.68828125 0.5069444444444444 0.69921875 0.5097222222222222 0.71015625 0.525 0.71484375 0.5472222222222223 0.71328125 0.5597222222222222 0.6859375 0.5583333333333333 0.67578125 0.5458333333333333 0.675 0.5194444444444445 0.678125 0.5097222222222222 0.6875 0.5069444444444444
0 0.82890625 0.6777777777777778 0.8546875 0.6861111111111111 0.87578125 0.7083333333333334 0.8828125 0.7208333333333333 0.88984375 0.7347222222222223 0.89375 0.7513888888888889 0.9046875 0.7694444444444445 0.90390625 0.7972222222222223 0.9015625 0.8069444444444445 0.8984375 0.8111111111111111 0.8921875 0.8097222222222222 0.8796875 0.8 0.84453125 0.7972222222222223 0.840625 0.7916666666666666 0.83984375 0.7833333333333333 0.8359375 0.7736111111111111 0.8109375 0.7472222222222222 0.80859375 0.7388888888888889 0.80859375 0.7180555555555556 0.81171875 0.6986111111111111 0.8203125 0.6805555555555556 0.828125 0.6777777777777778
0 0.52734375 0.3638888888888889 0.52890625 0.375 0.5265625 0.37777777777777777 0.51953125 0.3763888888888889 0.5203125 0.36527777777777776 0.521875 0.3625 0.5265625 0.3638888888888889
0 0.4203125 0.5430555555555555 0.42578125 0.5458333333333333 0.43359375 0.5569444444444445 0.434375 0.5625 0.43203125 0.5902777777777778 0.428125 0.6 0.39609375 0.5986111111111111 0.39375 0.5930555555555556 0.39296875 0.5777777777777777 0.40078125 0.55 0.40390625 0.5444444444444444 0.41953125 0.5430555555555555
0 0.32109375 0.5069444444444444 0.3421875 0.5083333333333333 0.3484375 0.5138888888888888 0.35 0.5263888888888889 0.35625 0.5458333333333333 0.35546875 0.5833333333333334 0.3484375 0.5916666666666667 0.33828125 0.6138888888888889 0.33359375 0.6166666666666667 0.3203125 0.6152777777777778 0.30390625 0.6194444444444445 0.29921875 0.6180555555555556 0.29296875 0.6097222222222223 0.28984375 0.5875 0.2921875 0.5333333333333333 0.30546875 0.5166666666666667 0.3203125 0.5083333333333333