0 0.21640625 0.7833333333333333 0.1109375 0.14305555555555555
0 0.737890625 0.5826388888888889 0.05390625 0.07083333333333333
0 0.4234375 0.5361111111111111 0.0375 0.05138888888888889
0 0.373046875 0.6958333333333333 0.06484375 0.09861111111111111
0 0.655078125 0.5722222222222222 0.046875 0.06666666666666667
0 0.4109375 0.45902777777777776 0.02734375 0.0375
0 0.62578125 0.725 0.071875 0.14444444444444443
0 0.97421875 0.9041666666666667 0.05078125 0.12083333333333333
0 0.540234375 0.41805555555555557 0.01796875 0.029166666666666667
0 0.584375 0.4479166666666667 0.02109375 0.034722222222222224
0 0.42578125 0.4076388888888889 0.0359375 0.06527777777777778
0 0.344140625 0.5340277777777778 0.05859375 0.10694444444444444
0 0.615234375 0.4395833333333333 0.01875 0.02638888888888889
0 0.448046875 0.4527777777777778 0.0265625 0.03611111111111111
0 0.47734375 0.33055555555555555 0.4796875 0.3333333333333333 0.4796875 0.3416666666666667 0.4765625 0.3486111111111111 0.4734375 0.3486111111111111 0.46953125 0.34305555555555556 0.4703125 0.33194444444444443 0.4734375 0.32916666666666666 0.4765625 0.33055555555555555
0 0.38828125 0.65 0.39296875 0.6513888888888889 0.40390625 0.6625 0.40625 0.675 0.40546875 0.7013888888888888 0.3984375 0.7166666666666667 0.396875 0.7388888888888889 0.3578125 0.7416666666666667 0.34609375 0.7402777777777778 0.34140625 0.7305555555555555 0.34140625 0.7027777777777777 0.35078125 0.6666666666666666 0.359375 0.6513888888888889 0.3875 0.65
0 0.440625 0.3736111111111111 0.44296875 0.37916666666666665 0.44296875 0.41805555555555557 0.44140625 0.4236111111111111 0.434375 0.4375 0.421875 0.4361111111111111 0.41796875 0.4388888888888889 0.41015625 0.43472222222222223 0.4078125 0.4125 0.409375 0.3875 0.41796875 0.3763888888888889 0.43203125 0.37222222222222223 0.43984375 0.3736111111111111
0 0.5546875 0.3333333333333333 0.55546875 0.3472222222222222 0.553125 0.3597222222222222 0.54453125 0.35694444444444445 0.54375 0.3402777777777778 0.5453125 0.3333333333333333 0.55390625 0.3333333333333333
0 0.584375 0.43333333333333335 0.58984375 0.4375 0.59453125 0.4486111111111111 0.5953125 0.45694444444444443 0.5921875 0.4666666666666667 0.57734375 0.4652777777777778 0.57421875 0.46111111111111114 0.57421875 0.44027777777777777 0.57734375 0.43472222222222223 0.58359375 0.43333333333333335
0 0.488671875 0.35694444444444445 0.01015625 0.016666666666666666
0 0.6125 0.6555555555555556 0.63125 0.6583333333333333 0.63984375 0.6652777777777777 0.64609375 0.6777777777777778 0.6515625 0.7069444444444445 0.65859375 0.7138888888888889 0.65703125 0.7305555555555555 0.6609375 0.7444444444444445 0.6609375 0.7805555555555556 0.66015625 0.7861111111111111 0.65625 0.7916666666666666 0.615625 0.7902777777777777 0.6015625 0.7805555555555556 0.59921875 0.7638888888888888 0.59140625 0.7375 0.58984375 0.7083333333333334 0.59296875 0.6777777777777778 0.6 0.6583333333333333 0.61171875 0.6555555555555556
0 0.43203125 0.5125 0.4359375 0.5152777777777777 0.4421875 0.5319444444444444 0.4390625 0.5569444444444445 0.4359375 0.5611111111111111 0.43046875 0.5583333333333333 0.40859375 0.5583333333333333 0.40703125 0.5541666666666667 0.409375 0.5305555555555556 0.41484375 0.5152777777777777 0.41796875 0.5125 0.43125 0.5125
0 0.478125 0.3763888888888889 0.48125 0.3861111111111111 0.48046875 0.39166666666666666 0.47734375 0.3958333333333333 0.46953125 0.3958333333333333 0.4671875 0.39166666666666666 0.46875 0.37916666666666665 0.47734375 0.3763888888888889
0 0.65234375 0.5402777777777777 0.66328125 0.5458333333333333 0.67265625 0.5638888888888889 0.67578125 0.5902777777777778 0.675 0.5986111111111111 0.671875 0.6041666666666666 0.6421875 0.6013888888888889 0.63203125 0.5833333333333334 0.63203125 0.5555555555555556 0.63515625 0.5458333333333333 0.64296875 0.5402777777777777 0.6515625 0.5402777777777777
0 0.61328125 0.425 0.61875 0.4263888888888889 0.62265625 0.43194444444444446 0.625 0.4388888888888889 0.62421875 0.4513888888888889 0.609375 0.4513888888888889 0.60546875 0.44583333333333336 0.60625 0.42916666666666664 0.6125 0.425
0 0.975 0.8458333333333333 0.9859375 0.8527777777777777 0.99921875 0.8555555555555555 0.99921875 0.9791666666666666 0.99453125 0.9819444444444444 0.984375 0.9777777777777777 0.9765625 0.9638888888888889 0.96328125 0.9625 0.95234375 0.9416666666666667 0.94921875 0.9291666666666667 0.9484375 0.9111111111111111 0.95390625 0.8875 0.95390625 0.8763888888888889 0.96953125 0.8472222222222222 0.97421875 0.8458333333333333
0 0.35859375 0.4527777777777778 0.3640625 0.45555555555555555 0.3703125 0.46805555555555556 0.36953125 0.4777777777777778 0.3625 0.4847222222222222 0.35546875 0.48055555555555557 0.3421875 0.48194444444444445 0.33828125 0.4777777777777778 0.340625 0.4666666666666667 0.34609375 0.45555555555555555 0.3578125 0.4527777777777778
0 0.3921875 0.4236111111111111 0.39765625 0.43472222222222223 0.396875 0.4444444444444444 0.39453125 0.44722222222222224 0.3796875 0.44722222222222224 0.3765625 0.4388888888888889 0.37890625 0.425 0.38359375 0.4222222222222222 0.39140625 0.4236111111111111
0 0.4703125 0.35555555555555557 0.47421875 0.3625 0.471875 0.36944444444444446 0.4671875 0.36944444444444446 0.4640625 0.36527777777777776 0.465625 0.35694444444444445 0.46953125 0.35555555555555557
0 0.54453125 0.4097222222222222 0.5484375 0.41805555555555557 0.5484375 0.42916666666666664 0.546875 0.43194444444444446 0.53515625 0.43194444444444446 0.53203125 0.4305555555555556 0.53046875 0.425 0.53046875 0.4152777777777778 0.5328125 0.4097222222222222 0.54375 0.4097222222222222
0 0.41484375 0.44305555555555554 0.41953125 0.44583333333333336 0.42265625 0.45416666666666666 0.421875 0.4666666666666667 0.41796875 0.4722222222222222 0.4 0.4722222222222222 0.3984375 0.46944444444444444 0.39765625 0.45694444444444443 0.40234375 0.44583333333333336 0.4078125 0.44166666666666665 0.4140625 0.44305555555555554
0 0.45078125 0.3909722222222222 0.0125 0.020833333333333332
0 0.3609375 0.4847222222222222 0.36640625 0.4930555555555556 0.37265625 0.5194444444444445 0.37265625 0.5472222222222223 0.37109375 0.5527777777777778 0.36484375 0.5597222222222222 0.3578125 0.575 0.3421875 0.5736111111111111 0.33046875 0.5791666666666667 0.32421875 0.5791666666666667 0.31875 0.5666666666666667 0.3171875 0.5152777777777777 0.3203125 0.5013888888888889 0.33828125 0.48333333333333334 0.36015625 0.4847222222222222
0 0.48046875 0.3472222222222222 0.48203125 0.35555555555555557 0.47890625 0.35833333333333334 0.4765625 0.35833333333333334 0.47421875 0.35138888888888886 0.47578125 0.3472222222222222 0.4796875 0.3472222222222222
0 0.458203125 0.3763888888888889 0.01171875 0.016666666666666666
0 0.24609375 0.7194444444444444 0.2546875 0.7291666666666666 0.2625 0.7305555555555555 0.26640625 0.7375 0.26953125 0.7472222222222222 0.26953125 0.7722222222222223 0.26640625 0.7847222222222222 0.2625 0.7916666666666666 0.253125 0.7958333333333333 0.24296875 0.8111111111111111 0.2421875 0.8305555555555556 0.2390625 0.8444444444444444 0.234375 0.85 0.2296875 0.85 0.2234375 0.8444444444444444 0.1859375 0.8458333333333333 0.17890625 0.8472222222222222 0.17265625 0.8541666666666666 0.16796875 0.8513888888888889 0.16015625 0.8333333333333334 0.16171875 0.7875 0.16953125 0.7541666666666667 0.1875 0.7277777777777777 0.20078125 0.7180555555555556 0.21640625 0.7138888888888889 0.2328125 0.7138888888888889 0.2453125 0.7194444444444444
0 0.4546875 0.3597222222222222 0.45546875 0.36527777777777776 0.45 0.37222222222222223 0.446875 0.3680555555555556 0.44765625 0.3611111111111111 0.44921875 0.35833333333333334 0.45390625 0.3597222222222222
0 0.74296875 0.5541666666666667 0.74921875 0.5597222222222222 0.76171875 0.5875 0.76484375 0.6055555555555555 0.76484375 0.6138888888888889 0.76171875 0.6194444444444445 0.7265625 0.6138888888888889 0.72109375 0.6027777777777777 0.7125 0.5944444444444444 0.71171875 0.5680555555555555 0.7171875 0.5527777777777778 0.73203125 0.55 0.7421875 0.5541666666666667
0 0.471875 0.4027777777777778 0.4734375 0.41388888888888886 0.47109375 0.41944444444444445 0.45859375 0.41944444444444445 0.45625 0.4152777777777778 0.4578125 0.40555555555555556 0.4609375 0.4 0.4671875 0.39861111111111114 0.47109375 0.4027777777777778
0 0.52578125 0.3736111111111111 0.0109375 0.019444444444444445
0 0.45234375 0.36527777777777776 0.453125 0.35555555555555557 0.45625 0.35138888888888886 0.46015625 0.35138888888888886 0.4625 0.35833333333333334 0.45859375 0.36527777777777776 0.453125 0.36527777777777776
0 0.52265625 0.35138888888888886 0.52734375 0.3597222222222222 0.52734375 0.3638888888888889 0.52265625 0.3680555555555556 0.51875 0.36527777777777776 0.51875 0.3541666666666667 0.521875 0.35138888888888886
0 0.4765625 0.3597222222222222 0.48125 0.35694444444444445 0.48671875 0.36527777777777776 0.4859375 0.3736111111111111 0.48046875 0.37777777777777777 0.47578125 0.37222222222222223 0.4765625 0.3611111111111111
0 0.4546875 0.4388888888888889 0.45859375 0.44166666666666665 0.4609375 0.45 0.46015625 0.4638888888888889 0.45625 0.4666666666666667 0.44296875 0.4666666666666667 0.44140625 0.4638888888888889 0.44140625 0.4513888888888889 0.44375 0.44166666666666665 0.45390625 0.4388888888888889