0 0.075390625 0.7805555555555556 0.15078125 0.4125
0 0.136328125 0.9125 0.16015625 0.1638888888888889
0 0.580078125 0.5381944444444444 0.03671875 0.058333333333333334
0 0.35625 0.5423611111111111 0.0375 0.06388888888888888
0 0.716015625 0.6694444444444444 0.06796875 0.10555555555555556
0 0.711328125 0.5534722222222223 0.04453125 0.059722222222222225
0 0.431640625 0.50625 0.03125 0.041666666666666664
0 0.307421875 0.9333333333333333 0.11640625 0.13333333333333333
0 0.2484375 0.5979166666666667 0.0609375 0.07361111111111111
0 0.43203125 0.4215277777777778 0.02265625 0.03194444444444444
0 0.446484375 0.45625 0.03125 0.03333333333333333
0 0.396875 0.4527777777777778 0.03515625 0.075
0 0.396484375 0.4527777777777778 0.034375 0.0763888888888889
0 0.4390625 0.3875 0.028125 0.04722222222222222
0 0.5359375 0.3611111111111111 0.540625 0.3597222222222222 0.54375 0.36527777777777776 0.54296875 0.37083333333333335 0.5359375 0.37083333333333335 0.5359375 0.3625
0 0.1984375 0.8333333333333334 0.21015625 0.8388888888888889 0.21484375 0.8513888888888889 0.215625 0.8763888888888889 0.21328125 0.8986111111111111 0.21015625 0.9069444444444444 0.19921875 0.9152777777777777 0.1890625 0.9430555555555555 0.1828125 0.95 0.18125 0.9597222222222223 0.17265625 0.9694444444444444 0.171875 0.9888888888888889 0.1734375 0.9944444444444445 0.17109375 0.9972222222222222 0.159375 0.9986111111111111 0.15 0.9958333333333333 0.14375 0.9986111111111111 0.14140625 0.9958333333333333 0.1328125 0.9958333333333333 0.13046875 0.9986111111111111 0.1203125 0.9958333333333333 0.1109375 0.9958333333333333 0.109375 0.9986111111111111 0.0671875 0.9986111111111111 0.0640625 0.9736111111111111 0.06484375 0.9555555555555556 0.07890625 0.9305555555555556 0.0828125 0.9125 0.0890625 0.8972222222222223 0.09921875 0.8805555555555555 0.1 0.8736111111111111 0.1171875 0.8486111111111111 0.121875 0.8444444444444444 0.15 0.8388888888888889 0.19765625 0.8333333333333334
0 0.48046875 0.3541666666666667 0.48359375 0.35138888888888886 0.49140625 0.3527777777777778 0.490625 0.36666666666666664 0.4875 0.37083333333333335 0.48046875 0.3611111111111111 0.48046875 0.35555555555555557
0 0.5390625 0.39861111111111114 0.54296875 0.4083333333333333 0.54296875 0.4166666666666667 0.540625 0.4222222222222222 0.528125 0.42083333333333334 0.52734375 0.4166666666666667 0.52734375 0.4097222222222222 0.53046875 0.4 0.53828125 0.39861111111111114
0 0.521875 0.3638888888888889 0.0109375 0.016666666666666666
0 0.43515625 0.48333333333333334 0.4421875 0.4861111111111111 0.4453125 0.49444444444444446 0.44453125 0.5222222222222223 0.421875 0.525 0.41796875 0.5236111111111111 0.4171875 0.49722222222222223 0.41875 0.49166666666666664 0.42421875 0.4847222222222222 0.434375 0.48333333333333334
0 0.46171875 0.3527777777777778 0.46328125 0.35555555555555557 0.459375 0.36666666666666664 0.4546875 0.36666666666666664 0.453125 0.35833333333333334 0.4546875 0.3541666666666667 0.4609375 0.3527777777777778
0 0.47578125 0.38333333333333336 0.478125 0.3861111111111111 0.478125 0.3972222222222222 0.4765625 0.39861111111111114 0.46484375 0.3972222222222222 0.46484375 0.39166666666666666 0.46796875 0.38472222222222224 0.475 0.38333333333333336
0 0.465625 0.3659722222222222 0.0078125 0.020833333333333332
0 0.46640625 0.40555555555555556 0.47109375 0.41388888888888886 0.46875 0.4263888888888889 0.45546875 0.425 0.45625 0.4111111111111111 0.46015625 0.40555555555555556 0.465625 0.40555555555555556
0 0.55390625 0.33611111111111114 0.559375 0.3375 0.56171875 0.34444444444444444 0.559375 0.36944444444444446 0.55078125 0.36944444444444446 0.54921875 0.36666666666666664 0.54765625 0.34444444444444444 0.54921875 0.3375 0.553125 0.33611111111111114
0 0.43984375 0.3875 0.028125 0.05
0 0.5265625 0.3680555555555556 0.5296875 0.37083333333333335 0.53125 0.3819444444444444 0.52578125 0.38472222222222224 0.521875 0.38333333333333336 0.5203125 0.37916666666666665 0.52109375 0.37222222222222223 0.52578125 0.3680555555555556
0 0.40390625 0.425 0.4078125 0.42777777777777776 0.41171875 0.44166666666666665 0.41328125 0.4708333333333333 0.40546875 0.4847222222222222 0.3875 0.4875 0.38359375 0.4875 0.38046875 0.48055555555555557 0.3796875 0.4388888888888889 0.38359375 0.4305555555555556 0.403125 0.425
0 0.43359375 0.4111111111111111 0.4390625 0.4152777777777778 0.44140625 0.4222222222222222 0.440625 0.4305555555555556 0.43515625 0.43472222222222223 0.4234375 0.43333333333333335 0.421875 0.42777777777777776 0.425 0.41388888888888886 0.4328125 0.4111111111111111
0 0.36875 0.5097222222222222 0.3765625 0.5222222222222223 0.37890625 0.5361111111111111 0.37890625 0.55 0.3703125 0.5680555555555555 0.3625 0.5652777777777778 0.3375 0.5680555555555555 0.3359375 0.5625 0.33828125 0.5277777777777778 0.34296875 0.5138888888888888 0.34921875 0.5097222222222222 0.36796875 0.5097222222222222
0 0.45546875 0.44166666666666665 0.46171875 0.45416666666666666 0.46015625 0.46805555555555556 0.45625 0.4708333333333333 0.44140625 0.46944444444444444 0.4390625 0.4652777777777778 0.43984375 0.4513888888888889 0.44375 0.44305555555555554 0.4484375 0.44027777777777777 0.4546875 0.44166666666666665
0 0.33046875 0.8708333333333333 0.35 0.8791666666666667 0.36328125 0.8944444444444445 0.359375 0.9513888888888888 0.34609375 0.9986111111111111 0.30234375 0.9986111111111111 0.2953125 0.9958333333333333 0.24765625 0.9986111111111111 0.24609375 0.9944444444444445 0.25 0.9638888888888889 0.2578125 0.9319444444444445 0.271875 0.8902777777777777 0.2796875 0.875 0.2859375 0.8708333333333333 0.2984375 0.8694444444444445 0.3296875 0.8708333333333333
0 0.41640625 0.3972222222222222 0.41875 0.4 0.41875 0.4125 0.4140625 0.41805555555555557 0.40546875 0.4166666666666667 0.40390625 0.41388888888888886 0.40390625 0.4041666666666667 0.40859375 0.3972222222222222 0.415625 0.3972222222222222
0 0.11171875 0.5805555555555556 0.12265625 0.5833333333333334 0.12578125 0.5888888888888889 0.1359375 0.6472222222222223 0.1484375 0.6638888888888889 0.15078125 0.6763888888888889 0.15 0.6972222222222222 0.14765625 0.6986111111111111 0.14375 0.6888888888888889 0.1390625 0.6958333333333333 0.1390625 0.7263888888888889 0.1421875 0.75 0.1421875 0.7902777777777777 0.140625 0.7986111111111112 0.13203125 0.8138888888888889 0.121875 0.825 0.1171875 0.8444444444444444 0.0953125 0.8638888888888889 0.053125 0.925 0.03203125 0.95 0.0234375 0.9638888888888889 0.01640625 0.9680555555555556 0.0015625 0.9916666666666667 0 0.9916666666666667 0 0.9875 0.00234375 0.9847222222222223 0 0.9819444444444444 0.00234375 0.9680555555555556 0.00234375 0.9569444444444445 0 0.9541666666666667 0 0.9416666666666667 0.00234375 0.9375 0.00234375 0.9263888888888889 0 0.925 0.0015625 0.9208333333333333 0 0.9194444444444444 0 0.7291666666666666 0.0015625 0.7277777777777777 0.0015625 0.7194444444444444 0 0.7180555555555556 0 0.6152777777777778 0.05078125 0.5847222222222223 0.0625 0.5805555555555556 0.1109375 0.5805555555555556
0 0.4625 0.37222222222222223 0.46484375 0.37916666666666665 0.46328125 0.3861111111111111 0.4546875 0.38333333333333336 0.45625 0.37222222222222223 0.46171875 0.37222222222222223
0 0.40078125 0.41388888888888886 0.40234375 0.425 0.38984375 0.42916666666666664 0.38359375 0.42916666666666664 0.3875 0.4152777777777778 0.4 0.41388888888888886
0 0.265625 0.5694444444444444 0.2765625 0.5833333333333334 0.27734375 0.6083333333333333 0.27578125 0.6111111111111112 0.26640625 0.6166666666666667 0.2625 0.6291666666666667 0.259375 0.6319444444444444 0.24609375 0.6263888888888889 0.2359375 0.6277777777777778 0.2265625 0.6333333333333333 0.22265625 0.6333333333333333 0.2203125 0.6291666666666667 0.21875 0.5986111111111111 0.22890625 0.5736111111111111 0.24140625 0.5666666666666667 0.2609375 0.5652777777777778 0.26484375 0.5694444444444444
0 0.7140625 0.5277777777777778 0.72109375 0.5319444444444444 0.73359375 0.5597222222222222 0.73515625 0.5763888888888888 0.73046875 0.5847222222222223 0.7046875 0.5819444444444445 0.68984375 0.5625 0.6890625 0.5458333333333333 0.69296875 0.5305555555555556 0.70234375 0.5263888888888889 0.71328125 0.5277777777777778
0 0.715625 0.6208333333333333 0.725 0.6277777777777778 0.734375 0.6444444444444445 0.74375 0.6708333333333333 0.7484375 0.6930555555555555 0.746875 0.7125 0.74453125 0.7194444444444444 0.7015625 0.7138888888888889 0.69921875 0.7111111111111111 0.6953125 0.6958333333333333 0.6828125 0.6777777777777778 0.68203125 0.6513888888888889 0.6859375 0.6291666666666667 0.69296875 0.6194444444444445 0.71484375 0.6208333333333333
0 0.584375 0.5125 0.58984375 0.5180555555555556 0.596875 0.5319444444444444 0.59765625 0.5541666666666667 0.5953125 0.5652777777777778 0.56875 0.5638888888888889 0.5640625 0.5583333333333333 0.5625 0.5513888888888889 0.56171875 0.5277777777777778 0.565625 0.5166666666666667 0.56953125 0.5111111111111111 0.58359375 0.5125
0 0.48046875 0.3611111111111111 0.48515625 0.3680555555555556 0.484375 0.37916666666666665 0.4765625 0.38055555555555554 0.475 0.37777777777777777 0.47421875 0.37083333333333335 0.47578125 0.36527777777777776 0.4796875 0.3625