0 0.408984375 0.6006944444444444 0.0453125 0.06805555555555555
0 0.70859375 0.6881944444444444 0.06640625 0.10555555555555556
0 0.3625 0.7034722222222223 0.0671875 0.10138888888888889
0 0.165234375 0.8472222222222222 0.15859375 0.2222222222222222
0 0.341015625 0.4534722222222222 0.07109375 0.12361111111111112
0 0.583203125 0.5618055555555556 0.0375 0.0625
0 0.67109375 0.5180555555555556 0.03203125 0.04583333333333333
0 0.253515625 0.5875 0.0453125 0.06527777777777778
0 0.3140625 0.6159722222222223 0.0515625 0.07361111111111111
0 0.609375 0.50625 0.03203125 0.043055555555555555
0 0.369921875 0.5284722222222222 0.03984375 0.05138888888888889
0 0.406640625 0.39305555555555555 0.03828125 0.0763888888888889
0 0.06875 0.7888888888888889 0.1375 0.18472222222222223
0 0.893359375 0.7770833333333333 0.1171875 0.1597222222222222
0 0.912890625 0.7930555555555555 0.07890625 0.12916666666666668
0 0.21875 0.7458333333333333 0.22734375 0.7527777777777778 0.23359375 0.7652777777777777 0.23984375 0.7722222222222223 0.24296875 0.8013888888888889 0.240625 0.8430555555555556 0.2375 0.8513888888888889 0.23046875 0.8513888888888889 0.2234375 0.8569444444444444 0.2046875 0.8902777777777777 0.196875 0.9069444444444444 0.196875 0.9305555555555556 0.19453125 0.9430555555555555 0.18828125 0.9541666666666667 0.18515625 0.9555555555555556 0.17890625 0.9555555555555556 0.16953125 0.9472222222222222 0.1203125 0.95 0.11015625 0.9555555555555556 0.10703125 0.9513888888888888 0.0984375 0.9486111111111111 0.09453125 0.9263888888888889 0.09296875 0.8763888888888889 0.0953125 0.8569444444444444 0.09453125 0.8361111111111111 0.10390625 0.8138888888888889 0.13046875 0.7819444444444444 0.153125 0.75 0.184375 0.7444444444444445 0.21796875 0.7458333333333333
0 0.435546875 0.4131944444444444 0.02265625 0.04027777777777778
0 0.54609375 0.37222222222222223 0.54921875 0.37916666666666665 0.54921875 0.38333333333333336 0.54609375 0.3875 0.53984375 0.3875 0.5375 0.38055555555555554 0.5390625 0.3736111111111111 0.5421875 0.37083333333333335 0.5453125 0.37222222222222223
0 0.521875 0.3625 0.52578125 0.36527777777777776 0.5265625 0.3763888888888889 0.51875 0.38055555555555554 0.5171875 0.37777777777777777 0.51640625 0.36944444444444446 0.51875 0.3638888888888889 0.52109375 0.3638888888888889
0 0.48671875 0.3597222222222222 0.4875 0.37222222222222223 0.48046875 0.37916666666666665 0.47734375 0.37222222222222223 0.478125 0.3625 0.48125 0.35833333333333334 0.4859375 0.3597222222222222
0 0.6140625 0.4861111111111111 0.6234375 0.5041666666666667 0.6234375 0.5236111111111111 0.62109375 0.5277777777777778 0.6125 0.525 0.5984375 0.5263888888888889 0.59453125 0.5152777777777777 0.59375 0.49583333333333335 0.59921875 0.4847222222222222 0.61328125 0.4861111111111111
0 0.453125 0.44166666666666665 0.45859375 0.4527777777777778 0.45859375 0.4638888888888889 0.45625 0.4708333333333333 0.4390625 0.4708333333333333 0.4359375 0.4652777777777778 0.43671875 0.45416666666666666 0.4421875 0.44166666666666665 0.45234375 0.44166666666666665
0 0.428125 0.5819444444444445 0.43046875 0.5916666666666667 0.43046875 0.6125 0.425 0.6305555555555555 0.41875 0.6277777777777778 0.38984375 0.6305555555555555 0.3875 0.6263888888888889 0.3875 0.6125 0.39375 0.5763888888888888 0.3984375 0.5694444444444444 0.41875 0.5680555555555555 0.42734375 0.5819444444444445
0 0.47578125 0.3902777777777778 0.478125 0.39444444444444443 0.478125 0.40555555555555556 0.4765625 0.40694444444444444 0.465625 0.40555555555555556 0.46640625 0.39444444444444443 0.46875 0.3902777777777778 0.475 0.3902777777777778
0 0.56875 0.5347222222222222 0.571875 0.5319444444444444 0.59140625 0.5319444444444444 0.59921875 0.5569444444444445 0.6 0.5680555555555555 0.6 0.5847222222222223 0.5984375 0.5888888888888889 0.56875 0.5875 0.56640625 0.5833333333333334 0.5640625 0.5666666666666667 0.5640625 0.5527777777777778 0.56875 0.5361111111111111
0 0.46796875 0.3638888888888889 0.4703125 0.36944444444444446 0.46953125 0.375 0.4625 0.3819444444444444 0.45859375 0.38055555555555554 0.4578125 0.37222222222222223 0.46171875 0.3638888888888889 0.4671875 0.3638888888888889
0 0.54375 0.41805555555555557 0.54921875 0.42916666666666664 0.54921875 0.4375 0.546875 0.44305555555555554 0.53359375 0.44166666666666665 0.53125 0.4375 0.53125 0.425 0.53359375 0.41805555555555557 0.54296875 0.41805555555555557
0 0.4671875 0.34305555555555556 0.471875 0.3472222222222222 0.47109375 0.35555555555555557 0.46796875 0.35833333333333334 0.4625 0.35555555555555557 0.4625 0.3472222222222222 0.46640625 0.34444444444444444
0 0.5578125 0.3638888888888889 0.56171875 0.36944444444444446 0.56171875 0.37916666666666665 0.55390625 0.37916666666666665 0.5515625 0.375 0.55234375 0.36527777777777776 0.55703125 0.3638888888888889
0 0.27578125 0.5569444444444445 0.28671875 0.5680555555555555 0.2875 0.5861111111111111 0.28515625 0.5958333333333333 0.27734375 0.6013888888888889 0.271875 0.6138888888888889 0.24453125 0.6125 0.2375 0.6166666666666667 0.23359375 0.6125 0.23125 0.6027777777777777 0.23125 0.5902777777777778 0.2453125 0.5597222222222222 0.2546875 0.5555555555555556 0.275 0.5569444444444445
0 0.38984375 0.4222222222222222 0.39453125 0.43194444444444446 0.39453125 0.44583333333333336 0.3921875 0.4513888888888889 0.378125 0.4513888888888889 0.3765625 0.44722222222222224 0.378125 0.425 0.38046875 0.4222222222222222 0.3890625 0.4222222222222222
0 0.45 0.3902777777777778 0.45234375 0.3958333333333333 0.45234375 0.4027777777777778 0.4484375 0.4097222222222222 0.4453125 0.4083333333333333 0.44140625 0.39305555555555555 0.44921875 0.3902777777777778
0 0.38046875 0.5041666666666667 0.38984375 0.5194444444444445 0.3890625 0.5361111111111111 0.38515625 0.5458333333333333 0.359375 0.5486111111111112 0.35390625 0.5458333333333333 0.3515625 0.5333333333333333 0.3515625 0.5277777777777778 0.3578125 0.5125 0.36171875 0.5055555555555555 0.3671875 0.5027777777777778 0.3796875 0.5041666666666667
0 0.56015625 0.39861111111111114 0.5640625 0.4041666666666667 0.565625 0.4125 0.5625 0.41944444444444445 0.55546875 0.41944444444444445 0.55 0.41388888888888886 0.55 0.40694444444444444 0.553125 0.4 0.559375 0.39861111111111114
0 0.58515625 0.3972222222222222 0.5890625 0.4083333333333333 0.58828125 0.4166666666666667 0.57734375 0.4166666666666667 0.57578125 0.41388888888888886 0.57578125 0.4 0.57734375 0.3972222222222222 0.584375 0.3972222222222222
0 0.696875 0.6361111111111111 0.71640625 0.6416666666666667 0.72890625 0.6597222222222222 0.7375 0.6875 0.73984375 0.7041666666666667 0.740625 0.7263888888888889 0.7375 0.7388888888888889 0.7109375 0.7333333333333333 0.6953125 0.7347222222222223 0.6921875 0.7277777777777777 0.690625 0.7166666666666667 0.678125 0.7 0.67734375 0.675 0.68203125 0.6486111111111111 0.68671875 0.6388888888888888 0.69609375 0.6361111111111111
0 0.36796875 0.39305555555555555 0.3734375 0.39861111111111114 0.3765625 0.46944444444444444 0.36875 0.48333333333333334 0.3578125 0.49444444444444446 0.35234375 0.5055555555555555 0.34296875 0.5083333333333333 0.3171875 0.5083333333333333 0.3109375 0.5041666666666667 0.30703125 0.47638888888888886 0.30703125 0.4222222222222222 0.31953125 0.40694444444444444 0.3359375 0.3972222222222222 0.35078125 0.39305555555555555 0.3671875 0.39305555555555555
0 0.48046875 0.37083333333333335 0.48359375 0.375 0.48046875 0.38472222222222224 0.471875 0.38333333333333336 0.4734375 0.37222222222222223 0.4796875 0.37083333333333335
0 0.67421875 0.49444444444444446 0.67890625 0.5 0.68515625 0.5180555555555556 0.6859375 0.5333333333333333 0.6828125 0.5402777777777777 0.675 0.5375 0.6609375 0.5388888888888889 0.653125 0.5263888888888889 0.6546875 0.5 0.6578125 0.4930555555555556 0.6734375 0.49444444444444446
0 0.33359375 0.5902777777777778 0.34140625 0.6013888888888889 0.34140625 0.6194444444444445 0.33203125 0.6361111111111111 0.32890625 0.6472222222222223 0.31484375 0.6444444444444445 0.2953125 0.65 0.28984375 0.6472222222222223 0.28671875 0.625 0.3 0.5847222222222223 0.31171875 0.5805555555555556 0.3234375 0.5805555555555556 0.3296875 0.5833333333333334 0.3328125 0.5902777777777778
0 0.85 0.6972222222222222 0.8703125 0.7027777777777777 0.890625 0.7152777777777778 0.9140625 0.7361111111111112 0.93203125 0.7680555555555556 0.940625 0.7916666666666666 0.94765625 0.8027777777777778 0.9515625 0.8347222222222223 0.94453125 0.8583333333333333 0.93828125 0.8583333333333333 0.9265625 0.85 0.9015625 0.8472222222222222 0.88046875 0.8402777777777778 0.8765625 0.8347222222222223 0.87265625 0.8166666666666667 0.86640625 0.8125 0.85078125 0.7916666666666666 0.840625 0.7847222222222222 0.8375 0.7791666666666667 0.8359375 0.7666666666666667 0.8375 0.7444444444444445 0.83671875 0.7180555555555556 0.84609375 0.6986111111111111 0.84921875 0.6972222222222222
0 0.10390625 0.7 0.115625 0.7041666666666667 0.13046875 0.725 0.13671875 0.7430555555555556 0.1375 0.7652777777777777 0.13125 0.7777777777777778 0.10546875 0.8069444444444445 0.08671875 0.8375 0.08203125 0.8458333333333333 0.078125 0.8680555555555556 0.071875 0.8763888888888889 0.0640625 0.8722222222222222 0 0.875 0 0.75 0.053125 0.7027777777777777 0.103125 0.7
0 0.41796875 0.35694444444444445 0.4203125 0.3597222222222222 0.421875 0.37222222222222223 0.421875 0.4 0.41328125 0.41388888888888886 0.41328125 0.4222222222222222 0.409375 0.4263888888888889 0.3953125 0.4263888888888889 0.38984375 0.42083333333333334 0.38671875 0.3972222222222222 0.3875 0.36944444444444446 0.39921875 0.35833333333333334 0.4171875 0.35694444444444445
0 0.52890625 0.38055555555555554 0.53125 0.3888888888888889 0.5296875 0.3958333333333333 0.521875 0.3958333333333333 0.51875 0.3902777777777778 0.52109375 0.38055555555555554 0.52421875 0.37777777777777777 0.528125 0.38055555555555554
0 0.462109375 0.4215277777777778 0.01640625 0.02361111111111111
0 0.4546875 0.375 0.4578125 0.37916666666666665 0.45625 0.3902777777777778 0.45 0.3902777777777778 0.44453125 0.3861111111111111 0.4484375 0.3763888888888889 0.45390625 0.375
0 0.428125 0.4305555555555556 0.43125 0.44305555555555554 0.43125 0.45 0.42890625 0.45416666666666666 0.41484375 0.45416666666666666 0.41171875 0.4486111111111111 0.41171875 0.4375 0.4140625 0.4305555555555556 0.4171875 0.42777777777777776 0.42578125 0.42777777777777776 0.42734375 0.4305555555555556
0 0.43203125 0.36527777777777776 0.440625 0.3625 0.4453125 0.3680555555555556 0.44375 0.3819444444444444 0.43203125 0.38472222222222224 0.43203125 0.36666666666666664
0 0.55078125 0.35694444444444445 0.55390625 0.3625 0.55078125 0.37222222222222223 0.5453125 0.3597222222222222 0.54609375 0.35694444444444445 0.55 0.35694444444444445
0 0.38203125 0.6569444444444444 0.38515625 0.6638888888888889 0.39140625 0.6652777777777777 0.39453125 0.6694444444444444 0.39609375 0.6930555555555555 0.39375 0.7111111111111111 0.38671875 0.7236111111111111 0.38671875 0.7402777777777778 0.38125 0.7486111111111111 0.3734375 0.7375 0.346875 0.7402777777777778 0.33828125 0.7486111111111111 0.334375 0.7486111111111111 0.33125 0.7402777777777778 0.32890625 0.7180555555555556 0.32890625 0.7097222222222223 0.33671875 0.6875 0.340625 0.6680555555555555 0.34375 0.6625 0.35390625 0.6541666666666667 0.3765625 0.6541666666666667 0.38125 0.6569444444444444
0 0.53984375 0.3611111111111111 0.54296875 0.3625 0.54453125 0.36944444444444446 0.5359375 0.3763888888888889 0.53359375 0.3680555555555556 0.5359375 0.3625 0.5390625 0.3625