0 0.243359375 0.7618055555555555 0.11328125 0.16805555555555557
0 0.59140625 0.5659722222222222 0.046875 0.07083333333333333
0 0.36171875 0.5298611111111111 0.03828125 0.05138888888888889
0 0.43515625 0.5229166666666667 0.03125 0.04722222222222222
0 0.54609375 0.4465277777777778 0.025 0.043055555555555555
0 0.282421875 0.5208333333333334 0.11484375 0.1625
0 0.583203125 0.38680555555555557 0.028125 0.058333333333333334
0 0.369921875 0.4388888888888889 0.06328125 0.09027777777777778
0 0.583984375 0.45 0.01875 0.03333333333333333
0 0.405078125 0.46041666666666664 0.028125 0.04027777777777778
0 0.45390625 0.44930555555555557 0.02890625 0.0375
0 0.587109375 0.4534722222222222 0.01953125 0.030555555555555555
0 0.4453125 0.3763888888888889 0.45078125 0.3875 0.45 0.4041666666666667 0.44765625 0.4083333333333333 0.4390625 0.4083333333333333 0.43359375 0.39861111111111114 0.434375 0.38055555555555554 0.4390625 0.3763888888888889 0.44453125 0.3763888888888889
0 0.54296875 0.3625 0.54609375 0.36944444444444446 0.54453125 0.375 0.53828125 0.375 0.53671875 0.37222222222222223 0.53671875 0.36527777777777776 0.5421875 0.3625
0 0.52265625 0.3527777777777778 0.5265625 0.3541666666666667 0.52734375 0.3611111111111111 0.52578125 0.3638888888888889 0.51953125 0.3638888888888889 0.51875 0.35555555555555557 0.521875 0.3541666666666667
0 0.491015625 0.3541666666666667 0.01015625 0.016666666666666666
0 0.46015625 0.43194444444444446 0.46328125 0.4361111111111111 0.46640625 0.4486111111111111 0.46328125 0.4638888888888889 0.44609375 0.4638888888888889 0.44453125 0.4597222222222222 0.44453125 0.4486111111111111 0.446875 0.4375 0.44921875 0.43333333333333335 0.459375 0.43194444444444446
0 0.44140625 0.4986111111111111 0.44609375 0.5041666666666667 0.44921875 0.5166666666666667 0.44921875 0.5416666666666666 0.43125 0.5416666666666666 0.42578125 0.5444444444444444 0.4203125 0.5416666666666666 0.42109375 0.5194444444444445 0.425 0.5041666666666667 0.428125 0.5 0.440625 0.4986111111111111
0 0.48515625 0.37083333333333335 0.4859375 0.37916666666666665 0.48203125 0.38472222222222224 0.4765625 0.38333333333333336 0.47578125 0.375 0.4796875 0.36944444444444446 0.484375 0.37083333333333335
0 0.58828125 0.4375 0.59140625 0.44166666666666665 0.5953125 0.45555555555555555 0.59453125 0.4638888888888889 0.5921875 0.46805555555555556 0.58125 0.46805555555555556 0.57421875 0.4625 0.57578125 0.44166666666666665 0.5796875 0.4361111111111111 0.5875 0.4375
0 0.5328125 0.38333333333333336 0.53828125 0.3875 0.540625 0.3972222222222222 0.53984375 0.4041666666666667 0.5375 0.40694444444444444 0.52890625 0.40694444444444444 0.52578125 0.4027777777777778 0.5265625 0.3888888888888889 0.53203125 0.38472222222222224
0 0.5671875 0.37083333333333335 0.56796875 0.3763888888888889 0.56640625 0.3819444444444444 0.559375 0.3819444444444444 0.55703125 0.3763888888888889 0.559375 0.3680555555555556 0.56484375 0.3680555555555556 0.56640625 0.37083333333333335
0 0.475 0.3819444444444444 0.478125 0.3875 0.4765625 0.39861111111111114 0.465625 0.39166666666666666 0.4671875 0.38333333333333336 0.47421875 0.3819444444444444
0 0.3296875 0.44722222222222224 0.33515625 0.4597222222222222 0.3328125 0.475 0.334375 0.48194444444444445 0.33515625 0.5236111111111111 0.33203125 0.5347222222222222 0.31171875 0.5625 0.30859375 0.5638888888888889 0.303125 0.5805555555555556 0.28359375 0.5930555555555556 0.2671875 0.5958333333333333 0.23359375 0.5958333333333333 0.23203125 0.5930555555555556 0.22890625 0.5625 0.2265625 0.5180555555555556 0.228125 0.4986111111111111 0.2265625 0.49166666666666664 0.23046875 0.4861111111111111 0.2484375 0.475 0.2546875 0.4652777777777778 0.2921875 0.44583333333333336 0.31875 0.44305555555555554 0.32890625 0.44722222222222224
0 0.409375 0.4444444444444444 0.41484375 0.44722222222222224 0.41875 0.4597222222222222 0.41796875 0.4708333333333333 0.4125 0.4777777777777778 0.39375 0.4777777777777778 0.39296875 0.475 0.39296875 0.4597222222222222 0.39609375 0.4486111111111111 0.40859375 0.4444444444444444
0 0.38046875 0.3875 0.384375 0.3888888888888889 0.3890625 0.4 0.390625 0.42916666666666664 0.3890625 0.45694444444444443 0.38046875 0.4708333333333333 0.3671875 0.4777777777777778 0.35 0.4777777777777778 0.34375 0.4736111111111111 0.34140625 0.46111111111111114 0.34140625 0.40694444444444444 0.34296875 0.4027777777777778 0.35546875 0.39305555555555555 0.36953125 0.3875 0.3796875 0.3875
0 0.37421875 0.5055555555555555 0.3796875 0.5111111111111111 0.3828125 0.5208333333333334 0.3828125 0.5402777777777777 0.3765625 0.5513888888888889 0.3703125 0.5486111111111112 0.3484375 0.5513888888888889 0.3453125 0.5361111111111111 0.3453125 0.5277777777777778 0.3515625 0.5125 0.3609375 0.5055555555555555 0.3734375 0.5055555555555555
0 0.28125 0.6847222222222222 0.296875 0.7097222222222223 0.2984375 0.7277777777777777 0.29765625 0.7625 0.2921875 0.775 0.2875 0.7791666666666667 0.2734375 0.8041666666666667 0.2703125 0.8125 0.26875 0.8277777777777777 0.26171875 0.8375 0.2546875 0.8333333333333334 0.1953125 0.8361111111111111 0.19140625 0.8291666666666667 0.1875 0.8027777777777778 0.1875 0.7652777777777777 0.19296875 0.7305555555555555 0.20546875 0.7111111111111111 0.22890625 0.6847222222222222 0.25390625 0.6805555555555556 0.28046875 0.6847222222222222
0 0.432421875 0.41805555555555557 0.01953125 0.027777777777777776
0 0.39765625 0.4111111111111111 0.40390625 0.4152777777777778 0.40625 0.42777777777777776 0.40625 0.43194444444444446 0.4015625 0.4361111111111111 0.390625 0.43194444444444446 0.38984375 0.41388888888888886 0.396875 0.4111111111111111
0 0 0.9194444444444444 0.00859375 0.9263888888888889 0.01328125 0.9625 0.01171875 0.9986111111111111 0 0.9986111111111111 0 0.9208333333333333
0 0.465625 0.34444444444444444 0.47109375 0.3486111111111111 0.4703125 0.36944444444444446 0.4671875 0.375 0.45625 0.37083333333333335 0.453125 0.3625 0.453125 0.3527777777777778 0.45546875 0.3472222222222222 0.46484375 0.34444444444444444
0 0.4453125 0.36666666666666664 0.4484375 0.37083333333333335 0.446875 0.3763888888888889 0.4375 0.3736111111111111 0.4390625 0.3680555555555556 0.44453125 0.36666666666666664
0 0.58984375 0.5347222222222222 0.6 0.5402777777777777 0.6125 0.5791666666666667 0.6125 0.5847222222222223 0.60546875 0.6 0.59453125 0.5972222222222222 0.57421875 0.5986111111111111 0.5734375 0.5958333333333333 0.5703125 0.5791666666666667 0.5703125 0.5527777777777778 0.57578125 0.5375 0.5890625 0.5347222222222222
0 0.46875 0.39305555555555555 0.47421875 0.4 0.4734375 0.4125 0.46015625 0.4125 0.4578125 0.4097222222222222 0.46015625 0.3972222222222222 0.46796875 0.39305555555555555
0 0.5484375 0.42777777777777776 0.553125 0.43333333333333335 0.55625 0.44583333333333336 0.553125 0.4666666666666667 0.53515625 0.4638888888888889 0.534375 0.44027777777777777 0.5359375 0.43194444444444446 0.5390625 0.42777777777777776 0.54765625 0.42777777777777776
0 0.46015625 0.3736111111111111 0.4640625 0.37916666666666665 0.4640625 0.3861111111111111 0.46171875 0.3902777777777778 0.45390625 0.3902777777777778 0.4515625 0.3861111111111111 0.45234375 0.3763888888888889 0.459375 0.3736111111111111
0 0.48515625 0.35833333333333334 0.4890625 0.3625 0.4875 0.37083333333333335 0.48515625 0.37222222222222223 0.4796875 0.3680555555555556 0.4796875 0.3625 0.484375 0.35833333333333334
0 0.5875 0.35833333333333334 0.596875 0.36527777777777776 0.59609375 0.4125 0.59453125 0.4152777777777778 0.578125 0.4152777777777778 0.56953125 0.4041666666666667 0.56796875 0.3875 0.56953125 0.3597222222222222 0.58671875 0.35833333333333334