0 0.262890625 0.5854166666666667 0.05703125 0.07083333333333333
0 0.71640625 0.6875 0.06796875 0.10138888888888889
0 0.55078125 0.45416666666666666 0.02421875 0.044444444444444446
0 0.61953125 0.4236111111111111 0.05078125 0.09166666666666666
0 0.0546875 0.8520833333333333 0.109375 0.15416666666666667
0 0.359765625 0.44583333333333336 0.05859375 0.09583333333333334
0 0.391796875 0.5208333333333334 0.04296875 0.06527777777777778
0 0.619140625 0.4236111111111111 0.0515625 0.09305555555555556
0 0.6234375 0.7131944444444445 0.0703125 0.15555555555555556
0 0.452734375 0.45208333333333334 0.02109375 0.029166666666666667
0 0.623046875 0.7138888888888889 0.07109375 0.15416666666666667
0 0.40625 0.49027777777777776 0.4125 0.5097222222222222 0.4125 0.5277777777777778 0.4109375 0.5375 0.40390625 0.5527777777777778 0.3890625 0.5486111111111112 0.37421875 0.5513888888888889 0.371875 0.5402777777777777 0.37109375 0.5208333333333334 0.37265625 0.5027777777777778 0.37734375 0.4930555555555556 0.38359375 0.4888888888888889 0.40546875 0.49027777777777776
0 0.55546875 0.38055555555555554 0.559375 0.3902777777777778 0.559375 0.3972222222222222 0.55703125 0.4 0.54765625 0.39861111111111114 0.54609375 0.39444444444444443 0.5484375 0.38055555555555554 0.5546875 0.38055555555555554
0 0.56171875 0.37222222222222223 0.5671875 0.37222222222222223 0.57109375 0.37916666666666665 0.57109375 0.3861111111111111 0.56171875 0.3861111111111111 0.56171875 0.3736111111111111
0 0.62265625 0.6402777777777777 0.63359375 0.6444444444444445 0.640625 0.6569444444444444 0.65078125 0.6944444444444444 0.65703125 0.7458333333333333 0.65703125 0.7736111111111111 0.6546875 0.7861111111111111 0.65234375 0.7875 0.6390625 0.7819444444444444 0.60234375 0.7805555555555556 0.6 0.7777777777777778 0.5984375 0.7625 0.590625 0.7402777777777778 0.58828125 0.7263888888888889 0.58984375 0.6777777777777778 0.5953125 0.6541666666666667 0.59609375 0.6430555555555556 0.60078125 0.6402777777777777 0.621875 0.6402777777777777
0 0.45703125 0.4361111111111111 0.46015625 0.4388888888888889 0.4625 0.4486111111111111 0.4625 0.4638888888888889 0.4609375 0.4666666666666667 0.4421875 0.4652777777777778 0.44375 0.44166666666666665 0.44921875 0.4361111111111111 0.45625 0.4361111111111111
0 0.4703125 0.3402777777777778 0.47421875 0.3416666666666667 0.47578125 0.3458333333333333 0.47421875 0.3611111111111111 0.46640625 0.3638888888888889 0.46015625 0.3541666666666667 0.46171875 0.34305555555555556 0.46953125 0.3416666666666667
0 0.453125 0.3784722222222222 0.0171875 0.029166666666666667
0 0.0703125 0.7805555555555556 0.0828125 0.7861111111111111 0.09375 0.7833333333333333 0.10625 0.7861111111111111 0.10859375 0.7972222222222223 0.10859375 0.8333333333333334 0.10703125 0.8402777777777778 0.103125 0.8458333333333333 0.09375 0.8486111111111111 0.078125 0.8694444444444445 0.06640625 0.8805555555555555 0.0625 0.8875 0.06171875 0.8986111111111111 0.05859375 0.9069444444444444 0.05 0.9152777777777777 0.0359375 0.9125 0.01171875 0.9152777777777777 0 0.9125 0 0.8069444444444445 0.0203125 0.7875 0.06953125 0.7805555555555556
0 0.4875 0.35555555555555557 0.49140625 0.36527777777777776 0.490625 0.37222222222222223 0.4859375 0.3736111111111111 0.48203125 0.3680555555555556 0.4828125 0.3597222222222222 0.48671875 0.35694444444444445
0 0.4109375 0.44583333333333336 0.41484375 0.4486111111111111 0.41796875 0.4583333333333333 0.4171875 0.4708333333333333 0.41171875 0.47638888888888886 0.39609375 0.47638888888888886 0.39375 0.4736111111111111 0.39375 0.4597222222222222 0.39765625 0.45 0.403125 0.44583333333333336 0.41015625 0.44583333333333336
0 0.61328125 0.37916666666666665 0.63515625 0.3861111111111111 0.64140625 0.39166666666666666 0.64140625 0.42083333333333334 0.64453125 0.4361111111111111 0.64140625 0.4666666666666667 0.6375 0.46944444444444444 0.615625 0.46805555555555556 0.59765625 0.4388888888888889 0.59453125 0.4166666666666667 0.59609375 0.3819444444444444 0.59765625 0.37916666666666665 0.6125 0.37916666666666665
0 0.46484375 0.3638888888888889 0.46953125 0.36666666666666664 0.4703125 0.375 0.4640625 0.37916666666666665 0.46015625 0.375 0.459375 0.36944444444444446 0.4640625 0.3638888888888889
0 0.49765625 0.3347222222222222 0.5015625 0.3416666666666667 0.49921875 0.35138888888888886 0.4953125 0.35555555555555557 0.48984375 0.35138888888888886 0.48984375 0.3416666666666667 0.49140625 0.33611111111111114 0.496875 0.3347222222222222
0 0.44921875 0.3875 0.45234375 0.39305555555555555 0.45234375 0.40694444444444444 0.45 0.4083333333333333 0.44140625 0.4083333333333333 0.43828125 0.4041666666666667 0.440625 0.3875 0.4484375 0.3875
0 0.4125 0.37083333333333335 0.415625 0.38055555555555554 0.4140625 0.3972222222222222 0.415625 0.41944444444444445 0.4125 0.4263888888888889 0.40390625 0.43333333333333335 0.3890625 0.43194444444444446 0.38828125 0.41388888888888886 0.38203125 0.39861111111111114 0.38203125 0.38055555555555554 0.403125 0.3680555555555556 0.41171875 0.37083333333333335
0 0.55625 0.4388888888888889 0.56171875 0.4486111111111111 0.5640625 0.4583333333333333 0.5609375 0.475 0.54296875 0.475 0.53984375 0.46944444444444444 0.53984375 0.45416666666666666 0.5421875 0.44027777777777777 0.5484375 0.4361111111111111 0.55546875 0.4388888888888889
0 0.70625 0.6375 0.71953125 0.6402777777777777 0.725 0.6444444444444445 0.74453125 0.6875 0.7484375 0.7055555555555556 0.746875 0.7319444444444444 0.7453125 0.7347222222222223 0.73515625 0.7361111111111112 0.70234375 0.7305555555555555 0.69921875 0.7277777777777777 0.69609375 0.7125 0.6828125 0.6944444444444444 0.68203125 0.6736111111111112 0.68515625 0.6527777777777778 0.69375 0.6388888888888888 0.70546875 0.6375
0 0.419921875 0.4 0.01171875 0.022222222222222223
0 0.57109375 0.3888888888888889 0.57890625 0.3861111111111111 0.58359375 0.39444444444444443 0.5828125 0.4027777777777778 0.57421875 0.4041666666666667 0.5703125 0.39861111111111114 0.57109375 0.3902777777777778
0 0.54296875 0.3625 0.5484375 0.36944444444444446 0.5484375 0.37777777777777777 0.54453125 0.38055555555555554 0.53828125 0.375 0.53828125 0.3680555555555556 0.5421875 0.3638888888888889
0 0.48125 0.37083333333333335 0.484375 0.375 0.484375 0.3819444444444444 0.48046875 0.39166666666666666 0.46953125 0.3902777777777778 0.47265625 0.375 0.48046875 0.37083333333333335
0 0.38203125 0.4013888888888889 0.3875 0.41388888888888886 0.3875 0.4597222222222222 0.38359375 0.46805555555555556 0.3671875 0.4875 0.33359375 0.4861111111111111 0.33203125 0.48194444444444445 0.33046875 0.4222222222222222 0.353125 0.4027777777777778 0.3625 0.4 0.38125 0.4013888888888889
0 0.44765625 0.36527777777777776 0.44609375 0.38055555555555554 0.440625 0.37916666666666665 0.4390625 0.3680555555555556 0.446875 0.3638888888888889
0 0.427734375 0.4236111111111111 0.01953125 0.027777777777777776
0 0.52890625 0.3680555555555556 0.53046875 0.37777777777777777 0.528125 0.3819444444444444 0.51953125 0.37916666666666665 0.51953125 0.37222222222222223 0.521875 0.36666666666666664 0.528125 0.3680555555555556
0 0.559375 0.36527777777777776 0.56171875 0.37083333333333335 0.56015625 0.38055555555555554 0.553125 0.3763888888888889 0.5515625 0.37222222222222223 0.553125 0.3625 0.55859375 0.36527777777777776
0 0.2796875 0.5555555555555556 0.29140625 0.5694444444444444 0.2921875 0.5930555555555556 0.28984375 0.5972222222222222 0.28515625 0.5972222222222222 0.28125 0.6013888888888889 0.27578125 0.6152777777777778 0.25390625 0.6138888888888889 0.2421875 0.6180555555555556 0.2375 0.6166666666666667 0.23515625 0.6111111111111112 0.23359375 0.5930555555555556 0.23515625 0.5819444444444445 0.24453125 0.5625 0.24921875 0.5569444444444445 0.25703125 0.5541666666666667 0.27890625 0.5555555555555556
0 0.47109375 0.4 0.475 0.4083333333333333 0.47421875 0.42083333333333334 0.46015625 0.42083333333333334 0.45859375 0.4166666666666667 0.4609375 0.4013888888888889 0.4640625 0.39861111111111114 0.4703125 0.4