0 0.821875 0.6881944444444444 0.08046875 0.10416666666666667
0 0.33515625 0.5791666666666667 0.046875 0.06388888888888888
0 0.348828125 0.8013888888888889 0.08359375 0.13472222222222222
0 0.65859375 0.5 0.0328125 0.043055555555555555
0 0.38671875 0.4986111111111111 0.0328125 0.04583333333333333
0 0.63671875 0.5409722222222222 0.04375 0.06944444444444445
0 0.1046875 0.9520833333333333 0.140625 0.09444444444444444
0 0.582421875 0.44027777777777777 0.0234375 0.03194444444444444
0 0.305078125 0.5381944444444444 0.0421875 0.05694444444444444
0 0.60390625 0.4388888888888889 0.01796875 0.025
0 0.644921875 0.7152777777777778 0.0859375 0.15416666666666667
0 0.44765625 0.47847222222222224 0.02890625 0.0375
0 0.380859375 0.44027777777777777 0.0203125 0.030555555555555555
0 0.483984375 0.3416666666666667 0.01171875 0.019444444444444445
0 0.6578125 0.4777777777777778 0.66484375 0.48055555555555557 0.671875 0.4930555555555556 0.67421875 0.5041666666666667 0.67421875 0.5152777777777777 0.671875 0.5208333333333334 0.6515625 0.5180555555555556 0.64140625 0.5055555555555555 0.640625 0.49027777777777776 0.64375 0.48194444444444445 0.646875 0.4777777777777778 0.65703125 0.4777777777777778
0 0.35390625 0.7375 0.3796875 0.7430555555555556 0.3890625 0.7541666666666667 0.38984375 0.7777777777777778 0.38828125 0.7972222222222223 0.37734375 0.8333333333333334 0.3765625 0.8513888888888889 0.3734375 0.8583333333333333 0.3703125 0.8597222222222223 0.3359375 0.8597222222222223 0.3234375 0.8611111111111112 0.31875 0.8652777777777778 0.31171875 0.8638888888888889 0.309375 0.8555555555555555 0.30703125 0.8208333333333333 0.31171875 0.7916666666666666 0.32734375 0.7430555555555556 0.33125 0.7388888888888889 0.353125 0.7375
0 0.475 0.3472222222222222 0.47578125 0.3611111111111111 0.47265625 0.3680555555555556 0.46640625 0.36666666666666664 0.4625 0.3541666666666667 0.46640625 0.3472222222222222 0.47421875 0.3472222222222222
0 0.56875 0.37916666666666665 0.575 0.3888888888888889 0.575 0.39305555555555555 0.571875 0.3958333333333333 0.5625 0.39305555555555555 0.56328125 0.3819444444444444 0.56796875 0.37916666666666665
0 0.34765625 0.5527777777777778 0.35625 0.5680555555555555 0.35546875 0.5944444444444444 0.34921875 0.6013888888888889 0.3484375 0.6083333333333333 0.3234375 0.6069444444444444 0.31796875 0.6111111111111112 0.3125 0.6069444444444444 0.31171875 0.5888888888888889 0.315625 0.5666666666666667 0.31953125 0.5569444444444445 0.325 0.5513888888888889 0.3421875 0.55 0.346875 0.5527777777777778
0 0.4953125 0.35138888888888886 0.49609375 0.35833333333333334 0.49140625 0.36527777777777776 0.4859375 0.3597222222222222 0.4859375 0.35555555555555557 0.48984375 0.35 0.49453125 0.35138888888888886
0 0.58125 0.425 0.58828125 0.42916666666666664 0.590625 0.43472222222222223 0.59296875 0.4444444444444444 0.5921875 0.45416666666666666 0.590625 0.45555555555555555 0.5765625 0.45555555555555555 0.5734375 0.4527777777777778 0.571875 0.43472222222222223 0.57421875 0.42777777777777776 0.58046875 0.425
0 0.44921875 0.46111111111111114 0.45546875 0.4638888888888889 0.45859375 0.46944444444444444 0.45625 0.4930555555555556 0.44921875 0.49027777777777776 0.4359375 0.49166666666666664 0.434375 0.4875 0.4375 0.4652777777777778 0.44140625 0.46111111111111114 0.4484375 0.46111111111111114
0 0.44765625 0.3472222222222222 0.45234375 0.36944444444444446 0.446875 0.38055555555555554 0.44296875 0.38333333333333336 0.44140625 0.38333333333333336 0.43828125 0.3611111111111111 0.4328125 0.35555555555555557 0.4328125 0.35138888888888886 0.4359375 0.3472222222222222 0.446875 0.3472222222222222
0 0.48203125 0.37222222222222223 0.48515625 0.375 0.484375 0.3861111111111111 0.47578125 0.3861111111111111 0.47421875 0.38333333333333336 0.47734375 0.37222222222222223 0.48125 0.37222222222222223
0 0.46015625 0.4236111111111111 0.46484375 0.43472222222222223 0.46328125 0.44722222222222224 0.446875 0.44583333333333336 0.4484375 0.42777777777777776 0.45234375 0.4236111111111111 0.459375 0.4236111111111111
0 0.60546875 0.41944444444444445 0.609375 0.4236111111111111 0.6125 0.43472222222222223 0.6109375 0.4444444444444444 0.60078125 0.4444444444444444 0.5953125 0.4388888888888889 0.59609375 0.4222222222222222 0.59765625 0.41944444444444445 0.6046875 0.41944444444444445
0 0.3125 0.5125 0.32421875 0.5263888888888889 0.32421875 0.5444444444444444 0.3140625 0.5583333333333333 0.2953125 0.5569444444444445 0.28984375 0.5597222222222222 0.2859375 0.5597222222222222 0.2828125 0.5472222222222223 0.28359375 0.5388888888888889 0.2890625 0.5222222222222223 0.29609375 0.5138888888888888 0.31171875 0.5125
0 0.43671875 0.35694444444444445 0.43984375 0.3638888888888889 0.44140625 0.3819444444444444 0.43515625 0.39861111111111114 0.4171875 0.3972222222222222 0.415625 0.39305555555555555 0.415625 0.36527777777777776 0.4171875 0.3611111111111111 0.4234375 0.35694444444444445 0.4359375 0.35694444444444445
0 0.5578125 0.4041666666666667 0.5640625 0.41388888888888886 0.5640625 0.41944444444444445 0.5609375 0.4263888888888889 0.54921875 0.4263888888888889 0.546875 0.4236111111111111 0.54765625 0.4083333333333333 0.5515625 0.4041666666666667 0.55703125 0.4041666666666667
0 0.421875 0.42777777777777776 0.42734375 0.4361111111111111 0.428125 0.44166666666666665 0.425 0.45555555555555555 0.4109375 0.45555555555555555 0.4078125 0.4513888888888889 0.4078125 0.44027777777777777 0.41015625 0.43194444444444446 0.4140625 0.42777777777777776 0.42109375 0.42777777777777776
0 0.45 0.38333333333333336 0.45390625 0.3875 0.453125 0.4 0.44375 0.4 0.4421875 0.3972222222222222 0.44296875 0.3875 0.44921875 0.38333333333333336
0 0.55 0.35694444444444445 0.55390625 0.35833333333333334 0.55703125 0.36527777777777776 0.55234375 0.37083333333333335 0.54921875 0.37083333333333335 0.546875 0.36527777777777776 0.54921875 0.35833333333333334
0 0.64375 0.6472222222222223 0.64765625 0.65 0.6609375 0.6736111111111112 0.665625 0.6847222222222222 0.67421875 0.7194444444444444 0.678125 0.7402777777777778 0.6796875 0.7680555555555556 0.67890625 0.7847222222222222 0.675 0.7902777777777777 0.63984375 0.7819444444444444 0.61953125 0.7875 0.615625 0.775 0.615625 0.7527777777777778 0.6046875 0.7347222222222223 0.60234375 0.7125 0.6125 0.65 0.62265625 0.6458333333333334 0.64296875 0.6472222222222223
0 0.39375 0.4777777777777778 0.39921875 0.48333333333333334 0.4015625 0.49166666666666664 0.4015625 0.5055555555555555 0.396875 0.5180555555555556 0.3734375 0.5180555555555556 0.36953125 0.49722222222222223 0.38046875 0.4777777777777778 0.39296875 0.4777777777777778
0 0.382421875 0.4375 0.02109375 0.027777777777777776
0 0.5234375 0.35694444444444445 0.52578125 0.3625 0.52421875 0.36944444444444446 0.51875 0.36944444444444446 0.5171875 0.36666666666666664 0.51796875 0.35833333333333334 0.52265625 0.35694444444444445
0 0.4578125 0.37083333333333335 0.46171875 0.37222222222222223 0.46328125 0.37916666666666665 0.45625 0.3875 0.45234375 0.3861111111111111 0.45078125 0.3819444444444444 0.45703125 0.37083333333333335
0 0.1546875 0.9111111111111111 0.165625 0.9138888888888889 0.17109375 0.9222222222222223 0.1734375 0.9305555555555556 0.175 0.9458333333333333 0.175 0.9902777777777778 0.1765625 0.9944444444444445 0.1734375 0.9986111111111111 0.1328125 0.9986111111111111 0.128125 0.9958333333333333 0.034375 0.9986111111111111 0.0359375 0.9875 0.04453125 0.975 0.04921875 0.9611111111111111 0.0671875 0.9347222222222222 0.1015625 0.9194444444444444 0.115625 0.9180555555555555 0.1296875 0.9125 0.15390625 0.9111111111111111
0 0.80625 0.6361111111111111 0.8203125 0.6402777777777777 0.83359375 0.65 0.85234375 0.6805555555555556 0.85390625 0.6902777777777778 0.8609375 0.7055555555555556 0.8625 0.7180555555555556 0.86015625 0.7361111111111112 0.85546875 0.7416666666666667 0.81171875 0.7333333333333333 0.80859375 0.7291666666666666 0.8046875 0.7138888888888889 0.784375 0.6958333333333333 0.784375 0.6527777777777778 0.7921875 0.6375 0.80546875 0.6361111111111111
0 0.46875 0.38333333333333336 0.471875 0.3861111111111111 0.4734375 0.39444444444444443 0.4734375 0.4013888888888889 0.46953125 0.4083333333333333 0.459375 0.4083333333333333 0.4578125 0.4041666666666667 0.45859375 0.3875 0.4625 0.38333333333333336 0.46796875 0.38333333333333336
0 0.423046875 0.4111111111111111 0.01953125 0.022222222222222223
0 0.559375 0.36666666666666664 0.5640625 0.3736111111111111 0.56171875 0.38055555555555554 0.55625 0.38055555555555554 0.55234375 0.3763888888888889 0.55234375 0.37083333333333335 0.55546875 0.36527777777777776 0.55859375 0.36666666666666664
0 0.63671875 0.5097222222222222 0.6421875 0.5111111111111111 0.64765625 0.5180555555555556 0.65390625 0.5375 0.65703125 0.5569444444444445 0.6546875 0.5694444444444444 0.65078125 0.5722222222222222 0.64375 0.5680555555555555 0.62265625 0.5708333333333333 0.615625 0.5569444444444445 0.61484375 0.5375 0.61875 0.5152777777777777 0.62265625 0.5097222222222222 0.6359375 0.5097222222222222
0 0.54921875 0.375 0.55078125 0.37916666666666665 0.54921875 0.3875 0.54140625 0.3875 0.53984375 0.38472222222222224 0.540625 0.375 0.5484375 0.375
0 0.4796875 0.37222222222222223 0.4796875 0.36527777777777776 0.484375 0.3597222222222222 0.490625 0.3638888888888889 0.48984375 0.37083333333333335 0.4859375 0.375 0.48046875 0.37222222222222223