0 0.2 0.6347222222222222 0.06953125 0.0875
0 0.33984375 0.8305555555555556 0.09609375 0.1486111111111111
0 0.969140625 0.9125 0.0609375 0.16111111111111112
0 0.6984375 0.6222222222222222 0.0625 0.09166666666666666
0 0.343359375 0.5597222222222222 0.0453125 0.06388888888888888
0 0.5875 0.5305555555555556 0.03671875 0.05555555555555555
0 0.4328125 0.5097222222222222 0.03125 0.04583333333333333
0 0.59296875 0.4222222222222222 0.0171875 0.02361111111111111
0 0.40546875 0.4652777777777778 0.02578125 0.0375
0 0.374609375 0.4576388888888889 0.02578125 0.03194444444444444
0 0.565234375 0.4166666666666667 0.0234375 0.029166666666666667
0 0.688671875 0.5388888888888889 0.0359375 0.05138888888888889
0 0.561328125 0.4201388888888889 0.01796875 0.025
0 0.4640625 0.4131944444444444 0.02265625 0.03611111111111111
0 0.36875 0.7597222222222222 0.37734375 0.7625 0.3828125 0.7680555555555556 0.38515625 0.7777777777777778 0.3859375 0.7944444444444444 0.3859375 0.8166666666666667 0.371875 0.8541666666666666 0.3703125 0.8847222222222222 0.3671875 0.8888888888888888 0.35859375 0.8888888888888888 0.34921875 0.8944444444444445 0.3125 0.8972222222222223 0.30859375 0.9 0.29921875 0.8986111111111111 0.2953125 0.8916666666666667 0.29296875 0.8791666666666667 0.29375 0.8486111111111111 0.2953125 0.8347222222222223 0.3 0.8180555555555555 0.31640625 0.7708333333333334 0.32109375 0.7625 0.3296875 0.7597222222222222 0.36796875 0.7597222222222222
0 0.4390625 0.40694444444444444 0.015625 0.022222222222222223
0 0.54609375 0.34305555555555556 0.5484375 0.35 0.546875 0.35555555555555557 0.540625 0.35138888888888886 0.54140625 0.34305555555555556 0.54296875 0.3402777777777778 0.5453125 0.34305555555555556
0 0.55234375 0.35833333333333334 0.55390625 0.3638888888888889 0.55078125 0.3680555555555556 0.54609375 0.3680555555555556 0.54453125 0.3625 0.546875 0.35694444444444445 0.5515625 0.35833333333333334
0 0.56484375 0.40555555555555556 0.56796875 0.4083333333333333 0.57109375 0.41805555555555557 0.5703125 0.42916666666666664 0.559375 0.42916666666666664 0.55625 0.4263888888888889 0.55625 0.4097222222222222 0.5640625 0.40555555555555556
0 0.5359375 0.3486111111111111 0.5390625 0.35555555555555557 0.5359375 0.3611111111111111 0.53125 0.3597222222222222 0.53125 0.3527777777777778 0.53515625 0.3486111111111111
0 0.528125 0.38055555555555554 0.53046875 0.3861111111111111 0.53046875 0.39305555555555555 0.52578125 0.3972222222222222 0.51875 0.39444444444444443 0.51796875 0.38472222222222224 0.52109375 0.37916666666666665 0.52734375 0.38055555555555554
0 0.59140625 0.5055555555555555 0.5953125 0.5083333333333333 0.60390625 0.525 0.6046875 0.5416666666666666 0.60234375 0.5569444444444445 0.58984375 0.5541666666666667 0.57421875 0.5555555555555556 0.57265625 0.5527777777777778 0.57109375 0.5180555555555556 0.57421875 0.5097222222222222 0.58125 0.5041666666666667 0.590625 0.5055555555555555
0 0.490625 0.35694444444444445 0.4921875 0.35833333333333334 0.49140625 0.37083333333333335 0.4875 0.375 0.48203125 0.36944444444444446 0.484375 0.35833333333333334 0.48984375 0.35833333333333334
0 0.9828125 0.8361111111111111 0.99921875 0.8416666666666667 0.99921875 0.9236111111111112 0.99609375 0.9277777777777778 0.99921875 0.9361111111111111 0.99921875 0.9875 0.99375 0.9847222222222223 0.96953125 0.95 0.95546875 0.9361111111111111 0.94765625 0.9319444444444445 0.9421875 0.9208333333333333 0.940625 0.9125 0.93984375 0.8791666666666667 0.9453125 0.8597222222222223 0.96328125 0.8375 0.98203125 0.8361111111111111
0 0.456640625 0.37777777777777777 0.01171875 0.016666666666666666
0 0.41015625 0.44722222222222224 0.41640625 0.45694444444444443 0.4171875 0.46944444444444444 0.41484375 0.47638888888888886 0.40625 0.4791666666666667 0.39453125 0.4777777777777778 0.39296875 0.4666666666666667 0.39453125 0.45555555555555555 0.39765625 0.4486111111111111 0.409375 0.44722222222222224
0 0.571875 0.3819444444444444 0.57734375 0.39166666666666666 0.57734375 0.3972222222222222 0.575 0.4 0.56640625 0.39861111111111114 0.5640625 0.39305555555555555 0.5671875 0.3819444444444444 0.57109375 0.3819444444444444
0 0.58671875 0.4097222222222222 0.5953125 0.4097222222222222 0.5984375 0.4125 0.60234375 0.4236111111111111 0.6 0.43194444444444446 0.5875 0.4305555555555556 0.584375 0.4236111111111111 0.584375 0.4166666666666667 0.58671875 0.4111111111111111
0 0.35546875 0.5347222222222222 0.36640625 0.5472222222222223 0.3671875 0.5708333333333333 0.359375 0.5875 0.33828125 0.5847222222222223 0.33125 0.5902777777777778 0.32578125 0.5875 0.3234375 0.575 0.32421875 0.5652777777777778 0.33046875 0.5430555555555555 0.33828125 0.5347222222222222 0.3546875 0.5347222222222222
0 0.43046875 0.42083333333333334 0.43359375 0.42916666666666664 0.43359375 0.44027777777777777 0.428125 0.4444444444444444 0.41640625 0.44305555555555554 0.41484375 0.44027777777777777 0.41484375 0.4305555555555556 0.4203125 0.41944444444444445 0.425 0.41805555555555557 0.4296875 0.42083333333333334
0 0.47890625 0.36666666666666664 0.48203125 0.37083333333333335 0.48203125 0.38333333333333336 0.48046875 0.3861111111111111 0.471875 0.3861111111111111 0.46953125 0.3819444444444444 0.4703125 0.36944444444444446 0.478125 0.36666666666666664
0 0.68828125 0.5395833333333333 0.040625 0.05138888888888889
0 0.41796875 0.3972222222222222 0.4203125 0.4041666666666667 0.4203125 0.4125 0.41796875 0.4152777777777778 0.4078125 0.4152777777777778 0.40546875 0.4125 0.40546875 0.4041666666666667 0.4078125 0.3972222222222222 0.4171875 0.3972222222222222
0 0.44921875 0.37916666666666665 0.4515625 0.39305555555555555 0.44765625 0.3972222222222222 0.4390625 0.39305555555555555 0.43671875 0.3861111111111111 0.4390625 0.3819444444444444 0.4484375 0.37916666666666665
0 0.21484375 0.5930555555555556 0.22421875 0.6013888888888889 0.23203125 0.6166666666666667 0.234375 0.6319444444444444 0.23359375 0.6458333333333334 0.21796875 0.6555555555555556 0.21328125 0.6708333333333333 0.209375 0.6736111111111112 0.1890625 0.6708333333333333 0.1796875 0.6722222222222223 0.17421875 0.6763888888888889 0.16796875 0.675 0.16484375 0.6583333333333333 0.16640625 0.6291666666666667 0.1703125 0.6152777777777778 0.1765625 0.6041666666666666 0.1859375 0.5958333333333333 0.2140625 0.5930555555555556
0 0.44453125 0.35 0.44765625 0.35694444444444445 0.44921875 0.36944444444444446 0.44765625 0.3763888888888889 0.4390625 0.38055555555555554 0.43515625 0.38055555555555554 0.43203125 0.3763888888888889 0.43203125 0.3541666666666667 0.43515625 0.35 0.44375 0.35
0 0.48046875 0.34444444444444444 0.48203125 0.35555555555555557 0.47421875 0.36527777777777776 0.4703125 0.3625 0.46953125 0.3486111111111111 0.4734375 0.34305555555555556 0.4796875 0.34444444444444444
0 0.68125 0.5763888888888888 0.69609375 0.5777777777777777 0.70390625 0.5819444444444445 0.7234375 0.6152777777777778 0.7234375 0.6263888888888889 0.7265625 0.6347222222222222 0.728125 0.6583333333333333 0.71328125 0.6625 0.6828125 0.6583333333333333 0.678125 0.6416666666666667 0.67109375 0.6305555555555555 0.66875 0.6125 0.66953125 0.5916666666666667 0.675 0.5777777777777777 0.68046875 0.5763888888888888
0 0.45546875 0.3416666666666667 0.4578125 0.3486111111111111 0.4578125 0.3625 0.45625 0.36666666666666664 0.44921875 0.37083333333333335 0.44375 0.34444444444444444 0.4484375 0.3402777777777778 0.4546875 0.3416666666666667
0 0.56171875 0.36944444444444446 0.56484375 0.37083333333333335 0.56796875 0.37777777777777777 0.5640625 0.38472222222222224 0.55703125 0.3819444444444444 0.5578125 0.37222222222222223 0.5609375 0.36944444444444446
0 0.471875 0.39305555555555555 0.475 0.39861111111111114 0.475 0.40694444444444444 0.47109375 0.4111111111111111 0.46328125 0.4097222222222222 0.46015625 0.4041666666666667 0.4625 0.39444444444444443 0.46640625 0.39166666666666666 0.47109375 0.39305555555555555
0 0.46796875 0.3611111111111111 0.47109375 0.3680555555555556 0.46875 0.375 0.4625 0.375 0.46015625 0.37083333333333335 0.46171875 0.3625 0.4671875 0.3611111111111111
0 0.37890625 0.44027777777777777 0.38359375 0.44583333333333336 0.3859375 0.45555555555555555 0.38359375 0.4652777777777778 0.3796875 0.46944444444444444 0.365625 0.46805555555555556 0.3625 0.4638888888888889 0.3625 0.45416666666666666 0.365625 0.44305555555555554 0.378125 0.44027777777777777
0 0.44375 0.4888888888888889 0.44921875 0.5013888888888889 0.44921875 0.5194444444444445 0.446875 0.5305555555555556 0.421875 0.5305555555555556 0.4203125 0.5277777777777778 0.42109375 0.5055555555555555 0.4265625 0.49027777777777776 0.43203125 0.4875 0.44296875 0.4888888888888889
0 0.463671875 0.4215277777777778 0.01640625 0.020833333333333332