0 0.408984375 0.5993055555555555 0.04765625 0.07361111111111111
0 0.3203125 0.90625 0.11015625 0.1736111111111111
0 0.050390625 0.8659722222222223 0.1 0.15
0 0.23515625 0.7576388888888889 0.09609375 0.13055555555555556
0 0.3859375 0.49236111111111114 0.0328125 0.044444444444444446
0 0.70625 0.8833333333333333 0.109375 0.1986111111111111
0 0.28828125 0.5395833333333333 0.04375 0.058333333333333334
0 0.8625 0.75625 0.0984375 0.13472222222222222
0 0.587109375 0.4597222222222222 0.0234375 0.034722222222222224
0 0.448828125 0.4583333333333333 0.025 0.03333333333333333
0 0.6203125 0.45208333333333334 0.025 0.03333333333333333
0 0.53125 0.41388888888888886 0.02109375 0.029166666666666667
0 0.34609375 0.8222222222222222 0.365625 0.8291666666666667 0.3734375 0.8402777777777778 0.3734375 0.8847222222222222 0.36953125 0.9041666666666667 0.3640625 0.9138888888888889 0.36640625 0.9222222222222223 0.3578125 0.9388888888888889 0.35 0.9777777777777777 0.34453125 0.9833333333333333 0.32421875 0.9888888888888889 0.30546875 0.9861111111111112 0.28125 0.9875 0.275 0.9847222222222223 0.26875 0.9777777777777777 0.2671875 0.9694444444444444 0.26796875 0.9305555555555556 0.2703125 0.9180555555555555 0.278125 0.8972222222222223 0.28515625 0.8611111111111112 0.29140625 0.8416666666666667 0.3 0.8305555555555556 0.33203125 0.8222222222222222 0.3453125 0.8222222222222222
0 0.546875 0.3472222222222222 0.55 0.35138888888888886 0.54921875 0.35833333333333334 0.54375 0.35833333333333334 0.5421875 0.35138888888888886 0.54609375 0.3472222222222222
0 0.5734375 0.38055555555555554 0.578125 0.3902777777777778 0.57734375 0.3972222222222222 0.565625 0.3958333333333333 0.565625 0.38333333333333336 0.5671875 0.38055555555555554 0.57265625 0.38055555555555554
0 0.49140625 0.35 0.4953125 0.3541666666666667 0.4953125 0.3611111111111111 0.490625 0.3680555555555556 0.4875 0.3680555555555556 0.48203125 0.35833333333333334 0.48515625 0.3527777777777778 0.490625 0.35
0 0.58671875 0.44305555555555554 0.59296875 0.44722222222222224 0.59609375 0.45416666666666666 0.5984375 0.4625 0.596875 0.47638888888888886 0.58046875 0.47638888888888886 0.57734375 0.4736111111111111 0.57578125 0.4652777777777778 0.5765625 0.4486111111111111 0.578125 0.4444444444444444 0.5859375 0.44305555555555554
0 0.45625 0.44305555555555554 0.46015625 0.4486111111111111 0.46171875 0.45555555555555555 0.46015625 0.46944444444444444 0.45703125 0.4722222222222222 0.4421875 0.4708333333333333 0.43984375 0.4666666666666667 0.43984375 0.45416666666666666 0.44375 0.4444444444444444 0.45546875 0.44305555555555554
0 0.53359375 0.4027777777777778 0.53828125 0.4111111111111111 0.53828125 0.4236111111111111 0.53671875 0.4263888888888889 0.52421875 0.425 0.52265625 0.42083333333333334 0.5234375 0.40694444444444444 0.52734375 0.4027777777777778 0.5328125 0.4027777777777778
0 0.55859375 0.36527777777777776 0.56171875 0.37083333333333335 0.5609375 0.37777777777777777 0.55390625 0.37777777777777777 0.5515625 0.375 0.553125 0.3638888888888889 0.5578125 0.36527777777777776
0 0.29609375 0.5097222222222222 0.30078125 0.5125 0.30703125 0.5236111111111111 0.309375 0.5402777777777777 0.30859375 0.55 0.2984375 0.5625 0.2921875 0.5611111111111111 0.275 0.5652777777777778 0.26875 0.5652777777777778 0.26640625 0.5583333333333333 0.2671875 0.5347222222222222 0.26953125 0.5208333333333334 0.27734375 0.5111111111111111 0.2953125 0.5097222222222222
0 0.45390625 0.37083333333333335 0.45859375 0.3736111111111111 0.45859375 0.38055555555555554 0.45546875 0.3875 0.4515625 0.3875 0.44765625 0.38055555555555554 0.44765625 0.3763888888888889 0.453125 0.37083333333333335
0 0.471875 0.35833333333333334 0.475 0.3611111111111111 0.475 0.36666666666666664 0.47109375 0.3736111111111111 0.46640625 0.3736111111111111 0.46484375 0.36944444444444446 0.46484375 0.3638888888888889 0.47109375 0.35833333333333334
0 0.521875 0.3486111111111111 0.525 0.35555555555555557 0.52578125 0.36527777777777776 0.51875 0.36666666666666664 0.5171875 0.3625 0.51875 0.3541666666666667 0.521875 0.35
0 0.3953125 0.475 0.40078125 0.48333333333333334 0.40078125 0.5041666666666667 0.396875 0.5097222222222222 0.37734375 0.5111111111111111 0.37265625 0.5097222222222222 0.3703125 0.5013888888888889 0.37421875 0.4791666666666667 0.38125 0.4722222222222222 0.39140625 0.4722222222222222 0.39453125 0.475
0 0.58203125 0.3972222222222222 0.59140625 0.40694444444444444 0.590625 0.41805555555555557 0.5796875 0.41805555555555557 0.57734375 0.4152777777777778 0.57734375 0.4027777777777778 0.58125 0.3972222222222222
0 0.6234375 0.4388888888888889 0.6265625 0.44166666666666665 0.63203125 0.4583333333333333 0.6296875 0.4708333333333333 0.6140625 0.46805555555555556 0.6078125 0.46111111111111114 0.60859375 0.4444444444444444 0.6109375 0.44027777777777777 0.62265625 0.4388888888888889
0 0.4 0.4166666666666667 0.40546875 0.425 0.40546875 0.43472222222222223 0.40234375 0.44166666666666665 0.38984375 0.44166666666666665 0.3859375 0.4388888888888889 0.3859375 0.42916666666666664 0.3890625 0.41944444444444445 0.39921875 0.4166666666666667
0 0.47265625 0.3486111111111111 0.475 0.34305555555555556 0.48046875 0.3402777777777778 0.484375 0.3472222222222222 0.48359375 0.3527777777777778 0.48046875 0.35694444444444445 0.475 0.35694444444444445 0.4734375 0.35
0 0.44921875 0.38333333333333336 0.453125 0.3875 0.453125 0.4 0.45078125 0.4027777777777778 0.44140625 0.4013888888888889 0.440625 0.39861111111111114 0.44140625 0.3888888888888889 0.4484375 0.38333333333333336
0 0.4265625 0.38472222222222224 0.43125 0.39166666666666666 0.4296875 0.4 0.41796875 0.39861111111111114 0.41875 0.3888888888888889 0.42578125 0.38472222222222224
0 0.25625 0.6972222222222222 0.278125 0.7166666666666667 0.28046875 0.7277777777777777 0.28046875 0.7583333333333333 0.27890625 0.7652777777777777 0.27265625 0.7694444444444445 0.259375 0.7888888888888889 0.25703125 0.8069444444444445 0.253125 0.8152777777777778 0.23359375 0.8138888888888889 0.1984375 0.8180555555555555 0.1921875 0.8166666666666667 0.1890625 0.8069444444444445 0.18828125 0.7777777777777778 0.19921875 0.7277777777777777 0.21015625 0.7083333333333334 0.21953125 0.6986111111111111 0.23046875 0.6958333333333333 0.25546875 0.6972222222222222
0 0.42734375 0.41944444444444445 0.43046875 0.4236111111111111 0.4328125 0.43333333333333335 0.43203125 0.44166666666666665 0.42890625 0.4444444444444444 0.41796875 0.4444444444444444 0.41328125 0.4375 0.4140625 0.42777777777777776 0.4171875 0.42083333333333334 0.4265625 0.41944444444444445
0 0.83203125 0.6902777777777778 0.859375 0.7 0.87265625 0.7125 0.8921875 0.7430555555555556 0.90625 0.775 0.909375 0.7888888888888889 0.9078125 0.8097222222222222 0.90390625 0.8194444444444444 0.90078125 0.8208333333333333 0.8765625 0.8097222222222222 0.8484375 0.8097222222222222 0.84453125 0.8055555555555556 0.83984375 0.7847222222222222 0.82421875 0.7638888888888888 0.8171875 0.7638888888888888 0.81328125 0.7597222222222222 0.81171875 0.7513888888888889 0.8125 0.7319444444444444 0.81796875 0.7027777777777777 0.8203125 0.6958333333333333 0.83125 0.6902777777777778
0 0.68984375 0.7861111111111111 0.703125 0.7888888888888889 0.71640625 0.8 0.73046875 0.8291666666666667 0.74296875 0.8666666666666667 0.74453125 0.8694444444444445 0.746875 0.8652777777777778 0.7515625 0.8652777777777778 0.7515625 0.8694444444444445 0.746875 0.8777777777777778 0.746875 0.8833333333333333 0.7578125 0.9152777777777777 0.759375 0.9402777777777778 0.75625 0.9722222222222222 0.75 0.9805555555555555 0.7015625 0.9777777777777777 0.68515625 0.9680555555555556 0.68203125 0.9694444444444444 0.67578125 0.9597222222222223 0.6734375 0.9472222222222222 0.67265625 0.9236111111111112 0.6609375 0.8875 0.65390625 0.875 0.65234375 0.8347222222222223 0.65625 0.8083333333333333 0.66875 0.7902777777777777 0.67890625 0.7861111111111111 0.6890625 0.7861111111111111
0 0.4640625 0.36527777777777776 0.46640625 0.37083333333333335 0.46484375 0.37916666666666665 0.45859375 0.37916666666666665 0.45703125 0.3763888888888889 0.45703125 0.37083333333333335 0.46328125 0.36527777777777776
0 0.0578125 0.7972222222222223 0.06640625 0.8013888888888889 0.09453125 0.8027777777777778 0.0984375 0.8166666666666667 0.0953125 0.8472222222222222 0.0921875 0.8541666666666666 0.07890625 0.8638888888888889 0.05 0.8972222222222223 0.0453125 0.9166666666666666 0.03984375 0.925 0.02265625 0.9319444444444445 0 0.9291666666666667 0 0.8055555555555556 0.0109375 0.7986111111111112 0.02421875 0.7958333333333333 0.05703125 0.7972222222222223
0 0.45 0.3527777777777778 0.45234375 0.3611111111111111 0.4515625 0.36944444444444446 0.4453125 0.37777777777777777 0.4390625 0.3763888888888889 0.43828125 0.35694444444444445 0.44453125 0.35138888888888886 0.44921875 0.3527777777777778
0 0.4421875 0.4027777777777778 0.44453125 0.41388888888888886 0.44375 0.42083333333333334 0.43046875 0.42083333333333334 0.42890625 0.4166666666666667 0.43125 0.4027777777777778 0.44140625 0.4027777777777778
0 0.46796875 0.3861111111111111 0.47265625 0.3819444444444444 0.47890625 0.3861111111111111 0.47734375 0.3958333333333333 0.4671875 0.39305555555555555 0.46796875 0.3875
0 0.5359375 0.3541666666666667 0.540625 0.35833333333333334 0.54140625 0.36527777777777776 0.53984375 0.3680555555555556 0.53359375 0.36666666666666664 0.5328125 0.3611111111111111 0.53515625 0.35555555555555557
0 0.48203125 0.3611111111111111 0.48515625 0.36527777777777776 0.48515625 0.3763888888888889 0.48203125 0.37916666666666665 0.47734375 0.37916666666666665 0.47421875 0.37222222222222223 0.47578125 0.3625 0.48125 0.3611111111111111
0 0.42109375 0.5652777777777778 0.42890625 0.575 0.43203125 0.5930555555555556 0.43203125 0.6083333333333333 0.42890625 0.6263888888888889 0.42578125 0.6305555555555555 0.41796875 0.6263888888888889 0.39765625 0.6263888888888889 0.39296875 0.6291666666666667 0.38671875 0.6263888888888889 0.3875 0.5958333333333333 0.39609375 0.5680555555555555 0.39921875 0.5652777777777778 0.4203125 0.5652777777777778
0 0.471875 0.39305555555555555 0.47578125 0.3958333333333333 0.47578125 0.4083333333333333 0.4734375 0.41388888888888886 0.46171875 0.4125 0.46328125 0.3958333333333333 0.46640625 0.39166666666666666 0.47109375 0.39305555555555555