0 0.403125 0.6263888888888889 0.04921875 0.07777777777777778
0 0.213671875 0.6361111111111111 0.06796875 0.07916666666666666
0 0.19296875 0.8395833333333333 0.115625 0.14305555555555555
0 0.332421875 0.5805555555555556 0.04375 0.07222222222222222
0 0.640234375 0.5520833333333334 0.03984375 0.058333333333333334
0 0.66875 0.5166666666666667 0.03828125 0.05277777777777778
0 0.546484375 0.46597222222222223 0.028125 0.04027777777777778
0 0.433984375 0.5083333333333333 0.03359375 0.04861111111111111
0 0.412109375 0.44930555555555557 0.02734375 0.03611111111111111
0 0.6046875 0.4395833333333333 0.01796875 0.02361111111111111
0 0.46015625 0.4236111111111111 0.025 0.027777777777777776
0 0.6015625 0.42083333333333334 0.609375 0.425 0.6140625 0.43472222222222223 0.61484375 0.44166666666666665 0.6125 0.4486111111111111 0.6015625 0.4486111111111111 0.5953125 0.4444444444444444 0.5953125 0.42777777777777776 0.5984375 0.42083333333333334 0.60078125 0.42083333333333334
0 0.22734375 0.7708333333333334 0.24375 0.7736111111111111 0.2484375 0.7777777777777778 0.25 0.7861111111111111 0.25 0.8166666666666667 0.2484375 0.8236111111111111 0.24140625 0.8319444444444445 0.22109375 0.8694444444444445 0.21875 0.8847222222222222 0.21484375 0.8944444444444445 0.19921875 0.9013888888888889 0.17734375 0.9041666666666667 0.1515625 0.9041666666666667 0.140625 0.9 0.13671875 0.8763888888888889 0.1375 0.8513888888888889 0.15859375 0.7986111111111112 0.171875 0.7777777777777778 0.1828125 0.7722222222222223 0.2265625 0.7708333333333334
0 0.540625 0.3638888888888889 0.5453125 0.36944444444444446 0.5453125 0.3763888888888889 0.54375 0.37777777777777777 0.5359375 0.3763888888888889 0.5359375 0.36944444444444446 0.53984375 0.3638888888888889
0 0.5359375 0.3486111111111111 0.5375 0.3527777777777778 0.5375 0.3611111111111111 0.5359375 0.3625 0.5328125 0.3625 0.53046875 0.35833333333333334 0.53125 0.35138888888888886 0.53515625 0.3486111111111111
0 0.44296875 0.4861111111111111 0.44609375 0.4875 0.45078125 0.5013888888888889 0.45078125 0.525 0.44921875 0.5291666666666667 0.42109375 0.5277777777777778 0.42109375 0.5097222222222222 0.425 0.4930555555555556 0.428125 0.4875 0.4421875 0.4861111111111111
0 0.48046875 0.37222222222222223 0.4828125 0.37777777777777777 0.48046875 0.3861111111111111 0.471875 0.3819444444444444 0.4734375 0.375 0.4796875 0.37222222222222223
0 0.415625 0.4 0.41953125 0.4111111111111111 0.41796875 0.42083333333333334 0.40546875 0.42083333333333334 0.403125 0.41805555555555557 0.403125 0.4083333333333333 0.40625 0.4013888888888889 0.41484375 0.4
0 0.4953125 0.35 0.49609375 0.35833333333333334 0.49296875 0.3638888888888889 0.48828125 0.3638888888888889 0.48671875 0.3527777777777778 0.48984375 0.3486111111111111 0.49453125 0.35
0 0.56484375 0.3736111111111111 0.5703125 0.3819444444444444 0.5703125 0.3861111111111111 0.5671875 0.3888888888888889 0.56015625 0.3875 0.55859375 0.38333333333333336 0.559375 0.37777777777777777 0.5640625 0.3736111111111111
0 0.5765625 0.40694444444444444 0.578125 0.39861111111111114 0.58046875 0.3958333333333333 0.58828125 0.3972222222222222 0.5921875 0.40694444444444444 0.59140625 0.4152777777777778 0.58125 0.4166666666666667 0.57734375 0.4125 0.57734375 0.4083333333333333
0 0.34296875 0.4638888888888889 0.34921875 0.4708333333333333 0.3515625 0.48055555555555557 0.3515625 0.49583333333333335 0.34296875 0.5041666666666667 0.32421875 0.5041666666666667 0.32109375 0.5 0.32109375 0.4847222222222222 0.32578125 0.4666666666666667 0.3421875 0.4638888888888889
0 0.45078125 0.3888888888888889 0.45234375 0.4041666666666667 0.45 0.40694444444444444 0.4421875 0.40555555555555556 0.4390625 0.4 0.4390625 0.39305555555555555 0.44140625 0.3888888888888889 0.45 0.3888888888888889
0 0.48515625 0.3541666666666667 0.4890625 0.3611111111111111 0.48515625 0.37083333333333335 0.4796875 0.37083333333333335 0.47734375 0.3625 0.47890625 0.35555555555555557 0.484375 0.3541666666666667
0 0.46640625 0.3611111111111111 0.465625 0.37222222222222223 0.46015625 0.38055555555555554 0.4515625 0.37916666666666665 0.45390625 0.37777777777777777 0.45546875 0.3680555555555556 0.465625 0.3611111111111111
0 0.5484375 0.4486111111111111 0.55390625 0.45555555555555555 0.55703125 0.4666666666666667 0.5546875 0.4847222222222222 0.53671875 0.48333333333333334 0.5328125 0.47638888888888886 0.5328125 0.4597222222222222 0.534375 0.45416666666666666 0.5390625 0.4486111111111111 0.54765625 0.4486111111111111
0 0.465625 0.4166666666666667 0.46796875 0.4305555555555556 0.4671875 0.4361111111111111 0.4640625 0.4388888888888889 0.4515625 0.4375 0.44921875 0.43472222222222223 0.44921875 0.42777777777777776 0.45234375 0.4166666666666667 0.4578125 0.41388888888888886 0.46484375 0.4166666666666667
0 0.34609375 0.5472222222222223 0.35859375 0.5625 0.359375 0.5944444444444444 0.353125 0.5972222222222222 0.34921875 0.6125 0.32578125 0.6097222222222223 0.315625 0.6138888888888889 0.31328125 0.6138888888888889 0.31171875 0.6083333333333333 0.31171875 0.5833333333333334 0.31640625 0.5569444444444445 0.32578125 0.5472222222222223 0.3453125 0.5472222222222223
0 0.665625 0.49166666666666664 0.67578125 0.49444444444444446 0.6796875 0.5 0.68203125 0.5097222222222222 0.68828125 0.5222222222222223 0.68828125 0.5375 0.68671875 0.5402777777777777 0.6625 0.5388888888888889 0.65078125 0.525 0.653125 0.4986111111111111 0.6578125 0.49166666666666664 0.66484375 0.49166666666666664
0 0.475 0.38055555555555554 0.48125 0.38333333333333336 0.47890625 0.3972222222222222 0.46796875 0.3958333333333333 0.46953125 0.3861111111111111 0.47421875 0.38055555555555554
0 0.23046875 0.6013888888888889 0.23671875 0.6083333333333333 0.24453125 0.6097222222222223 0.246875 0.6138888888888889 0.24765625 0.6388888888888888 0.24609375 0.6430555555555556 0.23203125 0.6541666666666667 0.2265625 0.6680555555555555 0.19921875 0.6694444444444444 0.184375 0.6694444444444444 0.18046875 0.6597222222222222 0.18046875 0.6416666666666667 0.190625 0.6166666666666667 0.1953125 0.6069444444444444 0.2015625 0.6013888888888889 0.2296875 0.6013888888888889
0 0.44140625 0.4013888888888889 0.44453125 0.4166666666666667 0.440625 0.4222222222222222 0.4296875 0.4222222222222222 0.428125 0.41944444444444445 0.42890625 0.4041666666666667 0.43828125 0.39861111111111114 0.440625 0.4013888888888889
0 0.51875 0.3625 0.52578125 0.3638888888888889 0.528125 0.37083333333333335 0.52578125 0.37777777777777777 0.51875 0.37777777777777777 0.5171875 0.3736111111111111 0.51875 0.3638888888888889
0 0.6328125 0.5222222222222223 0.64765625 0.5263888888888889 0.653125 0.5347222222222222 0.659375 0.5597222222222222 0.659375 0.5763888888888888 0.6578125 0.5791666666666667 0.63046875 0.5777777777777777 0.621875 0.5666666666666667 0.61953125 0.5597222222222222 0.6203125 0.5388888888888889 0.625 0.525 0.63203125 0.5222222222222223
0 0.45546875 0.35138888888888886 0.4578125 0.3625 0.45 0.37222222222222223 0.44453125 0.3680555555555556 0.44453125 0.3527777777777778 0.45078125 0.3486111111111111 0.4546875 0.35138888888888886
0 0.4203125 0.5916666666666667 0.42734375 0.6027777777777777 0.4296875 0.6222222222222222 0.42890625 0.6333333333333333 0.42109375 0.6583333333333333 0.40703125 0.6541666666666667 0.38046875 0.6569444444444444 0.37890625 0.6527777777777778 0.3796875 0.6236111111111111 0.384375 0.6041666666666666 0.390625 0.5902777777777778 0.41484375 0.5888888888888889 0.41953125 0.5916666666666667
0 0.410546875 0.4513888888888889 0.02421875 0.030555555555555555
0 0.433203125 0.38472222222222224 0.01171875 0.019444444444444445
0 0.484375 0.3388888888888889 0.48671875 0.34305555555555556 0.484375 0.3541666666666667 0.4765625 0.35138888888888886 0.47734375 0.3416666666666667 0.48359375 0.3388888888888889
0 0.4578125 0.37777777777777777 0.459375 0.3902777777777778 0.453125 0.39305555555555555 0.44765625 0.3875 0.44765625 0.38333333333333336 0.45 0.37777777777777777 0.45703125 0.37777777777777777