0 0.234765625 0.6125 0.06171875 0.07361111111111111
0 0.343359375 0.5618055555555556 0.04375 0.06944444444444445
0 0.230859375 0.7715277777777778 0.0953125 0.12083333333333333
0 0.41015625 0.5965277777777778 0.0453125 0.06805555555555555
0 0.659765625 0.5826388888888889 0.04609375 0.07083333333333333
0 0.437109375 0.4930555555555556 0.0328125 0.043055555555555555
0 0.016015625 0.9118055555555555 0.03125 0.09444444444444444
0 0.55078125 0.48333333333333334 0.02890625 0.04583333333333333
0 0.6078125 0.4444444444444444 0.01796875 0.025
0 0.687109375 0.5381944444444444 0.03984375 0.058333333333333334
0 0.414453125 0.44722222222222224 0.02109375 0.029166666666666667
0 0.4625 0.41944444444444445 0.0203125 0.027777777777777776
0 0.612109375 0.4465277777777778 0.021875 0.02361111111111111
0 0.61171875 0.42777777777777776 0.615625 0.4305555555555556 0.61953125 0.4388888888888889 0.6203125 0.44722222222222224 0.61875 0.45555555555555555 0.60625 0.45416666666666666 0.60078125 0.44722222222222224 0.60078125 0.4305555555555556 0.6109375 0.42777777777777776
0 0.24609375 0.7152777777777778 0.275 0.7236111111111111 0.27734375 0.7277777777777777 0.27890625 0.7430555555555556 0.27890625 0.7569444444444444 0.2765625 0.7680555555555556 0.2671875 0.7791666666666667 0.25625 0.7986111111111112 0.2546875 0.8125 0.25 0.8208333333333333 0.23671875 0.825 0.20234375 0.825 0.1953125 0.8277777777777777 0.19140625 0.8277777777777777 0.18671875 0.8208333333333333 0.18359375 0.7958333333333333 0.1875 0.7708333333333334 0.19921875 0.7402777777777778 0.20859375 0.7236111111111111 0.21484375 0.7180555555555556 0.2453125 0.7152777777777778
0 0.541796875 0.3736111111111111 0.01015625 0.013888888888888888
0 0.55 0.3527777777777778 0.55390625 0.3611111111111111 0.55 0.36527777777777776 0.54609375 0.3638888888888889 0.5453125 0.35555555555555557 0.54921875 0.3541666666666667
0 0.5359375 0.35 0.53828125 0.35694444444444445 0.5375 0.3625 0.53125 0.3611111111111111 0.53203125 0.35138888888888886 0.53515625 0.35
0 0.43125 0.4777777777777778 0.4453125 0.475 0.45 0.4791666666666667 0.453125 0.49027777777777776 0.45234375 0.5138888888888888 0.42734375 0.5125 0.42578125 0.5097222222222222 0.4265625 0.4930555555555556 0.43125 0.4791666666666667
0 0.41796875 0.5638888888888889 0.42578125 0.5666666666666667 0.43359375 0.5805555555555556 0.434375 0.6013888888888889 0.42890625 0.625 0.40078125 0.6236111111111111 0.39453125 0.6277777777777778 0.38984375 0.625 0.38984375 0.6111111111111112 0.39140625 0.5902777777777778 0.39609375 0.5722222222222222 0.4 0.5652777777777778 0.4171875 0.5638888888888889
0 0.48125 0.37222222222222223 0.48359375 0.3763888888888889 0.48359375 0.38472222222222224 0.4796875 0.39444444444444443 0.4703125 0.39444444444444443 0.46953125 0.3902777777777778 0.475 0.3736111111111111 0.48046875 0.37222222222222223
0 0.24921875 0.5791666666666667 0.2546875 0.5875 0.26328125 0.5916666666666667 0.26484375 0.6013888888888889 0.26328125 0.6180555555555556 0.2515625 0.6277777777777778 0.24765625 0.6402777777777777 0.21640625 0.6430555555555556 0.20859375 0.6430555555555556 0.2046875 0.6333333333333333 0.2046875 0.6152777777777778 0.215625 0.5875 0.22421875 0.5791666666666667 0.2484375 0.5791666666666667
0 0.41953125 0.39861111111111114 0.421875 0.4097222222222222 0.41953125 0.4166666666666667 0.40703125 0.4166666666666667 0.40546875 0.4125 0.40546875 0.40555555555555556 0.4078125 0.4 0.4109375 0.3972222222222222 0.41875 0.39861111111111114
0 0.59140625 0.4013888888888889 0.5953125 0.4097222222222222 0.59453125 0.42083333333333334 0.58359375 0.42083333333333334 0.5796875 0.4152777777777778 0.5828125 0.4 0.590625 0.4013888888888889
0 0.491796875 0.35555555555555557 0.01015625 0.016666666666666666
0 0.41953125 0.4305555555555556 0.425 0.44166666666666665 0.42421875 0.45555555555555555 0.40859375 0.4583333333333333 0.40390625 0.45694444444444443 0.40234375 0.4527777777777778 0.40546875 0.43472222222222223 0.41015625 0.4305555555555556 0.41875 0.4305555555555556
0 0.56171875 0.37777777777777777 0.5671875 0.3763888888888889 0.57265625 0.3861111111111111 0.57109375 0.39166666666666666 0.56171875 0.3902777777777778 0.56171875 0.37916666666666665
0 0.3484375 0.45694444444444443 0.353125 0.4597222222222222 0.35859375 0.4708333333333333 0.359375 0.4847222222222222 0.3515625 0.49583333333333335 0.33125 0.49583333333333335 0.32890625 0.49166666666666664 0.33125 0.4638888888888889 0.3375 0.45694444444444443 0.34765625 0.45694444444444443
0 0.4515625 0.3875 0.45390625 0.39166666666666666 0.45390625 0.4 0.45 0.4041666666666667 0.4453125 0.4041666666666667 0.44140625 0.3972222222222222 0.44140625 0.3902777777777778 0.44453125 0.3861111111111111 0.45078125 0.3875
0 0.4890625 0.3541666666666667 0.490625 0.3611111111111111 0.4875 0.36944444444444446 0.484375 0.37083333333333335 0.4796875 0.36944444444444446 0.47890625 0.35555555555555557 0.48203125 0.3527777777777778 0.48828125 0.3541666666666667
0 0.4609375 0.3638888888888889 0.4640625 0.36666666666666664 0.46484375 0.3736111111111111 0.46015625 0.37916666666666665 0.45546875 0.3763888888888889 0.45625 0.36666666666666664 0.46015625 0.3638888888888889
0 0.55390625 0.4638888888888889 0.55859375 0.46944444444444444 0.5625 0.48055555555555557 0.5625 0.5 0.56015625 0.5041666666666667 0.54140625 0.5027777777777778 0.5359375 0.49583333333333335 0.5359375 0.47638888888888886 0.5375 0.4708333333333333 0.54296875 0.4638888888888889 0.553125 0.4638888888888889
0 0.35625 0.5291666666666667 0.36484375 0.5388888888888889 0.36875 0.5486111111111112 0.36875 0.5694444444444444 0.3671875 0.575 0.359375 0.5902777777777778 0.3390625 0.5875 0.32890625 0.5916666666666667 0.3265625 0.5916666666666667 0.325 0.5875 0.32421875 0.5694444444444444 0.33046875 0.5375 0.340625 0.5291666666666667 0.35546875 0.5291666666666667
0 0.461328125 0.4215277777777778 0.01796875 0.02361111111111111
0 0.69375 0.5138888888888888 0.70625 0.5430555555555555 0.70546875 0.5597222222222222 0.70390625 0.5625 0.67734375 0.5611111111111111 0.665625 0.5458333333333333 0.66484375 0.525 0.665625 0.5180555555555556 0.66953125 0.5111111111111111 0.67578125 0.5083333333333333 0.69296875 0.5138888888888888
0 0 0.8708333333333333 0.02265625 0.8736111111111111 0.0265625 0.8763888888888889 0.03046875 0.8875 0.03046875 0.9097222222222222 0.025 0.9361111111111111 0.02109375 0.9430555555555555 0.0109375 0.9513888888888888 0 0.9541666666666667 0 0.8722222222222222
0 0.44140625 0.3972222222222222 0.44609375 0.4083333333333333 0.44453125 0.41805555555555557 0.43203125 0.41805555555555557 0.4296875 0.41388888888888886 0.4296875 0.40555555555555556 0.4328125 0.39861111111111114 0.440625 0.3972222222222222
0 0.51875 0.3638888888888889 0.528125 0.36944444444444446 0.5265625 0.37916666666666665 0.51875 0.37916666666666665 0.5171875 0.375 0.51875 0.36527777777777776
0 0.45390625 0.3472222222222222 0.45625 0.35138888888888886 0.45703125 0.3638888888888889 0.4546875 0.36944444444444446 0.44921875 0.3736111111111111 0.4453125 0.36944444444444446 0.44453125 0.3541666666666667 0.44765625 0.3472222222222222 0.453125 0.3472222222222222
0 0.43828125 0.375 0.43984375 0.3861111111111111 0.4328125 0.3902777777777778 0.42890625 0.3888888888888889 0.4296875 0.37777777777777777 0.434375 0.3736111111111111 0.4375 0.375
0 0.66484375 0.5513888888888889 0.6734375 0.5625 0.6828125 0.5888888888888889 0.6828125 0.6138888888888889 0.68125 0.6166666666666667 0.64921875 0.6152777777777778 0.63671875 0.5944444444444444 0.63671875 0.5694444444444444 0.64296875 0.5513888888888889 0.6640625 0.5513888888888889
0 0.45 0.37777777777777777 0.45703125 0.375 0.46015625 0.37916666666666665 0.4609375 0.3861111111111111 0.459375 0.39166666666666666 0.45390625 0.39166666666666666 0.44921875 0.3861111111111111 0.45 0.37916666666666665