0 0.0890625 0.9263888888888889 0.1734375 0.14027777777777778
0 0.0734375 0.8020833333333334 0.115625 0.12083333333333333
0 0.333203125 0.8902777777777777 0.10703125 0.17916666666666667
0 0.7234375 0.6868055555555556 0.0734375 0.10555555555555556
0 0.363671875 0.5298611111111111 0.0359375 0.05694444444444444
0 0.563671875 0.5298611111111111 0.0359375 0.05694444444444444
0 0.283203125 0.6791666666666667 0.07265625 0.09444444444444444
0 0.423828125 0.5534722222222223 0.03671875 0.05694444444444444
0 0.26796875 0.5763888888888888 0.05078125 0.05416666666666667
0 0.444140625 0.47291666666666665 0.028125 0.04027777777777778
0 0.421875 0.43333333333333335 0.0234375 0.03888888888888889
0 0.726953125 0.5861111111111111 0.05390625 0.07361111111111111
0 0.734375 0.6027777777777777 0.040625 0.044444444444444446
0 0.732421875 0.5902777777777778 0.04609375 0.06388888888888888
0 0.626953125 0.4625 0.01875 0.02361111111111111
0 0.621484375 0.4618055555555556 0.0265625 0.029166666666666667
0 0.46796875 0.33611111111111114 0.46953125 0.3375 0.4703125 0.35138888888888886 0.46640625 0.3611111111111111 0.459375 0.3597222222222222 0.4578125 0.3416666666666667 0.46015625 0.33611111111111114 0.4671875 0.33611111111111114
0 0.6296875 0.4444444444444444 0.63515625 0.4625 0.63359375 0.4736111111111111 0.61640625 0.4736111111111111 0.6140625 0.4708333333333333 0.61171875 0.44722222222222224 0.6171875 0.44166666666666665 0.62890625 0.4444444444444444
0 0.4859375 0.3388888888888889 0.4875 0.3486111111111111 0.48203125 0.3541666666666667 0.47890625 0.3527777777777778 0.478125 0.34305555555555556 0.48046875 0.3375 0.48515625 0.3388888888888889
0 0.54609375 0.37083333333333335 0.54921875 0.37777777777777777 0.54765625 0.3861111111111111 0.5390625 0.38333333333333336 0.53984375 0.375 0.5453125 0.37083333333333335
0 0.546875 0.35555555555555557 0.55078125 0.3541666666666667 0.5546875 0.3597222222222222 0.553125 0.36666666666666664 0.54921875 0.36666666666666664 0.54609375 0.3611111111111111 0.546875 0.35694444444444445
0 0.56875 0.5055555555555555 0.57421875 0.5125 0.578125 0.5236111111111111 0.5796875 0.5347222222222222 0.57890625 0.5569444444444445 0.55 0.5541666666666667 0.54609375 0.5416666666666666 0.54609375 0.5166666666666667 0.55 0.5083333333333333 0.55546875 0.5041666666666667 0.56796875 0.5055555555555555
0 0.48203125 0.37083333333333335 0.48515625 0.3763888888888889 0.48203125 0.3902777777777778 0.47109375 0.3902777777777778 0.47265625 0.37777777777777777 0.4765625 0.37222222222222223 0.48125 0.37083333333333335
0 0.57265625 0.3819444444444444 0.57734375 0.3902777777777778 0.57578125 0.3972222222222222 0.56796875 0.3972222222222222 0.5640625 0.39166666666666666 0.5671875 0.38055555555555554 0.571875 0.3819444444444444
0 0.14140625 0.8638888888888889 0.15234375 0.8708333333333333 0.1703125 0.875 0.17421875 0.8791666666666667 0.17578125 0.8861111111111111 0.175 0.9486111111111111 0.16875 0.9597222222222223 0.1609375 0.9597222222222223 0.15859375 0.9625 0.1421875 0.9944444444444445 0.1109375 0.9986111111111111 0.06796875 0.9986111111111111 0.06484375 0.9958333333333333 0.00390625 0.9986111111111111 0 0.9958333333333333 0 0.9666666666666667 0.00546875 0.9472222222222222 0.01171875 0.9361111111111111 0.03203125 0.9083333333333333 0.06640625 0.8680555555555556 0.07890625 0.8625 0.10625 0.8597222222222223 0.140625 0.8638888888888889
0 0.28203125 0.5458333333333333 0.29296875 0.5611111111111111 0.29140625 0.5819444444444445 0.28359375 0.5861111111111111 0.27890625 0.5972222222222222 0.2578125 0.5958333333333333 0.25078125 0.5986111111111111 0.246875 0.5986111111111111 0.24375 0.5944444444444444 0.24296875 0.5763888888888888 0.25234375 0.55 0.25625 0.5458333333333333 0.26953125 0.5430555555555555 0.28125 0.5458333333333333
0 0.37421875 0.5013888888888889 0.38203125 0.5111111111111111 0.38515625 0.5291666666666667 0.384375 0.5402777777777777 0.3765625 0.5527777777777778 0.37265625 0.55 0.3484375 0.5527777777777778 0.34765625 0.55 0.34765625 0.5277777777777778 0.35078125 0.5097222222222222 0.35859375 0.5013888888888889 0.3734375 0.5013888888888889
0 0.49375 0.3472222222222222 0.496875 0.35138888888888886 0.49453125 0.3597222222222222 0.48984375 0.3597222222222222 0.48828125 0.35555555555555557 0.48828125 0.35138888888888886 0.49296875 0.3472222222222222
0 0.59609375 0.4083333333333333 0.60078125 0.4111111111111111 0.60390625 0.41944444444444445 0.6046875 0.42777777777777776 0.60234375 0.43194444444444446 0.5921875 0.43194444444444446 0.5875 0.42777777777777776 0.58671875 0.4166666666666667 0.58828125 0.4111111111111111 0.5953125 0.4083333333333333
0 0.365625 0.44722222222222224 0.36953125 0.4583333333333333 0.3703125 0.4722222222222222 0.36328125 0.48055555555555557 0.35390625 0.48194444444444445 0.34765625 0.48194444444444445 0.34296875 0.47638888888888886 0.34375 0.4597222222222222 0.34609375 0.45 0.3515625 0.4444444444444444 0.36171875 0.4444444444444444 0.36484375 0.44722222222222224
0 0.453125 0.3819444444444444 0.45703125 0.3875 0.45703125 0.39444444444444443 0.45390625 0.39861111111111114 0.446875 0.3972222222222222 0.44453125 0.39166666666666666 0.44609375 0.38333333333333336 0.45234375 0.3819444444444444
0 0.4796875 0.3597222222222222 0.4828125 0.3527777777777778 0.490625 0.3541666666666667 0.49140625 0.35833333333333334 0.4875 0.3680555555555556 0.48125 0.36944444444444446 0.48046875 0.3611111111111111
0 0.3015625 0.6388888888888888 0.30703125 0.6444444444444445 0.31484375 0.6458333333333334 0.3171875 0.65 0.3171875 0.6791666666666667 0.31015625 0.6930555555555555 0.30390625 0.7 0.30078125 0.7166666666666667 0.25859375 0.7180555555555556 0.2546875 0.7208333333333333 0.25 0.7166666666666667 0.24765625 0.6958333333333333 0.24921875 0.6819444444444445 0.25390625 0.6652777777777777 0.26171875 0.6486111111111111 0.26796875 0.6388888888888888 0.275 0.6361111111111111 0.29453125 0.6361111111111111 0.30078125 0.6388888888888888
0 0.46953125 0.3638888888888889 0.46953125 0.35833333333333334 0.47265625 0.3527777777777778 0.47890625 0.3541666666666667 0.478125 0.36527777777777776 0.4703125 0.3638888888888889
0 0.43125 0.5263888888888889 0.43671875 0.5319444444444444 0.44375 0.5569444444444445 0.44296875 0.5666666666666667 0.4375 0.5791666666666667 0.4296875 0.5763888888888888 0.409375 0.5791666666666667 0.40625 0.5736111111111111 0.40703125 0.5472222222222223 0.4109375 0.5319444444444444 0.4171875 0.5263888888888889 0.43046875 0.5263888888888889
0 0.7328125 0.5555555555555556 0.7390625 0.5611111111111111 0.75390625 0.5944444444444444 0.7546875 0.6111111111111112 0.75234375 0.6222222222222222 0.71796875 0.6194444444444445 0.71015625 0.6055555555555555 0.70078125 0.5958333333333333 0.7 0.5708333333333333 0.70625 0.5541666666666667 0.72109375 0.5527777777777778 0.73203125 0.5555555555555556
0 0.42265625 0.39305555555555555 0.42578125 0.4027777777777778 0.425 0.4097222222222222 0.42265625 0.4111111111111111 0.4109375 0.4097222222222222 0.4109375 0.4013888888888889 0.41328125 0.39444444444444443 0.421875 0.39305555555555555
0 0.103125 0.7472222222222222 0.12265625 0.7527777777777778 0.1296875 0.7597222222222222 0.1296875 0.7847222222222222 0.1265625 0.8 0.1234375 0.8055555555555556 0.115625 0.8097222222222222 0.09296875 0.8333333333333334 0.08203125 0.8555555555555555 0.06484375 0.8527777777777777 0.03203125 0.8569444444444444 0.02109375 0.8555555555555555 0.015625 0.8388888888888889 0.01796875 0.8041666666666667 0.0265625 0.7763888888888889 0.0390625 0.7597222222222222 0.05234375 0.7486111111111111 0.0671875 0.7444444444444445 0.09453125 0.7444444444444445 0.10234375 0.7472222222222222
0 0.4453125 0.3902777777777778 0.44921875 0.40694444444444444 0.4453125 0.4125 0.434375 0.4097222222222222 0.43359375 0.4013888888888889 0.43515625 0.39444444444444443 0.44453125 0.39166666666666666
0 0.46640625 0.36527777777777776 0.4671875 0.37083333333333335 0.46328125 0.3763888888888889 0.45859375 0.3763888888888889 0.4578125 0.3680555555555556 0.459375 0.3638888888888889 0.465625 0.36527777777777776
0 0.51875 0.37222222222222223 0.52578125 0.37083333333333335 0.5296875 0.37916666666666665 0.528125 0.3861111111111111 0.52109375 0.3861111111111111 0.51875 0.38472222222222224 0.51875 0.3736111111111111
0 0.46796875 0.4027777777777778 0.47109375 0.4083333333333333 0.4703125 0.4222222222222222 0.45390625 0.42083333333333334 0.45546875 0.4097222222222222 0.459375 0.4027777777777778 0.4671875 0.4027777777777778
0 0.453125 0.3576388888888889 0.0140625 0.02638888888888889
0 0.37421875 0.8097222222222222 0.3828125 0.8208333333333333 0.3828125 0.8555555555555555 0.37109375 0.9166666666666666 0.3671875 0.9263888888888889 0.3640625 0.9611111111111111 0.3578125 0.9680555555555556 0.34765625 0.9708333333333333 0.29453125 0.975 0.2859375 0.9722222222222222 0.2828125 0.9666666666666667 0.2796875 0.9138888888888889 0.284375 0.8944444444444445 0.2890625 0.8861111111111111 0.2921875 0.8638888888888889 0.3015625 0.8319444444444445 0.30234375 0.8236111111111111 0.3125 0.8111111111111111 0.33359375 0.8041666666666667 0.3609375 0.8041666666666667 0.3734375 0.8097222222222222
0 0.43984375 0.37083333333333335 0.44375 0.375 0.44296875 0.38333333333333336 0.440625 0.3861111111111111 0.43203125 0.38472222222222224 0.43359375 0.3736111111111111 0.4390625 0.37083333333333335
0 0.4265625 0.4222222222222222 0.4296875 0.4305555555555556 0.4296875 0.44305555555555554 0.42734375 0.44583333333333336 0.41328125 0.44583333333333336 0.41015625 0.44166666666666665 0.41484375 0.4222222222222222 0.42578125 0.4222222222222222
0 0.725 0.6375 0.73125 0.6430555555555556 0.74140625 0.6611111111111111 0.746875 0.6722222222222223 0.74921875 0.6861111111111111 0.75390625 0.6958333333333333 0.75625 0.7083333333333334 0.75703125 0.7305555555555555 0.753125 0.7375 0.72890625 0.7333333333333333 0.70859375 0.7347222222222223 0.70546875 0.7305555555555555 0.703125 0.7138888888888889 0.6953125 0.7055555555555556 0.68828125 0.6916666666666667 0.68671875 0.6680555555555555 0.6890625 0.6527777777777778 0.69609375 0.6361111111111111 0.71484375 0.6347222222222222 0.72421875 0.6375
0 0.46328125 0.36527777777777776 0.465625 0.37222222222222223 0.4625 0.3763888888888889 0.4625 0.38472222222222224 0.45703125 0.3875 0.45078125 0.38055555555555554 0.453125 0.3736111111111111 0.4625 0.36666666666666664
0 0.5375 0.3541666666666667 0.540625 0.35833333333333334 0.53984375 0.36527777777777776 0.5375 0.36666666666666664 0.53203125 0.3625 0.5328125 0.35694444444444445 0.53515625 0.3527777777777778 0.53671875 0.3541666666666667
0 0.45 0.45694444444444443 0.45546875 0.4597222222222222 0.45703125 0.4638888888888889 0.4578125 0.4861111111111111 0.45625 0.49027777777777776 0.43359375 0.4888888888888889 0.43359375 0.475 0.43671875 0.4625 0.4390625 0.4583333333333333 0.44921875 0.45694444444444443