0 0.948046875 0.8604166666666667 0.103125 0.16805555555555557
0 0.372265625 0.42291666666666666 0.05546875 0.10277777777777777
0 0.572265625 0.5298611111111111 0.03671875 0.058333333333333334
0 0.434375 0.5131944444444444 0.03046875 0.04722222222222222
0 0.893359375 0.96875 0.11875 0.0625
0 0.368359375 0.5243055555555556 0.0328125 0.04861111111111111
0 0.409375 0.5576388888888889 0.03984375 0.06111111111111111
0 0.233203125 0.5965277777777778 0.071875 0.09861111111111111
0 0.6171875 0.44930555555555557 0.0203125 0.03194444444444444
0 0.3078125 0.6138888888888889 0.0703125 0.10833333333333334
0 0.321875 0.5138888888888888 0.03359375 0.043055555555555555
0 0.58203125 0.4625 0.025 0.0375
0 0.39921875 0.4736111111111111 0.02578125 0.0375
0 0.0328125 0.88125 0.065625 0.1388888888888889
0 0.2328125 0.5965277777777778 0.07265625 0.10138888888888889
0 0.530859375 0.41458333333333336 0.01875 0.03611111111111111
0 0.3078125 0.6145833333333334 0.07109375 0.10555555555555556
0 0.32421875 0.5152777777777777 0.04375 0.04861111111111111
0 0.3328125 0.5638888888888889 0.34296875 0.5819444444444445 0.3421875 0.6305555555555555 0.34140625 0.6333333333333333 0.334375 0.6333333333333333 0.32890625 0.6402777777777777 0.328125 0.6611111111111111 0.325 0.6666666666666666 0.31953125 0.6666666666666666 0.31328125 0.6611111111111111 0.29296875 0.6611111111111111 0.28125 0.6666666666666666 0.27578125 0.6486111111111111 0.27734375 0.6333333333333333 0.27578125 0.5944444444444444 0.2796875 0.5847222222222223 0.29609375 0.5652777777777778 0.33203125 0.5638888888888889
0 0.54765625 0.3597222222222222 0.553125 0.35833333333333334 0.55703125 0.36527777777777776 0.553125 0.37222222222222223 0.54921875 0.37083333333333335 0.546875 0.36666666666666664 0.54765625 0.3611111111111111
0 0.56875 0.37777777777777777 0.57421875 0.3819444444444444 0.57421875 0.3958333333333333 0.5625 0.39305555555555555 0.5625 0.38055555555555554 0.56796875 0.37777777777777777
0 0.48203125 0.36527777777777776 0.4859375 0.36944444444444446 0.48359375 0.37777777777777777 0.4765625 0.3763888888888889 0.4765625 0.3680555555555556 0.4796875 0.3638888888888889 0.48125 0.36527777777777776
0 0.58671875 0.44583333333333336 0.590625 0.4486111111111111 0.5953125 0.4583333333333333 0.5953125 0.4736111111111111 0.59296875 0.4791666666666667 0.57578125 0.4777777777777778 0.5734375 0.4736111111111111 0.57421875 0.4513888888888889 0.57890625 0.44583333333333336 0.5859375 0.44583333333333336
0 0.4890625 0.3527777777777778 0.490625 0.3638888888888889 0.48828125 0.37083333333333335 0.48515625 0.37083333333333335 0.4796875 0.3638888888888889 0.48125 0.3541666666666667 0.48828125 0.3527777777777778
0 0.57421875 0.5041666666666667 0.58046875 0.5097222222222222 0.58515625 0.5236111111111111 0.58671875 0.5333333333333333 0.5859375 0.5569444444444445 0.55625 0.5555555555555556 0.55546875 0.5194444444444445 0.55859375 0.5083333333333333 0.56171875 0.5041666666666667 0.5734375 0.5041666666666667
0 0.4359375 0.49166666666666664 0.4421875 0.4930555555555556 0.44921875 0.5097222222222222 0.44921875 0.5291666666666667 0.4453125 0.5347222222222222 0.42734375 0.5347222222222222 0.4203125 0.5277777777777778 0.4203125 0.5138888888888888 0.42421875 0.49722222222222223 0.42734375 0.4930555555555556 0.43515625 0.49166666666666664
0 0.42265625 0.5319444444444444 0.42890625 0.5444444444444444 0.43046875 0.5569444444444445 0.428125 0.5819444444444445 0.425 0.5875 0.41796875 0.5805555555555556 0.3953125 0.5847222222222223 0.39375 0.5833333333333334 0.3921875 0.5708333333333333 0.3921875 0.5611111111111111 0.3953125 0.5458333333333333 0.4015625 0.5333333333333333 0.40625 0.5305555555555556 0.421875 0.5319444444444444
0 0.47890625 0.37777777777777777 0.4828125 0.3861111111111111 0.48046875 0.39305555555555555 0.4734375 0.39305555555555555 0.47109375 0.3888888888888889 0.47109375 0.38333333333333336 0.4734375 0.37916666666666665 0.478125 0.37777777777777777
0 0.47578125 0.34305555555555556 0.47890625 0.3486111111111111 0.4734375 0.35694444444444445 0.4671875 0.35694444444444445 0.465625 0.3486111111111111 0.46875 0.34305555555555556 0.475 0.34305555555555556
0 0.26171875 0.5555555555555556 0.265625 0.5652777777777778 0.26953125 0.5902777777777778 0.26796875 0.6125 0.25078125 0.625 0.24453125 0.6430555555555556 0.23671875 0.6388888888888888 0.215625 0.6388888888888888 0.20625 0.6458333333333334 0.20234375 0.6430555555555556 0.19765625 0.6291666666666667 0.19921875 0.5722222222222222 0.203125 0.5652777777777778 0.21875 0.5527777777777778 0.2328125 0.5486111111111112 0.25390625 0.5486111111111112 0.2578125 0.55 0.2609375 0.5555555555555556
0 0.471875 0.3597222222222222 0.475 0.36527777777777776 0.47109375 0.375 0.46640625 0.375 0.46328125 0.3680555555555556 0.46328125 0.3638888888888889 0.46640625 0.35833333333333334 0.47109375 0.3597222222222222
0 0.865625 0.9472222222222222 0.91328125 0.9513888888888888 0.93828125 0.9791666666666666 0.94375 0.9902777777777778 0.94921875 0.9944444444444445 0.95 0.9986111111111111 0.83359375 0.9986111111111111 0.8328125 0.9902777777777778 0.8359375 0.9611111111111111 0.83828125 0.9541666666666667 0.84609375 0.9486111111111111 0.86484375 0.9472222222222222
0 0.44921875 0.38055555555555554 0.453125 0.38472222222222224 0.453125 0.40694444444444444 0.44921875 0.41388888888888886 0.44140625 0.4125 0.4359375 0.40694444444444444 0.4359375 0.3888888888888889 0.4375 0.38333333333333336 0.43984375 0.38055555555555554 0.4484375 0.38055555555555554
0 0.5546875 0.39305555555555555 0.5609375 0.4 0.56171875 0.4111111111111111 0.559375 0.41388888888888886 0.55234375 0.41388888888888886 0.5484375 0.4097222222222222 0.5484375 0.3972222222222222 0.55390625 0.39305555555555555
0 0.40390625 0.4583333333333333 0.4109375 0.4652777777777778 0.41328125 0.47638888888888886 0.41171875 0.4861111111111111 0.4046875 0.49166666666666664 0.38828125 0.49027777777777776 0.3859375 0.48333333333333334 0.3859375 0.47638888888888886 0.39140625 0.46111111111111114 0.403125 0.4583333333333333
0 0.40625 0.40555555555555556 0.4109375 0.4166666666666667 0.4109375 0.4263888888888889 0.40859375 0.42916666666666664 0.39921875 0.42916666666666664 0.396875 0.425 0.39765625 0.40694444444444444 0.40546875 0.40555555555555556
0 0.38046875 0.5027777777777778 0.38671875 0.5180555555555556 0.38671875 0.5361111111111111 0.38046875 0.5444444444444444 0.359375 0.5458333333333333 0.3546875 0.5458333333333333 0.353125 0.5402777777777777 0.35234375 0.5236111111111111 0.35546875 0.5111111111111111 0.359375 0.5041666666666667 0.36484375 0.5013888888888889 0.375 0.5 0.3796875 0.5027777777777778
0 0.39296875 0.37916666666666665 0.3953125 0.38333333333333336 0.396875 0.4013888888888889 0.39609375 0.4388888888888889 0.39140625 0.4527777777777778 0.38046875 0.4666666666666667 0.3765625 0.46805555555555556 0.34765625 0.4652777777777778 0.3453125 0.4513888888888889 0.34453125 0.4027777777777778 0.35078125 0.3902777777777778 0.36015625 0.38333333333333336 0.36953125 0.37916666666666665 0.3921875 0.37916666666666665
0 0.46328125 0.4125 0.4671875 0.4166666666666667 0.46875 0.4236111111111111 0.4671875 0.43472222222222223 0.453125 0.43472222222222223 0.4515625 0.43194444444444446 0.453125 0.41805555555555557 0.45625 0.41388888888888886 0.4625 0.4125
0 0.43515625 0.40694444444444444 0.44140625 0.41388888888888886 0.44140625 0.42916666666666664 0.42734375 0.4305555555555556 0.425 0.42777777777777776 0.42421875 0.42083333333333334 0.4265625 0.4111111111111111 0.434375 0.4083333333333333
0 0.52578125 0.36666666666666664 0.5296875 0.375 0.5265625 0.38333333333333336 0.52109375 0.38333333333333336 0.51796875 0.3763888888888889 0.51953125 0.3680555555555556 0.525 0.36666666666666664
0 0.46171875 0.36666666666666664 0.4640625 0.3736111111111111 0.459375 0.38333333333333336 0.45390625 0.3819444444444444 0.45078125 0.37777777777777777 0.45078125 0.3736111111111111 0.45390625 0.36666666666666664 0.4609375 0.36666666666666664
0 0.5375 0.40694444444444444 0.54140625 0.4166666666666667 0.54140625 0.425 0.5390625 0.43194444444444446 0.528125 0.4305555555555556 0.52578125 0.4263888888888889 0.528125 0.4097222222222222 0.53671875 0.40694444444444444
0 0.94375 0.7819444444444444 0.965625 0.7958333333333333 0.978125 0.8083333333333333 0.98515625 0.8180555555555555 0.9953125 0.8430555555555556 0.996875 0.8541666666666666 0.99921875 0.8555555555555555 0.99921875 0.9402777777777778 0.9609375 0.9388888888888889 0.94921875 0.9347222222222222 0.94453125 0.9277777777777778 0.9421875 0.9152777777777777 0.92734375 0.8930555555555556 0.91796875 0.8833333333333333 0.9109375 0.8708333333333333 0.90078125 0.8680555555555556 0.896875 0.8611111111111112 0.89609375 0.8472222222222222 0.89921875 0.8041666666666667 0.9 0.7986111111111112 0.9046875 0.7902777777777777 0.91328125 0.7805555555555556 0.94296875 0.7819444444444444
0 0 0.8111111111111111 0.025 0.8111111111111111 0.0375 0.8180555555555555 0.059375 0.8180555555555555 0.0625 0.8222222222222222 0.06484375 0.8347222222222223 0.0625 0.8680555555555556 0.05859375 0.8763888888888889 0.05 0.8791666666666667 0.01484375 0.9152777777777777 0.01171875 0.9222222222222223 0.00859375 0.9402777777777778 0 0.9458333333333333 0 0.8125
0 0.42890625 0.35138888888888886 0.4328125 0.35833333333333334 0.4359375 0.38472222222222224 0.434375 0.3888888888888889 0.42734375 0.39305555555555555 0.41953125 0.40555555555555556 0.4109375 0.40555555555555556 0.403125 0.4 0.403125 0.3625 0.40703125 0.35555555555555557 0.41171875 0.3527777777777778 0.428125 0.35138888888888886
0 0.47265625 0.39444444444444443 0.47578125 0.40694444444444444 0.47109375 0.4125 0.4640625 0.4125 0.4625 0.39861111111111114 0.4671875 0.39305555555555555 0.471875 0.39444444444444443
0 0.44921875 0.3597222222222222 0.45078125 0.3736111111111111 0.4484375 0.37777777777777777 0.440625 0.37777777777777777 0.4390625 0.36944444444444446 0.440625 0.3597222222222222 0.4484375 0.3597222222222222
0 0.3296875 0.49166666666666664 0.3375 0.4986111111111111 0.34140625 0.5111111111111111 0.340625 0.5222222222222223 0.33125 0.5333333333333333 0.32578125 0.5305555555555556 0.30625 0.5333333333333333 0.303125 0.5236111111111111 0.303125 0.5152777777777777 0.31171875 0.49444444444444446 0.32265625 0.49027777777777776 0.32890625 0.49166666666666664
0 0.5453125 0.3840277777777778 0.0125 0.018055555555555554
0 0.61953125 0.4361111111111111 0.6265625 0.4444444444444444 0.6296875 0.45694444444444443 0.62890625 0.4638888888888889 0.6265625 0.4666666666666667 0.609375 0.4652777777777778 0.60703125 0.46111111111111114 0.60703125 0.4444444444444444 0.609375 0.4375 0.61875 0.4361111111111111
0 0.55703125 0.36666666666666664 0.5625 0.37083333333333335 0.5640625 0.37777777777777777 0.5609375 0.38333333333333336 0.55625 0.3819444444444444 0.55390625 0.3763888888888889 0.55625 0.3680555555555556
0 0.53046875 0.3888888888888889 0.5359375 0.3958333333333333 0.5359375 0.4013888888888889 0.52734375 0.4083333333333333 0.521875 0.40694444444444444 0.52109375 0.4 0.52421875 0.3902777777777778 0.5296875 0.3888888888888889
0 0.535546875 0.3597222222222222 0.00859375 0.013888888888888888