0 0.417578125 0.5402777777777777 0.034375 0.05277777777777778
0 0.59140625 0.5895833333333333 0.04453125 0.07916666666666666
0 0.0703125 0.7923611111111111 0.109375 0.11666666666666667
0 0.63359375 0.46944444444444444 0.025 0.03333333333333333
0 0.327734375 0.5854166666666667 0.06015625 0.09722222222222222
0 0.298828125 0.9576388888888889 0.11328125 0.08472222222222223
0 0.59609375 0.4861111111111111 0.0328125 0.043055555555555555
0 0.376171875 0.42083333333333334 0.0515625 0.1
0 0.25625 0.56875 0.06015625 0.08055555555555556
0 0.3328125 0.49930555555555556 0.03359375 0.044444444444444446
0 0.379296875 0.5104166666666666 0.02890625 0.044444444444444446
0 0.43984375 0.5027777777777778 0.028125 0.04861111111111111
0 0.463671875 0.4166666666666667 0.01796875 0.02638888888888889
0 0.32890625 0.9166666666666666 0.34375 0.9180555555555555 0.346875 0.9208333333333333 0.3515625 0.9347222222222222 0.35390625 0.9458333333333333 0.35234375 0.9986111111111111 0.29453125 0.9986111111111111 0.29296875 0.9958333333333333 0.24296875 0.9986111111111111 0.2421875 0.9944444444444445 0.246875 0.9833333333333333 0.25078125 0.9652777777777778 0.2578125 0.9458333333333333 0.26484375 0.9347222222222222 0.2859375 0.9166666666666666 0.328125 0.9166666666666666
0 0.55 0.38055555555555554 0.55390625 0.3888888888888889 0.55234375 0.3972222222222222 0.54296875 0.3972222222222222 0.540625 0.39166666666666666 0.54375 0.38055555555555554 0.54921875 0.38055555555555554
0 0.340625 0.5388888888888889 0.35 0.5430555555555555 0.35546875 0.5541666666666667 0.35625 0.6027777777777777 0.346875 0.6069444444444444 0.34375 0.6166666666666667 0.34296875 0.6291666666666667 0.3390625 0.6319444444444444 0.33125 0.6236111111111111 0.3140625 0.625 0.30390625 0.6305555555555555 0.3 0.6277777777777778 0.29765625 0.6166666666666667 0.29765625 0.5680555555555555 0.303125 0.5541666666666667 0.31484375 0.5416666666666666 0.33984375 0.5388888888888889
0 0.48984375 0.3527777777777778 0.4921875 0.35833333333333334 0.490625 0.3680555555555556 0.4875 0.3736111111111111 0.48203125 0.36527777777777776 0.48125 0.35694444444444445 0.48359375 0.3527777777777778 0.4890625 0.3527777777777778
0 0.5359375 0.35 0.53984375 0.35833333333333334 0.53984375 0.36527777777777776 0.5375 0.3680555555555556 0.53203125 0.36666666666666664 0.53125 0.35694444444444445 0.53515625 0.35138888888888886
0 0.45234375 0.3625 0.4515625 0.3763888888888889 0.44375 0.3763888888888889 0.44140625 0.3736111111111111 0.44140625 0.3625 0.44296875 0.3597222222222222 0.45 0.3597222222222222 0.4515625 0.3625
0 0.5203125 0.37222222222222223 0.52734375 0.37083333333333335 0.53125 0.3819444444444444 0.5296875 0.3875 0.51953125 0.3861111111111111 0.51875 0.37777777777777777 0.5203125 0.3736111111111111
0 0.4703125 0.35208333333333336 0.0109375 0.015277777777777777
0 0.2796875 0.5305555555555556 0.28671875 0.5430555555555555 0.2875 0.5847222222222223 0.275 0.5930555555555556 0.26875 0.6125 0.26484375 0.6125 0.26171875 0.6083333333333333 0.24375 0.6069444444444444 0.23515625 0.6138888888888889 0.23125 0.6138888888888889 0.2265625 0.6013888888888889 0.2265625 0.5541666666666667 0.228125 0.5458333333333333 0.246875 0.5291666666666667 0.27578125 0.5277777777777778 0.27890625 0.5305555555555556
0 0.46875 0.4097222222222222 0.47109375 0.425 0.4671875 0.42916666666666664 0.45625 0.42777777777777776 0.45390625 0.41944444444444445 0.45859375 0.4083333333333333 0.46484375 0.40694444444444444 0.46796875 0.4097222222222222
0 0.4703125 0.35694444444444445 0.475 0.3611111111111111 0.475 0.37083333333333335 0.471875 0.375 0.465625 0.3736111111111111 0.4640625 0.3638888888888889 0.46953125 0.35833333333333334
0 0.525 0.39861111111111114 0.5328125 0.3958333333333333 0.5375 0.4 0.53984375 0.40694444444444444 0.53984375 0.4152777777777778 0.525 0.41805555555555557 0.52265625 0.41388888888888886 0.525 0.4
0 0.559375 0.37222222222222223 0.56484375 0.37222222222222223 0.56875 0.37916666666666665 0.5671875 0.3861111111111111 0.5625 0.3875 0.55859375 0.3819444444444444 0.559375 0.3736111111111111
0 0.41171875 0.4513888888888889 0.41640625 0.4597222222222222 0.41796875 0.46944444444444444 0.41328125 0.48055555555555557 0.39609375 0.48055555555555557 0.3921875 0.475 0.39296875 0.4638888888888889 0.396875 0.4527777777777778 0.4 0.45 0.4109375 0.4513888888888889
0 0.521875 0.3541666666666667 0.52734375 0.3611111111111111 0.52890625 0.36527777777777776 0.528125 0.36944444444444446 0.51875 0.36944444444444446 0.51796875 0.3638888888888889 0.52109375 0.35555555555555557
0 0.40859375 0.4 0.41328125 0.40694444444444444 0.4140625 0.41388888888888886 0.41328125 0.4222222222222222 0.4109375 0.425 0.40390625 0.425 0.40078125 0.4166666666666667 0.4015625 0.4041666666666667 0.4078125 0.4
0 0.559765625 0.4131944444444444 0.01640625 0.02361111111111111
0 0.578125 0.38472222222222224 0.58046875 0.39166666666666666 0.57890625 0.4013888888888889 0.56640625 0.4 0.565625 0.3875 0.56875 0.3819444444444444 0.57734375 0.38472222222222224
0 0.57421875 0.5555555555555556 0.578125 0.5527777777777778 0.59375 0.5541666666666667 0.59921875 0.5583333333333333 0.60546875 0.5722222222222222 0.61015625 0.5972222222222222 0.609375 0.6236111111111111 0.5859375 0.6208333333333333 0.571875 0.6236111111111111 0.56875 0.5930555555555556 0.56953125 0.5722222222222222 0.57421875 0.5569444444444445
0 0.38515625 0.4875 0.39375 0.49722222222222223 0.3953125 0.5027777777777778 0.39453125 0.5194444444444445 0.3875 0.5277777777777778 0.375 0.5263888888888889 0.3703125 0.5291666666666667 0.36484375 0.5291666666666667 0.3640625 0.5263888888888889 0.3640625 0.5138888888888888 0.3671875 0.49444444444444446 0.37421875 0.4875 0.384375 0.4875
0 0.396875 0.37777777777777777 0.4 0.3875 0.4 0.43333333333333335 0.396875 0.44583333333333336 0.3828125 0.46111111111111114 0.35546875 0.46111111111111114 0.35390625 0.4583333333333333 0.35234375 0.44583333333333336 0.353125 0.39305555555555555 0.35625 0.3875 0.36796875 0.37916666666666665 0.37734375 0.3763888888888889 0.39609375 0.37777777777777777
0 0.43984375 0.40555555555555556 0.44375 0.4152777777777778 0.44375 0.4222222222222222 0.44140625 0.4263888888888889 0.4296875 0.425 0.428125 0.42083333333333334 0.43125 0.40555555555555556 0.4390625 0.40555555555555556
0 0.47890625 0.3763888888888889 0.4828125 0.38055555555555554 0.4828125 0.3875 0.48046875 0.39166666666666666 0.471875 0.3888888888888889 0.47265625 0.38055555555555554 0.478125 0.3763888888888889
0 0.4625 0.36527777777777776 0.4640625 0.3680555555555556 0.4640625 0.37777777777777777 0.46171875 0.3819444444444444 0.45703125 0.3819444444444444 0.4515625 0.3763888888888889 0.4546875 0.36666666666666664 0.46171875 0.36527777777777776
0 0.4515625 0.37916666666666665 0.45625 0.38333333333333336 0.45625 0.39166666666666666 0.45390625 0.40694444444444444 0.45 0.4111111111111111 0.4453125 0.4111111111111111 0.43828125 0.4027777777777778 0.4375 0.3888888888888889 0.4421875 0.37916666666666665 0.45078125 0.37916666666666665
0 0.5390625 0.41805555555555557 0.546875 0.43194444444444446 0.54609375 0.44166666666666665 0.54296875 0.44583333333333336 0.5328125 0.44583333333333336 0.52890625 0.4375 0.53046875 0.4222222222222222 0.53828125 0.41805555555555557
0 0.6296875 0.4513888888888889 0.6390625 0.45555555555555555 0.64296875 0.4638888888888889 0.6453125 0.4722222222222222 0.6453125 0.48333333333333334 0.64296875 0.4875 0.62578125 0.4861111111111111 0.61953125 0.4791666666666667 0.61953125 0.4597222222222222 0.6234375 0.4527777777777778 0.62890625 0.4513888888888889
0 0.44453125 0.4777777777777778 0.44765625 0.4791666666666667 0.45390625 0.49444444444444446 0.453125 0.5097222222222222 0.45 0.5180555555555556 0.43359375 0.5166666666666667 0.42734375 0.5125 0.42578125 0.5083333333333333 0.42734375 0.49166666666666664 0.43046875 0.48055555555555557 0.44375 0.4777777777777778
0 0.0921875 0.7375 0.10390625 0.7458333333333333 0.11640625 0.7458333333333333 0.1203125 0.75 0.12265625 0.7638888888888888 0.12109375 0.7930555555555555 0.11640625 0.7986111111111112 0.10859375 0.7972222222222223 0.10078125 0.8041666666666667 0.08515625 0.8277777777777777 0.0828125 0.8402777777777778 0.0796875 0.8458333333333333 0.04609375 0.8444444444444444 0.0296875 0.8486111111111111 0.021875 0.8472222222222222 0.015625 0.8319444444444445 0.01640625 0.8069444444444445 0.02734375 0.7680555555555556 0.03828125 0.7527777777777778 0.04921875 0.7444444444444445 0.075 0.7375 0.09140625 0.7375
0 0.596875 0.4666666666666667 0.60234375 0.46944444444444444 0.61015625 0.48194444444444445 0.60859375 0.5055555555555555 0.58515625 0.5041666666666667 0.58359375 0.5013888888888889 0.5828125 0.4777777777777778 0.584375 0.4722222222222222 0.5875 0.46805555555555556 0.59609375 0.4666666666666667
0 0.43203125 0.35 0.43515625 0.35833333333333334 0.43828125 0.38333333333333336 0.434375 0.39305555555555555 0.42265625 0.40555555555555556 0.415625 0.40555555555555556 0.40703125 0.39444444444444443 0.4046875 0.36527777777777776 0.40703125 0.35694444444444445 0.4140625 0.35138888888888886 0.43125 0.35
0 0.321875 0.48333333333333334 0.3421875 0.4791666666666667 0.346875 0.48333333333333334 0.35078125 0.49166666666666664 0.35078125 0.5069444444444444 0.34375 0.5180555555555556 0.325 0.5166666666666667 0.31953125 0.5194444444444445 0.3171875 0.5180555555555556 0.315625 0.5041666666666667 0.321875 0.4847222222222222
0 0.4734375 0.39166666666666666 0.47578125 0.3958333333333333 0.475 0.4083333333333333 0.46796875 0.4083333333333333 0.46328125 0.4013888888888889 0.46484375 0.39305555555555555 0.47265625 0.39166666666666666
0 0.55390625 0.3611111111111111 0.5578125 0.3680555555555556 0.55703125 0.375 0.55234375 0.375 0.5484375 0.37083333333333335 0.54921875 0.3611111111111111 0.553125 0.3611111111111111
0 0.48046875 0.3625 0.4859375 0.3680555555555556 0.4875 0.3736111111111111 0.48515625 0.3763888888888889 0.478125 0.375 0.4765625 0.36944444444444446 0.4796875 0.3638888888888889
0 0.428125 0.5138888888888888 0.43203125 0.5194444444444445 0.43515625 0.5361111111111111 0.43515625 0.5527777777777778 0.43203125 0.5625 0.42578125 0.5597222222222222 0.403125 0.5625 0.40078125 0.5569444444444445 0.40078125 0.5361111111111111 0.40390625 0.5236111111111111 0.4078125 0.5166666666666667 0.4109375 0.5138888888888888 0.42734375 0.5138888888888888