0 0.354296875 0.54375 0.046875 0.08055555555555556
0 0.68828125 0.8951388888888889 0.1046875 0.20555555555555555
0 0.165625 0.6798611111111111 0.07109375 0.08472222222222223
0 0.3578125 0.7805555555555556 0.08125 0.13055555555555556
0 0.642578125 0.5659722222222222 0.04453125 0.06388888888888888
0 0.1296875 0.9215277777777777 0.16171875 0.15416666666666667
0 0.4265625 0.5069444444444444 0.03203125 0.04583333333333333
0 0.678125 0.5256944444444445 0.040625 0.05277777777777778
0 0.386328125 0.41944444444444445 0.04921875 0.09722222222222222
0 0.573046875 0.43472222222222223 0.02265625 0.030555555555555555
0 0.35078125 0.4777777777777778 0.03046875 0.03611111111111111
0 0.546875 0.4652777777777778 0.0296875 0.04583333333333333
0 0.548828125 0.46805555555555556 0.02578125 0.03611111111111111
0 0.294140625 0.5305555555555556 0.0484375 0.07083333333333333
0 0.44765625 0.4722222222222222 0.02578125 0.041666666666666664
0 0.46328125 0.3611111111111111 0.46640625 0.36944444444444446 0.4640625 0.3763888888888889 0.4484375 0.37222222222222223 0.45234375 0.37222222222222223 0.45703125 0.3638888888888889 0.4625 0.3611111111111111
0 0.3640625 0.7180555555555556 0.38359375 0.7222222222222222 0.39375 0.7305555555555555 0.396875 0.7375 0.39453125 0.7763888888888889 0.3859375 0.8055555555555556 0.3828125 0.8319444444444445 0.3796875 0.8361111111111111 0.37265625 0.8333333333333334 0.3390625 0.8347222222222223 0.32890625 0.8416666666666667 0.32421875 0.8416666666666667 0.32109375 0.8375 0.31796875 0.8208333333333333 0.31796875 0.7930555555555555 0.3265625 0.7527777777777778 0.33828125 0.7222222222222222 0.36328125 0.7180555555555556
0 0.55859375 0.36666666666666664 0.5625 0.375 0.56171875 0.37916666666666665 0.55859375 0.38055555555555554 0.55234375 0.37777777777777777 0.55 0.37083333333333335 0.55234375 0.3638888888888889 0.5578125 0.36666666666666664
0 0.565625 0.38055555555555554 0.5734375 0.38055555555555554 0.57734375 0.3902777777777778 0.57578125 0.3972222222222222 0.5671875 0.3972222222222222 0.56484375 0.3902777777777778 0.565625 0.3819444444444444
0 0.48046875 0.36944444444444446 0.48046875 0.3611111111111111 0.48671875 0.35138888888888886 0.49140625 0.35555555555555557 0.49140625 0.3638888888888889 0.4859375 0.37083333333333335 0.48125 0.36944444444444446
0 0.571875 0.4222222222222222 0.578125 0.42777777777777776 0.58203125 0.4361111111111111 0.58125 0.44583333333333336 0.57890625 0.45 0.56640625 0.45 0.56328125 0.44722222222222224 0.5625 0.43194444444444446 0.5640625 0.425 0.57109375 0.4222222222222222
0 0.453125 0.45555555555555555 0.45859375 0.4652777777777778 0.459375 0.4736111111111111 0.45703125 0.4875 0.4390625 0.4861111111111111 0.43515625 0.48055555555555557 0.4390625 0.4583333333333333 0.4421875 0.45555555555555555 0.45234375 0.45555555555555555
0 0.4375 0.4875 0.440625 0.4930555555555556 0.44140625 0.5263888888888889 0.43984375 0.5291666666666667 0.43203125 0.525 0.41640625 0.5291666666666667 0.41328125 0.5222222222222223 0.41484375 0.5013888888888889 0.41875 0.4888888888888889 0.42109375 0.4861111111111111 0.43671875 0.4875
0 0.45234375 0.3541666666666667 0.45703125 0.36527777777777776 0.45390625 0.37222222222222223 0.446875 0.37222222222222223 0.44453125 0.36944444444444446 0.4453125 0.35833333333333334 0.4515625 0.3541666666666667
0 0.54140625 0.41805555555555557 0.54609375 0.4222222222222222 0.55 0.43194444444444446 0.55 0.4375 0.54609375 0.44583333333333336 0.53203125 0.44583333333333336 0.52890625 0.44166666666666665 0.5296875 0.4236111111111111 0.53515625 0.41805555555555557 0.540625 0.41805555555555557
0 0.5359375 0.3541666666666667 0.540625 0.3638888888888889 0.53984375 0.37222222222222223 0.534375 0.37222222222222223 0.5328125 0.36666666666666664 0.5359375 0.35555555555555557
0 0.53046875 0.3819444444444444 0.53359375 0.3902777777777778 0.5328125 0.39861111111111114 0.52265625 0.39861111111111114 0.52109375 0.3958333333333333 0.52265625 0.3819444444444444 0.5296875 0.3819444444444444
0 0.1984375 0.85 0.20390625 0.8527777777777777 0.21015625 0.8722222222222222 0.2078125 0.9319444444444445 0.20234375 0.9430555555555555 0.19375 0.9458333333333333 0.1703125 0.9944444444444445 0.15625 0.9986111111111111 0.14921875 0.9986111111111111 0.146875 0.9958333333333333 0.14375 0.9986111111111111 0.140625 0.9958333333333333 0.13828125 0.9986111111111111 0.10703125 0.9986111111111111 0.10390625 0.9958333333333333 0.05546875 0.9986111111111111 0.05234375 0.9930555555555556 0.0515625 0.9763888888888889 0.0578125 0.9513888888888888 0.0734375 0.9166666666666666 0.1125 0.8541666666666666 0.11953125 0.85 0.1359375 0.8472222222222222 0.19765625 0.85
0 0.47421875 0.3416666666666667 0.4765625 0.3458333333333333 0.47578125 0.35138888888888886 0.47265625 0.35555555555555557 0.46640625 0.35555555555555557 0.465625 0.3486111111111111 0.46640625 0.34444444444444444 0.4734375 0.3416666666666667
0 0.44609375 0.3736111111111111 0.45703125 0.3763888888888889 0.45859375 0.3888888888888889 0.45625 0.4013888888888889 0.44921875 0.40694444444444444 0.440625 0.39444444444444443 0.44140625 0.38055555555555554 0.4453125 0.375
0 0.55546875 0.39305555555555555 0.5609375 0.4041666666666667 0.55859375 0.4125 0.54921875 0.4125 0.54609375 0.4083333333333333 0.546875 0.3958333333333333 0.5546875 0.39305555555555555
0 0.39921875 0.4652777777777778 0.40234375 0.4666666666666667 0.40703125 0.4777777777777778 0.40859375 0.4861111111111111 0.4078125 0.49444444444444446 0.40234375 0.5013888888888889 0.38671875 0.5027777777777778 0.38203125 0.5027777777777778 0.3796875 0.4986111111111111 0.3828125 0.4736111111111111 0.3875 0.4666666666666667 0.3984375 0.4652777777777778
0 0.415625 0.39444444444444443 0.4203125 0.4 0.4203125 0.41388888888888886 0.41875 0.4166666666666667 0.4109375 0.4166666666666667 0.409375 0.41388888888888886 0.409375 0.39861111111111114 0.4109375 0.39444444444444443 0.41484375 0.39444444444444443
0 0.5359375 0.3458333333333333 0.5390625 0.35138888888888886 0.5390625 0.3611111111111111 0.5328125 0.35833333333333334 0.5328125 0.35138888888888886 0.53515625 0.3472222222222222
0 0.58828125 0.3958333333333333 0.59140625 0.4027777777777778 0.59140625 0.4166666666666667 0.578125 0.4166666666666667 0.5765625 0.4125 0.57578125 0.4041666666666667 0.57890625 0.3958333333333333 0.5875 0.3958333333333333
0 0.3703125 0.5069444444444444 0.3734375 0.5111111111111111 0.3765625 0.5222222222222223 0.3765625 0.5583333333333333 0.36953125 0.5638888888888889 0.36796875 0.5763888888888888 0.3640625 0.5791666666666667 0.35859375 0.575 0.3421875 0.575 0.33515625 0.5805555555555556 0.33125 0.5791666666666667 0.32890625 0.5652777777777778 0.33046875 0.5541666666666667 0.3296875 0.525 0.33125 0.5180555555555556 0.3390625 0.5083333333333333 0.34609375 0.5055555555555555 0.36484375 0.5041666666666667 0.36953125 0.5069444444444444
0 0.36796875 0.44722222222222224 0.365625 0.4361111111111111 0.36484375 0.3861111111111111 0.36875 0.37916666666666665 0.3890625 0.37083333333333335 0.40390625 0.37083333333333335 0.4078125 0.37916666666666665 0.409375 0.39305555555555555 0.4078125 0.39861111111111114 0.40703125 0.42916666666666664 0.40234375 0.4388888888888889 0.39375 0.4486111111111111 0.36875 0.44722222222222224
0 0.43984375 0.3958333333333333 0.446875 0.4041666666666667 0.44765625 0.41388888888888886 0.44453125 0.41805555555555557 0.4359375 0.41805555555555557 0.4328125 0.41388888888888886 0.4328125 0.4 0.4390625 0.3958333333333333
0 0.47421875 0.38472222222222224 0.478125 0.39166666666666666 0.478125 0.4 0.4765625 0.4013888888888889 0.47265625 0.4013888888888889 0.465625 0.39444444444444443 0.46953125 0.3861111111111111 0.4734375 0.38472222222222224
0 0.5546875 0.4513888888888889 0.5609375 0.46111111111111114 0.56015625 0.4847222222222222 0.55859375 0.4861111111111111 0.54296875 0.4861111111111111 0.5375 0.47638888888888886 0.5390625 0.45555555555555555 0.54296875 0.45 0.55390625 0.4513888888888889
0 0.675 0.5 0.684375 0.5041666666666667 0.69375 0.5236111111111111 0.69609375 0.5416666666666666 0.69296875 0.55 0.6671875 0.5472222222222223 0.65859375 0.5347222222222222 0.65859375 0.5083333333333333 0.665625 0.5 0.67421875 0.5
0 0.1828125 0.6402777777777777 0.18984375 0.6472222222222223 0.2 0.6513888888888889 0.20234375 0.6805555555555556 0.19921875 0.6888888888888889 0.18203125 0.6958333333333333 0.178125 0.7138888888888889 0.175 0.7180555555555556 0.16796875 0.7152777777777778 0.1453125 0.7152777777777778 0.13671875 0.7194444444444444 0.13359375 0.7194444444444444 0.1296875 0.7125 0.13046875 0.6777777777777778 0.13671875 0.6569444444444444 0.15 0.6430555555555556 0.175 0.6375 0.18203125 0.6402777777777777
0 0.43671875 0.3472222222222222 0.44140625 0.37222222222222223 0.440625 0.37777777777777777 0.42890625 0.3972222222222222 0.42109375 0.3972222222222222 0.4125 0.3902777777777778 0.41171875 0.35694444444444445 0.41328125 0.3527777777777778 0.4203125 0.3486111111111111 0.4359375 0.3472222222222222
0 0.646875 0.5361111111111111 0.6546875 0.5472222222222223 0.66171875 0.5680555555555555 0.6609375 0.5930555555555556 0.6578125 0.5958333333333333 0.62578125 0.5916666666666667 0.61796875 0.5736111111111111 0.62109375 0.5430555555555555 0.628125 0.5361111111111111 0.64609375 0.5361111111111111
0 0.47109375 0.4 0.47421875 0.40555555555555556 0.47421875 0.4166666666666667 0.471875 0.41944444444444445 0.4609375 0.41944444444444445 0.45859375 0.4166666666666667 0.459375 0.40555555555555556 0.4625 0.4 0.4703125 0.4
0 0.3578125 0.46111111111111114 0.3625 0.4638888888888889 0.3671875 0.4777777777777778 0.365625 0.49166666666666664 0.36015625 0.49583333333333335 0.3390625 0.49583333333333335 0.33671875 0.4888888888888889 0.3375 0.4777777777777778 0.3421875 0.4638888888888889 0.35703125 0.46111111111111114
0 0.309375 0.49444444444444446 0.3140625 0.5 0.31875 0.5180555555555556 0.31875 0.5444444444444444 0.309375 0.5527777777777778 0.30390625 0.5625 0.28203125 0.5597222222222222 0.27734375 0.5638888888888889 0.27265625 0.5638888888888889 0.26953125 0.5527777777777778 0.26953125 0.5180555555555556 0.27109375 0.5111111111111111 0.28203125 0.49722222222222223 0.30859375 0.49444444444444446
0 0.41953125 0.43472222222222223 0.42578125 0.44722222222222224 0.425 0.4583333333333333 0.42109375 0.4625 0.4078125 0.4625 0.403125 0.45555555555555555 0.40390625 0.44722222222222224 0.40859375 0.4375 0.41875 0.43472222222222223
0 0.67265625 0.7944444444444444 0.68828125 0.7986111111111112 0.6953125 0.8041666666666667 0.70625 0.825 0.71640625 0.8513888888888889 0.72421875 0.8805555555555555 0.7265625 0.8847222222222222 0.734375 0.8861111111111111 0.734375 0.8902777777777777 0.7296875 0.8972222222222223 0.7390625 0.9527777777777777 0.73828125 0.9930555555555556 0.734375 0.9972222222222222 0.72265625 0.9944444444444445 0.67265625 0.9944444444444445 0.65859375 0.9875 0.65625 0.9833333333333333 0.6546875 0.9486111111111111 0.6453125 0.925 0.64140625 0.9069444444444444 0.63671875 0.8986111111111111 0.63515625 0.8902777777777777 0.63515625 0.8625 0.6390625 0.8277777777777777 0.64921875 0.8027777777777778 0.65703125 0.7958333333333333 0.671875 0.7944444444444444
0 0.5265625 0.36527777777777776 0.52890625 0.3763888888888889 0.52578125 0.37916666666666665 0.521875 0.37916666666666665 0.51953125 0.3736111111111111 0.52109375 0.36527777777777776 0.52578125 0.36527777777777776
0 0.480078125 0.37916666666666665 0.01171875 0.016666666666666666