0 0.716796875 0.5659722222222222 0.040625 0.06111111111111111
0 0.37421875 0.7395833333333334 0.06640625 0.1125
0 0.098046875 0.7472222222222222 0.19609375 0.41805555555555557
0 0.548828125 0.45902777777777776 0.028125 0.03888888888888889
0 0.41953125 0.5097222222222222 0.03359375 0.05
0 0.30078125 0.6243055555555556 0.05546875 0.075
0 0.66015625 0.5715277777777777 0.04375 0.06805555555555555
0 0.281640625 0.5423611111111111 0.04296875 0.05416666666666667
0 0.391796875 0.48333333333333334 0.03203125 0.044444444444444446
0 0.427734375 0.39652777777777776 0.03671875 0.08888888888888889
0 0.691796875 0.9222222222222223 0.09609375 0.15
0 0.450390625 0.44930555555555557 0.025 0.03333333333333333
0 0.47265625 0.3548611111111111 0.009375 0.015277777777777777
0 0.58671875 0.3958333333333333 0.59140625 0.4027777777777778 0.59140625 0.4125 0.58828125 0.4152777777777778 0.58046875 0.41388888888888886 0.578125 0.4097222222222222 0.57890625 0.39861111111111114 0.58046875 0.3958333333333333 0.5859375 0.3958333333333333
0 0.31875 0.5902777777777778 0.32734375 0.6055555555555555 0.32890625 0.6236111111111111 0.32734375 0.6347222222222222 0.3203125 0.6444444444444445 0.3171875 0.6569444444444444 0.31015625 0.6541666666666667 0.28828125 0.6541666666666667 0.27890625 0.6597222222222222 0.275 0.6527777777777778 0.2734375 0.6402777777777777 0.28515625 0.5958333333333333 0.2890625 0.5902777777777778 0.296875 0.5875 0.31484375 0.5875 0.31796875 0.5902777777777778
0 0.5765625 0.4125 0.58125 0.425 0.58046875 0.43472222222222223 0.5671875 0.43472222222222223 0.5640625 0.4305555555555556 0.5640625 0.4166666666666667 0.5671875 0.4111111111111111 0.57265625 0.4097222222222222 0.57578125 0.4125
0 0.5359375 0.35 0.53984375 0.3527777777777778 0.540625 0.3625 0.5328125 0.3625 0.5328125 0.3541666666666667 0.53515625 0.35138888888888886
0 0.546875 0.3347222222222222 0.5484375 0.3375 0.54765625 0.35138888888888886 0.5421875 0.35 0.540625 0.34444444444444444 0.54140625 0.33611111111111114 0.54609375 0.3347222222222222
0 0.4859375 0.3625 0.4890625 0.3680555555555556 0.48828125 0.375 0.4859375 0.37777777777777777 0.48046875 0.37777777777777777 0.478125 0.37222222222222223 0.4796875 0.3638888888888889 0.48515625 0.3625
0 0.4765625 0.3819444444444444 0.48046875 0.3888888888888889 0.48046875 0.39444444444444443 0.478125 0.39861111111111114 0.46875 0.3972222222222222 0.46875 0.3875 0.47109375 0.38333333333333336 0.47578125 0.3819444444444444
0 0.55078125 0.44305555555555554 0.55546875 0.44583333333333336 0.5609375 0.4583333333333333 0.56015625 0.4736111111111111 0.5578125 0.4777777777777778 0.540625 0.4777777777777778 0.53671875 0.4722222222222222 0.5359375 0.4597222222222222 0.53828125 0.4486111111111111 0.54296875 0.44305555555555554 0.55 0.44305555555555554
0 0.5328125 0.4 0.53828125 0.4027777777777778 0.540625 0.41805555555555557 0.53671875 0.4222222222222222 0.52578125 0.41944444444444445 0.5265625 0.40555555555555556 0.52890625 0.4013888888888889 0.53203125 0.4013888888888889
0 0.2984375 0.5180555555555556 0.3046875 0.5263888888888889 0.3046875 0.5444444444444444 0.30390625 0.5527777777777778 0.2984375 0.5569444444444445 0.29453125 0.5652777777777778 0.27734375 0.5611111111111111 0.26484375 0.5652777777777778 0.2609375 0.5597222222222222 0.2609375 0.5402777777777777 0.26640625 0.525 0.271875 0.5166666666666667 0.29453125 0.5152777777777777 0.29765625 0.5180555555555556
0 0.39921875 0.4625 0.40703125 0.4736111111111111 0.40703125 0.4847222222222222 0.40390625 0.49444444444444446 0.39765625 0.4986111111111111 0.3796875 0.4986111111111111 0.375 0.4875 0.3765625 0.4777777777777778 0.38203125 0.4666666666666667 0.38828125 0.4625 0.3984375 0.4625
0 0.40234375 0.3638888888888889 0.40546875 0.3680555555555556 0.40859375 0.4083333333333333 0.4078125 0.4222222222222222 0.40390625 0.43333333333333335 0.39375 0.44583333333333336 0.3859375 0.45 0.371875 0.45 0.365625 0.44305555555555554 0.3625 0.42777777777777776 0.36171875 0.37777777777777777 0.365625 0.37222222222222223 0.3796875 0.36527777777777776 0.4015625 0.3638888888888889
0 0.45625 0.43472222222222223 0.4609375 0.44305555555555554 0.4609375 0.45555555555555555 0.4578125 0.46111111111111114 0.44609375 0.46111111111111114 0.44140625 0.45555555555555555 0.4421875 0.44305555555555554 0.4453125 0.4361111111111111 0.45546875 0.43472222222222223
0 0.45703125 0.36944444444444446 0.4609375 0.38055555555555554 0.459375 0.3875 0.45546875 0.3875 0.4484375 0.38055555555555554 0.45 0.3736111111111111 0.45625 0.36944444444444446
0 0.46640625 0.36527777777777776 0.46796875 0.3763888888888889 0.4640625 0.3819444444444444 0.46015625 0.3819444444444444 0.45859375 0.36944444444444446 0.46015625 0.36527777777777776 0.465625 0.36527777777777776
0 0.16171875 0.5416666666666666 0.16484375 0.5444444444444444 0.16640625 0.5569444444444445 0.16953125 0.5625 0.17734375 0.5652777777777778 0.18125 0.5708333333333333 0.184375 0.5902777777777778 0.19140625 0.5986111111111111 0.19453125 0.6069444444444444 0.1953125 0.625 0.1921875 0.6319444444444444 0.19375 0.6888888888888889 0.1890625 0.7 0.18671875 0.7166666666666667 0.18046875 0.7291666666666666 0.16875 0.7333333333333333 0.1625 0.7444444444444445 0.1515625 0.7541666666666667 0.146875 0.7625 0.1453125 0.775 0.13671875 0.7902777777777777 0.128125 0.7944444444444444 0.1125 0.7930555555555555 0.10625 0.8055555555555556 0.0859375 0.8319444444444445 0.084375 0.8375 0.0765625 0.8430555555555556 0.065625 0.8597222222222223 0.0453125 0.8833333333333333 0.04140625 0.8972222222222223 0.040625 0.9180555555555555 0.03671875 0.9277777777777778 0.021875 0.9444444444444444 0.01484375 0.9458333333333333 0.00859375 0.9416666666666667 0.00234375 0.9638888888888889 0 0.9638888888888889 0 0.8416666666666667 0.00234375 0.8388888888888889 0 0.8361111111111111 0 0.6694444444444444 0.00234375 0.6666666666666666 0.00234375 0.6569444444444444 0 0.6541666666666667 0 0.5875 0.08125 0.5416666666666666 0.1609375 0.5416666666666666
0 0.71171875 0.5347222222222222 0.7234375 0.5388888888888889 0.7296875 0.55 0.73671875 0.5736111111111111 0.73515625 0.5916666666666667 0.70625 0.5916666666666667 0.70078125 0.5805555555555556 0.6953125 0.5777777777777777 0.69375 0.5638888888888889 0.69765625 0.5402777777777777 0.70234375 0.5347222222222222 0.7109375 0.5347222222222222
0 0.43984375 0.3541666666666667 0.44296875 0.35555555555555557 0.44609375 0.3763888888888889 0.446875 0.3972222222222222 0.44453125 0.41805555555555557 0.44296875 0.425 0.4359375 0.4375 0.42578125 0.4388888888888889 0.41640625 0.4388888888888889 0.41015625 0.43333333333333335 0.41015625 0.36527777777777776 0.41875 0.35694444444444445 0.4390625 0.3541666666666667
0 0.44921875 0.38055555555555554 0.45625 0.3861111111111111 0.45625 0.3972222222222222 0.44609375 0.39861111111111114 0.4453125 0.3902777777777778 0.4484375 0.3819444444444444
0 0.55078125 0.37222222222222223 0.55234375 0.37916666666666665 0.55078125 0.38472222222222224 0.54140625 0.38472222222222224 0.53984375 0.3819444444444444 0.54140625 0.37222222222222223 0.54609375 0.36944444444444446 0.55 0.37222222222222223
0 0.65703125 0.5416666666666666 0.66875 0.5458333333333333 0.67578125 0.5597222222222222 0.68203125 0.5847222222222223 0.68203125 0.5916666666666667 0.678125 0.6055555555555555 0.64765625 0.6027777777777777 0.6390625 0.5861111111111111 0.63828125 0.5652777777777778 0.6421875 0.5444444444444444 0.64453125 0.5416666666666666 0.65625 0.5416666666666666
0 0.41796875 0.5291666666666667 0.4078125 0.5291666666666667 0.40546875 0.5263888888888889 0.40546875 0.5152777777777777 0.41015625 0.49166666666666664 0.415625 0.4861111111111111 0.42734375 0.4861111111111111 0.43515625 0.5 0.43515625 0.5166666666666667 0.43203125 0.5291666666666667 0.41875 0.5277777777777778
0 0.55 0.35694444444444445 0.55703125 0.3597222222222222 0.5609375 0.3680555555555556 0.56015625 0.37222222222222223 0.5546875 0.37222222222222223 0.55078125 0.36527777777777776 0.55 0.35833333333333334
0 0.3890625 0.6861111111111111 0.40078125 0.6930555555555555 0.4078125 0.7055555555555556 0.409375 0.7166666666666667 0.409375 0.7444444444444445 0.40078125 0.7583333333333333 0.4015625 0.7819444444444444 0.396875 0.7916666666666666 0.38671875 0.7847222222222222 0.3609375 0.7861111111111111 0.34921875 0.7916666666666666 0.3453125 0.7916666666666666 0.34296875 0.7875 0.34375 0.7486111111111111 0.35546875 0.6958333333333333 0.3625 0.6875 0.38828125 0.6861111111111111
0 0.56796875 0.375 0.57265625 0.38333333333333336 0.571875 0.3902777777777778 0.56328125 0.3902777777777778 0.56171875 0.3875 0.56171875 0.37777777777777777 0.5671875 0.375
0 0.6953125 0.8527777777777777 0.703125 0.8583333333333333 0.709375 0.8680555555555556 0.72421875 0.9055555555555556 0.73203125 0.9361111111111111 0.734375 0.9402777777777778 0.73828125 0.9375 0.74453125 0.9402777777777778 0.7453125 0.9472222222222222 0.740625 0.9555555555555556 0.740625 0.9666666666666667 0.74765625 0.9916666666666667 0.74765625 0.9986111111111111 0.7109375 0.9986111111111111 0.709375 0.9958333333333333 0.66328125 0.9986111111111111 0.65546875 0.9944444444444445 0.65625 0.9902777777777778 0.64921875 0.9777777777777777 0.6484375 0.9694444444444444 0.64140625 0.9541666666666667 0.6421875 0.9152777777777777 0.64609375 0.8972222222222223 0.646875 0.8819444444444444 0.65546875 0.8694444444444445 0.65703125 0.8597222222222223 0.66015625 0.8541666666666666 0.6703125 0.85 0.69453125 0.8527777777777777
0 0.52578125 0.3527777777777778 0.52890625 0.3611111111111111 0.52890625 0.36666666666666664 0.52734375 0.3680555555555556 0.52265625 0.3680555555555556 0.51953125 0.3638888888888889 0.5203125 0.35694444444444445 0.525 0.3527777777777778
0 0.4703125 0.4125 0.4734375 0.41944444444444445 0.471875 0.43194444444444446 0.45625 0.43194444444444446 0.4546875 0.42916666666666664 0.4546875 0.41944444444444445 0.45703125 0.41388888888888886 0.4625 0.4097222222222222 0.46953125 0.4125