0 0.417578125 0.575 0.03828125 0.0625
0 0.196484375 0.8027777777777778 0.1140625 0.15694444444444444
0 0.582421875 0.5680555555555555 0.04296875 0.07222222222222222
0 0.5453125 0.4513888888888889 0.0234375 0.03611111111111111
0 0.9375 0.9666666666666667 0.1171875 0.06666666666666667
0 0.930859375 0.8326388888888889 0.11328125 0.15138888888888888
0 0.359765625 0.5291666666666667 0.03671875 0.05277777777777778
0 0.359375 0.7534722222222222 0.08359375 0.13055555555555556
0 0.604296875 0.4722222222222222 0.025 0.0375
0 0.2140625 0.5652777777777778 0.17421875 0.2375
0 0.213671875 0.5652777777777778 0.175 0.2361111111111111
0 0.42890625 0.46944444444444444 0.0234375 0.027777777777777776
0 0.402734375 0.39166666666666666 0.03515625 0.07361111111111111
0 0.414453125 0.45208333333333334 0.03203125 0.041666666666666664
0 0.33515625 0.4861111111111111 0.03359375 0.03888888888888889
0 0.465625 0.41597222222222224 0.028125 0.041666666666666664
0 0.36015625 0.6902777777777778 0.38125 0.6930555555555555 0.39765625 0.7069444444444445 0.4 0.7125 0.39921875 0.7583333333333333 0.39453125 0.7666666666666667 0.390625 0.7819444444444444 0.38984375 0.8083333333333333 0.38671875 0.8138888888888889 0.38125 0.8138888888888889 0.3734375 0.8083333333333333 0.33828125 0.8097222222222222 0.32890625 0.8208333333333333 0.32421875 0.8166666666666667 0.321875 0.8027777777777778 0.32265625 0.7638888888888888 0.33203125 0.7125 0.34296875 0.6930555555555555 0.359375 0.6902777777777778
0 0.41796875 0.43194444444444446 0.4234375 0.4388888888888889 0.425 0.44583333333333336 0.41484375 0.46111111111111114 0.403125 0.4597222222222222 0.39921875 0.4527777777777778 0.40625 0.43472222222222223 0.4171875 0.43194444444444446
0 0.55625 0.38472222222222224 0.55859375 0.3902777777777778 0.5578125 0.4 0.546875 0.4 0.5453125 0.3958333333333333 0.54765625 0.38472222222222224 0.55546875 0.38472222222222224
0 0.60546875 0.45555555555555555 0.6109375 0.4597222222222222 0.6140625 0.4666666666666667 0.61640625 0.48194444444444445 0.615625 0.49166666666666664 0.59453125 0.49166666666666664 0.5921875 0.4888888888888889 0.590625 0.48333333333333334 0.59140625 0.4625 0.59453125 0.45555555555555555 0.6046875 0.45555555555555555
0 0.540625 0.3541666666666667 0.54375 0.35833333333333334 0.54296875 0.36944444444444446 0.53671875 0.36944444444444446 0.53515625 0.36666666666666664 0.5359375 0.35555555555555557 0.53984375 0.3541666666666667
0 0.419140625 0.575 0.03828125 0.06111111111111111
0 0.5703125 0.3875 0.57890625 0.3875 0.5828125 0.4 0.58125 0.4041666666666667 0.5703125 0.4041666666666667 0.56875 0.4013888888888889 0.5703125 0.3888888888888889
0 0.28984375 0.4527777777777778 0.29375 0.4666666666666667 0.296875 0.4708333333333333 0.3 0.4875 0.3046875 0.49583333333333335 0.30390625 0.5569444444444445 0.2984375 0.5736111111111111 0.290625 0.5777777777777777 0.2828125 0.5958333333333333 0.2703125 0.5958333333333333 0.2546875 0.6083333333333333 0.24609375 0.6402777777777777 0.22578125 0.6694444444444444 0.209375 0.6708333333333333 0.203125 0.6763888888888889 0.15234375 0.6777777777777778 0.13984375 0.6763888888888889 0.13828125 0.6638888888888889 0.13046875 0.6416666666666667 0.12734375 0.5180555555555556 0.23671875 0.45416666666666666 0.28046875 0.45 0.2890625 0.4527777777777778
0 0.3421875 0.4638888888888889 0.35 0.4722222222222222 0.35078125 0.49166666666666664 0.34140625 0.5013888888888889 0.32109375 0.5013888888888889 0.31953125 0.49166666666666664 0.31953125 0.48194444444444445 0.32421875 0.46805555555555556 0.33125 0.4638888888888889 0.34140625 0.4638888888888889
0 0.44921875 0.3486111111111111 0.45234375 0.3638888888888889 0.4515625 0.375 0.45390625 0.3875 0.4515625 0.3958333333333333 0.45078125 0.4125 0.4453125 0.42083333333333334 0.42890625 0.42083333333333334 0.4234375 0.4166666666666667 0.42421875 0.39166666666666666 0.421875 0.36944444444444446 0.42265625 0.35694444444444445 0.42578125 0.3527777777777778 0.4484375 0.3486111111111111
0 0.609375 0.41944444444444445 0.61171875 0.4222222222222222 0.6140625 0.43333333333333335 0.61171875 0.44305555555555554 0.60078125 0.44305555555555554 0.59609375 0.43472222222222223 0.59609375 0.425 0.59921875 0.41805555555555557 0.60859375 0.41944444444444445
0 0.48046875 0.37083333333333335 0.48359375 0.375 0.48359375 0.38472222222222224 0.4734375 0.38472222222222224 0.47421875 0.375 0.4796875 0.37222222222222223
0 0.36875 0.5041666666666667 0.37265625 0.5083333333333333 0.37734375 0.5222222222222223 0.37734375 0.5361111111111111 0.37421875 0.5472222222222223 0.37109375 0.5513888888888889 0.35625 0.5486111111111112 0.3453125 0.5527777777777778 0.34296875 0.5486111111111112 0.3421875 0.5375 0.34765625 0.5111111111111111 0.3546875 0.5041666666666667 0.36796875 0.5041666666666667
0 0.47109375 0.35833333333333334 0.47265625 0.3680555555555556 0.46875 0.3736111111111111 0.4640625 0.37222222222222223 0.46328125 0.3625 0.46640625 0.35833333333333334 0.4703125 0.35833333333333334
0 0.4625 0.36944444444444446 0.46328125 0.38333333333333336 0.459375 0.3902777777777778 0.453125 0.3902777777777778 0.45234375 0.3763888888888889 0.45625 0.36944444444444446 0.46171875 0.36944444444444446
0 0.221875 0.7375 0.2484375 0.7513888888888889 0.25234375 0.7652777777777777 0.253125 0.7875 0.25 0.8083333333333333 0.2390625 0.8194444444444444 0.2234375 0.8472222222222222 0.22109375 0.8666666666666667 0.215625 0.8736111111111111 0.20234375 0.8708333333333333 0.16171875 0.875 0.1515625 0.8791666666666667 0.1453125 0.8708333333333333 0.14296875 0.8625 0.140625 0.8166666666666667 0.1484375 0.7972222222222223 0.15625 0.7680555555555556 0.1609375 0.7597222222222222 0.178125 0.7416666666666667 0.19375 0.7375 0.22109375 0.7375
0 0.546875 0.4375 0.5515625 0.44305555555555554 0.55390625 0.4513888888888889 0.55234375 0.4666666666666667 0.5359375 0.4652777777777778 0.534375 0.4625 0.53671875 0.44027777777777777 0.5390625 0.4375 0.54609375 0.4375
0 0.89296875 0.7555555555555555 0.91796875 0.7666666666666667 0.93203125 0.7680555555555556 0.95546875 0.7902777777777777 0.9625 0.8097222222222222 0.971875 0.8208333333333333 0.97265625 0.8291666666666667 0.9875 0.8583333333333333 0.9890625 0.8694444444444445 0.98828125 0.8888888888888888 0.98515625 0.9027777777777778 0.98125 0.9083333333333333 0.96328125 0.9 0.92109375 0.8944444444444445 0.9171875 0.8902777777777777 0.91328125 0.8736111111111111 0.9 0.8513888888888889 0.8859375 0.8361111111111111 0.8765625 0.8333333333333334 0.8734375 0.8236111111111111 0.8734375 0.8069444444444445 0.8765625 0.7791666666666667 0.88359375 0.7611111111111111 0.8921875 0.7555555555555555
0 0.4015625 0.3909722222222222 0.0359375 0.07361111111111111
0 0.52734375 0.3638888888888889 0.5328125 0.36944444444444446 0.53125 0.37777777777777777 0.52421875 0.3763888888888889 0.5234375 0.3680555555555556 0.5265625 0.3638888888888889
0 0.559375 0.3638888888888889 0.565625 0.37083333333333335 0.565625 0.38055555555555554 0.5578125 0.38055555555555554 0.5546875 0.375 0.55390625 0.36527777777777776 0.55859375 0.3638888888888889
0 0.46171875 0.4125 0.46796875 0.42083333333333334 0.46640625 0.43333333333333335 0.46328125 0.43472222222222223 0.45390625 0.43333333333333335 0.4515625 0.42777777777777776 0.4515625 0.42083333333333334 0.4546875 0.41388888888888886 0.4609375 0.4125
0 0.92421875 0.9361111111111111 0.94765625 0.9402777777777778 0.95625 0.9458333333333333 0.99296875 0.9930555555555556 0.99375 0.9986111111111111 0.87890625 0.9986111111111111 0.878125 0.9930555555555556 0.88125 0.9708333333333333 0.890625 0.9458333333333333 0.90234375 0.9375 0.9234375 0.9361111111111111
0 0.47265625 0.39444444444444443 0.47734375 0.4 0.47734375 0.4111111111111111 0.475 0.41388888888888886 0.465625 0.41388888888888886 0.4609375 0.4097222222222222 0.46328125 0.3972222222222222 0.471875 0.39444444444444443
0 0.58984375 0.5375 0.5953125 0.5458333333333333 0.596875 0.5583333333333333 0.60234375 0.575 0.60234375 0.5958333333333333 0.60078125 0.6 0.5671875 0.6 0.5640625 0.5958333333333333 0.5609375 0.5819444444444445 0.56171875 0.5486111111111112 0.5671875 0.5347222222222222 0.57421875 0.5333333333333333 0.5890625 0.5375
0 0.49140625 0.3541666666666667 0.490625 0.36944444444444446 0.484375 0.37222222222222223 0.48125 0.36527777777777776 0.484375 0.35833333333333334 0.490625 0.35555555555555557
0 0.5453125 0.3451388888888889 0.0109375 0.020833333333333332
0 0.4296875 0.45 0.43515625 0.4513888888888889 0.4375 0.45555555555555555 0.4390625 0.4777777777777778 0.43671875 0.48194444444444445 0.41796875 0.48194444444444445 0.415625 0.47638888888888886 0.4171875 0.46111111111111114 0.42109375 0.45416666666666666 0.42890625 0.45