0 0.280859375 0.5034722222222222 0.1171875 0.17916666666666667
0 0.348046875 0.5597222222222222 0.04453125 0.06666666666666667
0 0.9046875 0.7861111111111111 0.11640625 0.15416666666666667
0 0.050390625 0.8430555555555556 0.1 0.15
0 0.242578125 0.75 0.08515625 0.10833333333333334
0 0.577734375 0.5194444444444445 0.03984375 0.06111111111111111
0 0.434375 0.5055555555555555 0.034375 0.05694444444444444
0 0.35703125 0.7652777777777777 0.08984375 0.15416666666666667
0 0.38671875 0.5013888888888889 0.03203125 0.044444444444444446
0 0.659375 0.5729166666666666 0.04453125 0.06944444444444445
0 0.548828125 0.45208333333333334 0.0265625 0.04027777777777778
0 0.867578125 0.9 0.17109375 0.19722222222222222
0 0.59765625 0.42291666666666666 0.01796875 0.02361111111111111