0 0.341015625 0.8395833333333333 0.0953125 0.14722222222222223
0 0.405078125 0.6034722222222222 0.046875 0.075
0 0.139453125 0.7256944444444444 0.09921875 0.10833333333333334
0 0.56484375 0.5159722222222223 0.03515625 0.05138888888888889
0 0.2796875 0.6666666666666666 0.0734375 0.10277777777777777
0 0.93515625 0.8534722222222222 0.128125 0.17222222222222222
0 0.60234375 0.6381944444444444 0.05 0.09166666666666666
0 0.401171875 0.3951388888888889 0.0390625 0.07222222222222222
0 0.61875 0.51875 0.03671875 0.05694444444444444
0 0.2578125 0.5701388888888889 0.040625 0.058333333333333334
0 0.615625 0.44375 0.0234375 0.03333333333333333
0 0.57421875 0.44166666666666665 0.02265625 0.03333333333333333
0 0.535546875 0.4215277777777778 0.02265625 0.030555555555555555
0 0.38359375 0.49444444444444446 0.03828125 0.06111111111111111
0 0.439453125 0.4701388888888889 0.02578125 0.03333333333333333
0 0.2625 0.8430555555555556 0.02734375 0.05694444444444444
0 0.37265625 0.7694444444444445 0.38125 0.7736111111111111 0.38515625 0.7791666666666667 0.38671875 0.8083333333333333 0.3859375 0.8277777777777777 0.3796875 0.8486111111111111 0.3796875 0.8541666666666666 0.37578125 0.8583333333333333 0.3703125 0.8958333333333334 0.36640625 0.9013888888888889 0.34765625 0.9013888888888889 0.33125 0.9069444444444444 0.30390625 0.9069444444444444 0.2984375 0.9027777777777778 0.2953125 0.8944444444444445 0.29453125 0.8583333333333333 0.29609375 0.8444444444444444 0.31015625 0.7958333333333333 0.31015625 0.7819444444444444 0.325 0.7680555555555556 0.365625 0.7666666666666667 0.371875 0.7694444444444445
0 0.5890625 0.4013888888888889 0.59296875 0.4041666666666667 0.596875 0.4152777777777778 0.5953125 0.4222222222222222 0.59140625 0.4236111111111111 0.584375 0.4222222222222222 0.58203125 0.41805555555555557 0.5828125 0.4041666666666667 0.58828125 0.4013888888888889
0 0.25546875 0.8027777777777778 0.25859375 0.8055555555555556 0.26640625 0.8027777777777778 0.26953125 0.8097222222222222 0.2734375 0.8097222222222222 0.27890625 0.8041666666666667 0.28203125 0.8055555555555556 0.27890625 0.8277777777777777 0.27265625 0.8416666666666667 0.2625 0.8777777777777778 0.25625 0.8819444444444444 0.2515625 0.8763888888888889 0.25 0.8375 0.2515625 0.8236111111111111 0.2546875 0.8152777777777778 0.265625 0.8152777777777778 0.26640625 0.8125 0.26015625 0.8125 0.2546875 0.8041666666666667
0 0.4859375 0.36666666666666664 0.48828125 0.375 0.48359375 0.3819444444444444 0.48046875 0.3819444444444444 0.478125 0.37083333333333335 0.4796875 0.36666666666666664 0.48515625 0.36666666666666664
0 0.52109375 0.35694444444444445 0.52578125 0.3597222222222222 0.528125 0.36666666666666664 0.5265625 0.37222222222222223 0.52109375 0.37222222222222223 0.51953125 0.36944444444444446 0.52109375 0.35833333333333334
0 0.4625 0.425 0.4671875 0.43472222222222223 0.4671875 0.4444444444444444 0.46484375 0.45 0.44921875 0.45 0.4484375 0.44722222222222224 0.4484375 0.4361111111111111 0.45234375 0.4263888888888889 0.46171875 0.425
0 0.41875 0.5708333333333333 0.425 0.5763888888888888 0.42890625 0.5847222222222223 0.42890625 0.6111111111111112 0.42421875 0.6305555555555555 0.421875 0.6347222222222222 0.396875 0.6319444444444444 0.390625 0.6361111111111111 0.3859375 0.6361111111111111 0.38359375 0.6319444444444444 0.3828125 0.6222222222222222 0.38359375 0.6013888888888889 0.3875 0.5916666666666667 0.38984375 0.5777777777777777 0.39609375 0.5694444444444444 0.41796875 0.5708333333333333
0 0.4421875 0.34305555555555556 0.4453125 0.35 0.4453125 0.3763888888888889 0.43515625 0.3875 0.428125 0.3875 0.42265625 0.38333333333333336 0.42109375 0.35138888888888886 0.4265625 0.34444444444444444 0.44140625 0.34305555555555556
0 0.4734375 0.3875 0.47890625 0.39305555555555555 0.47734375 0.40555555555555556 0.4671875 0.40555555555555556 0.465625 0.4027777777777778 0.465625 0.39305555555555555 0.47265625 0.3875
0 0.57109375 0.49444444444444446 0.58046875 0.5055555555555555 0.58125 0.5361111111111111 0.578125 0.5416666666666666 0.553125 0.5402777777777777 0.54921875 0.5347222222222222 0.54765625 0.5069444444444444 0.55 0.5 0.55625 0.4930555555555556 0.5703125 0.49444444444444446
0 0.62421875 0.49722222222222223 0.634375 0.5180555555555556 0.634375 0.5458333333333333 0.60859375 0.5444444444444444 0.6015625 0.5305555555555556 0.603125 0.5222222222222223 0.60234375 0.5069444444444444 0.60546875 0.49583333333333335 0.615625 0.49444444444444446 0.6234375 0.49722222222222223
0 0.459375 0.35 0.46171875 0.35833333333333334 0.4578125 0.36527777777777776 0.45 0.3638888888888889 0.44921875 0.3541666666666667 0.4515625 0.35 0.45859375 0.35
0 0.61796875 0.42777777777777776 0.62265625 0.4305555555555556 0.62734375 0.44027777777777777 0.62734375 0.45694444444444443 0.62578125 0.4597222222222222 0.60703125 0.4583333333333333 0.6046875 0.45416666666666666 0.60546875 0.43333333333333335 0.60859375 0.42777777777777776 0.6171875 0.42777777777777776
0 0.54140625 0.4125 0.54375 0.41805555555555557 0.54375 0.4305555555555556 0.5421875 0.43472222222222223 0.52890625 0.43472222222222223 0.52734375 0.42777777777777776 0.528125 0.4166666666666667 0.53125 0.4111111111111111 0.540625 0.4125
0 0.27578125 0.5486111111111112 0.28203125 0.5583333333333333 0.2828125 0.5777777777777777 0.28125 0.5819444444444445 0.2734375 0.5875 0.26875 0.5972222222222222 0.25 0.5944444444444444 0.24296875 0.5986111111111111 0.2375 0.5972222222222222 0.23671875 0.5833333333333334 0.2375 0.5708333333333333 0.240625 0.5652777777777778 0.24453125 0.5472222222222223 0.25078125 0.5430555555555555 0.26875 0.5430555555555555 0.275 0.5486111111111112
0 0.35234375 0.4597222222222222 0.35625 0.47638888888888886 0.35546875 0.49583333333333335 0.346875 0.5069444444444444 0.33125 0.5069444444444444 0.3265625 0.5097222222222222 0.32109375 0.5083333333333333 0.31953125 0.5013888888888889 0.3203125 0.4652777777777778 0.3265625 0.4583333333333333 0.334375 0.45555555555555555 0.3515625 0.4597222222222222
0 0.4484375 0.4527777777777778 0.4515625 0.46944444444444444 0.45 0.4847222222222222 0.43046875 0.4847222222222222 0.428125 0.4791666666666667 0.42890625 0.46805555555555556 0.4328125 0.45416666666666666 0.43671875 0.4513888888888889 0.44765625 0.4527777777777778
0 0.46796875 0.3597222222222222 0.46953125 0.3680555555555556 0.4671875 0.3736111111111111 0.46328125 0.3736111111111111 0.4609375 0.36944444444444446 0.4609375 0.3638888888888889 0.46328125 0.3597222222222222 0.4671875 0.3597222222222222
0 0.415625 0.3638888888888889 0.41875 0.37083333333333335 0.41953125 0.38055555555555554 0.41875 0.41388888888888886 0.4125 0.4263888888888889 0.4078125 0.42916666666666664 0.38828125 0.42777777777777776 0.384375 0.4236111111111111 0.3828125 0.41388888888888886 0.3828125 0.3763888888888889 0.3859375 0.37083333333333335 0.396875 0.3638888888888889 0.41484375 0.3638888888888889
0 0.446484375 0.39791666666666664 0.01328125 0.020833333333333332
0 0.578125 0.42777777777777776 0.584375 0.4388888888888889 0.58515625 0.4486111111111111 0.5828125 0.45694444444444443 0.5671875 0.45555555555555555 0.56484375 0.4513888888888889 0.56484375 0.43333333333333335 0.56875 0.42777777777777776 0.57734375 0.42777777777777776
0 0.5671875 0.3763888888888889 0.5671875 0.37916666666666665 0.56015625 0.3875 0.55703125 0.3819444444444444 0.55703125 0.3763888888888889 0.559375 0.37222222222222223 0.56640625 0.375
0 0.60234375 0.5944444444444444 0.61328125 0.6 0.6171875 0.6083333333333333 0.6203125 0.6263888888888889 0.62578125 0.6361111111111111 0.62578125 0.6652777777777777 0.6234375 0.6777777777777778 0.61953125 0.6805555555555556 0.6 0.6763888888888889 0.5875 0.6777777777777778 0.58359375 0.6722222222222223 0.57734375 0.6444444444444445 0.57890625 0.6291666666666667 0.578125 0.6125 0.58359375 0.5972222222222222 0.58671875 0.5944444444444444 0.6015625 0.5944444444444444
0 0.3828125 0.4388888888888889 0.38671875 0.4486111111111111 0.38671875 0.4583333333333333 0.37265625 0.4666666666666667 0.36484375 0.4666666666666667 0.3625 0.4625 0.36171875 0.4527777777777778 0.36328125 0.44722222222222224 0.36875 0.4375 0.37890625 0.4361111111111111 0.38203125 0.4388888888888889
0 0.4171875 0.4375 0.421875 0.4444444444444444 0.4234375 0.45555555555555555 0.421875 0.4638888888888889 0.41796875 0.46805555555555556 0.40625 0.46805555555555556 0.39921875 0.4638888888888889 0.4 0.4513888888888889 0.40546875 0.4388888888888889 0.41640625 0.4375
0 0.384375 0.49375 0.0375 0.059722222222222225
0 0.93125 0.775 0.9421875 0.7805555555555556 0.959375 0.8 0.9703125 0.8277777777777777 0.9796875 0.8402777777777778 0.98125 0.8513888888888889 0.99140625 0.8680555555555556 0.99921875 0.875 0.99921875 0.9208333333333333 0.9953125 0.9333333333333333 0.95546875 0.9305555555555556 0.93984375 0.9222222222222223 0.92734375 0.9222222222222223 0.921875 0.9152777777777777 0.91953125 0.8958333333333334 0.915625 0.8875 0.88671875 0.8486111111111111 0.878125 0.85 0.87265625 0.8444444444444444 0.8703125 0.8180555555555555 0.8703125 0.7805555555555556 0.87421875 0.7708333333333334 0.9046875 0.7708333333333334 0.93046875 0.775
0 0.42109375 0.3875 0.4265625 0.3861111111111111 0.4296875 0.3902777777777778 0.43046875 0.3958333333333333 0.42890625 0.4041666666666667 0.421875 0.40555555555555556 0.4203125 0.4013888888888889 0.42109375 0.3888888888888889
0 0.159375 0.6777777777777778 0.18203125 0.6861111111111111 0.18671875 0.6916666666666667 0.1875 0.7236111111111111 0.1859375 0.7305555555555555 0.1734375 0.7347222222222223 0.16328125 0.7458333333333333 0.1578125 0.7541666666666667 0.1546875 0.7694444444444445 0.1515625 0.7736111111111111 0.14375 0.7694444444444445 0.109375 0.7708333333333334 0.09921875 0.7763888888888889 0.0953125 0.7763888888888889 0.09140625 0.7652777777777777 0.090625 0.7402777777777778 0.0984375 0.7111111111111111 0.10390625 0.6986111111111111 0.12109375 0.6791666666666667 0.13515625 0.6763888888888889 0.15859375 0.6777777777777778
0 0.54375 0.36944444444444446 0.54609375 0.375 0.54609375 0.38333333333333336 0.54453125 0.38472222222222224 0.5375 0.38472222222222224 0.5359375 0.3819444444444444 0.5359375 0.3736111111111111 0.5390625 0.36944444444444446 0.54296875 0.36944444444444446
0 0.4609375 0.36666666666666664 0.4640625 0.3763888888888889 0.46171875 0.3902777777777778 0.4578125 0.39444444444444443 0.45078125 0.39305555555555555 0.44765625 0.3861111111111111 0.44765625 0.375 0.45234375 0.36527777777777776 0.46015625 0.36666666666666664
0 0.43125 0.41388888888888886 0.4359375 0.41805555555555557 0.43828125 0.43472222222222223 0.4359375 0.4388888888888889 0.4234375 0.4388888888888889 0.4203125 0.4361111111111111 0.42109375 0.42083333333333334 0.425 0.4152777777777778 0.43046875 0.4152777777777778
0 0.5703125 0.37916666666666665 0.57421875 0.3875 0.57265625 0.3958333333333333 0.5640625 0.3958333333333333 0.5609375 0.39166666666666666 0.5609375 0.3819444444444444 0.56328125 0.37777777777777777 0.56953125 0.37916666666666665
0 0.54375 0.35555555555555557 0.54609375 0.3486111111111111 0.54921875 0.35 0.55078125 0.3541666666666667 0.55 0.3597222222222222 0.5453125 0.3597222222222222 0.54453125 0.35694444444444445
0 0.49296875 0.3486111111111111 0.49453125 0.35833333333333334 0.49140625 0.3638888888888889 0.4859375 0.3611111111111111 0.48515625 0.35138888888888886 0.4875 0.3472222222222222 0.4921875 0.3486111111111111
0 0.47890625 0.37777777777777777 0.48203125 0.3819444444444444 0.48046875 0.39166666666666666 0.46953125 0.3875 0.471875 0.37916666666666665 0.478125 0.37777777777777777
0 0.53125 0.3819444444444444 0.5359375 0.39166666666666666 0.53359375 0.4 0.52421875 0.4 0.52109375 0.39305555555555555 0.52265625 0.38333333333333336 0.52578125 0.38055555555555554 0.53046875 0.3819444444444444
0 0.5328125 0.35138888888888886 0.53828125 0.35 0.540625 0.35555555555555557 0.540625 0.3638888888888889 0.534375 0.36666666666666664 0.53203125 0.3625 0.5328125 0.3527777777777778
0 0.29765625 0.6152777777777778 0.30703125 0.6277777777777778 0.3109375 0.6291666666666667 0.3140625 0.6375 0.31484375 0.6680555555555555 0.3125 0.6777777777777778 0.30625 0.6819444444444445 0.3015625 0.6902777777777778 0.3 0.7055555555555556 0.296875 0.7111111111111111 0.2796875 0.7069444444444445 0.26171875 0.7097222222222223 0.25625 0.7152777777777778 0.25078125 0.7111111111111111 0.24453125 0.6930555555555555 0.24453125 0.6708333333333333 0.25390625 0.6361111111111111 0.265625 0.6180555555555556 0.296875 0.6152777777777778