0 0.690234375 0.9020833333333333 0.10546875 0.19027777777777777
0 0.417578125 0.5645833333333333 0.0375 0.0625
0 0.37265625 0.7208333333333333 0.0703125 0.10694444444444444
0 0.590234375 0.6013888888888889 0.0484375 0.07916666666666666
0 0.309765625 0.6097222222222223 0.0578125 0.08472222222222223
0 0.66953125 0.6034722222222222 0.0546875 0.08472222222222223
0 0.5421875 0.44583333333333336 0.02109375 0.03194444444444444
0 0.092578125 0.95625 0.13828125 0.0875
0 0.19765625 0.6548611111111111 0.07578125 0.08055555555555556
0 0.639453125 0.46875 0.02421875 0.0375
0 0.186328125 0.6576388888888889 0.05390625 0.0763888888888889
0 0.285546875 0.5430555555555555 0.0375 0.05
0 0.40703125 0.3909722222222222 0.03828125 0.07361111111111111
0 0.59140625 0.4722222222222222 0.025 0.034722222222222224
0 0.3296875 0.675 0.021875 0.07777777777777778
0 0.4078125 0.3909722222222222 0.040625 0.075
0 0.39296875 0.4777777777777778 0.03359375 0.05277777777777778
0 0.34921875 0.47430555555555554 0.028125 0.04722222222222222