0 0.405078125 0.6118055555555556 0.0484375 0.075
0 0.645703125 0.5625 0.04453125 0.06666666666666667
0 0.2265625 0.7666666666666667 0.090625 0.11388888888888889
0 0.260546875 0.5847222222222223 0.0546875 0.06666666666666667
0 0.341796875 0.8840277777777777 0.0953125 0.15694444444444444
0 0.7046875 0.5465277777777777 0.046875 0.06388888888888888
0 0.343359375 0.5486111111111112 0.040625 0.06527777777777778
0 0.562109375 0.5131944444444444 0.03203125 0.05277777777777778
0 0.432421875 0.5180555555555556 0.0296875 0.05138888888888889
0 0.629296875 0.46319444444444446 0.0203125 0.030555555555555555
0 0.54140625 0.42986111111111114 0.0234375 0.03333333333333333
0 0.41640625 0.38680555555555557 0.034375 0.07083333333333333
0 0.407421875 0.45069444444444445 0.03046875 0.05
0 0.416015625 0.3854166666666667 0.034375 0.07083333333333333
0 0.021484375 0.9118055555555555 0.04296875 0.10555555555555556