0 0.753515625 0.6027777777777777 0.06484375 0.08333333333333333
0 0.41328125 0.5840277777777778 0.04375 0.06666666666666667
0 0.68984375 0.6333333333333333 0.06328125 0.09305555555555556
0 0.0625 0.8305555555555556 0.125 0.1486111111111111
0 0.27734375 0.5645833333333333 0.0453125 0.059722222222222225
0 0.365234375 0.7826388888888889 0.0734375 0.12777777777777777
0 0.576953125 0.5673611111111111 0.03828125 0.06527777777777778
0 0.545703125 0.44583333333333336 0.02890625 0.0375
0 0.353515625 0.5298611111111111 0.03515625 0.05555555555555555
0 0.43671875 0.5020833333333333 0.02734375 0.043055555555555555
0 0.262109375 0.7041666666666667 0.07421875 0.09583333333333334
0 0.6453125 0.4840277777777778 0.028125 0.03888888888888889
0 0.419140625 0.38125 0.03359375 0.0625
0 0.251953125 0.7097222222222223 0.05703125 0.0875
0 0.3296875 0.4951388888888889 0.0234375 0.03888888888888889
0 0.596484375 0.425 0.02109375 0.027777777777777776