0 0.09375 0.7826388888888889 0.12421875 0.13055555555555556
0 0.720703125 0.6875 0.07265625 0.10694444444444444
0 0.587890625 0.6069444444444444 0.04296875 0.075
0 0.374609375 0.7451388888888889 0.065625 0.11388888888888889
0 0.787109375 0.6409722222222223 0.07578125 0.09861111111111111
0 0.41640625 0.5722222222222222 0.0421875 0.06111111111111111
0 0.28359375 0.5569444444444445 0.03984375 0.05694444444444444
0 0.274609375 0.6798611111111111 0.06953125 0.0875
0 0.548046875 0.45694444444444443 0.02734375 0.041666666666666664
0 0.656640625 0.49930555555555556 0.03046875 0.043055555555555555
0 0.35859375 0.5236111111111111 0.03515625 0.05416666666666667
0 0.420703125 0.38055555555555554 0.0328125 0.059722222222222225
0 0.438671875 0.49722222222222223 0.02734375 0.044444444444444446