0 0.310546875 0.8840277777777777 0.10703125 0.1736111111111111
0 0.337890625 0.5694444444444444 0.04609375 0.0625
0 0.8203125 0.6944444444444444 0.07734375 0.10833333333333334
0 0.4140625 0.5909722222222222 0.040625 0.06527777777777778
0 0.167578125 0.8319444444444445 0.1234375 0.14027777777777778
0 0.6578125 0.49722222222222223 0.03125 0.04861111111111111
0 0.2484375 0.5979166666666667 0.06328125 0.07777777777777778
0 0.60078125 0.6215277777777778 0.053125 0.09861111111111111
0 0.4359375 0.5076388888888889 0.03203125 0.04722222222222222
0 0.580859375 0.45 0.02265625 0.034722222222222224
0 0.61953125 0.44930555555555557 0.02421875 0.03194444444444444
0 0.333203125 0.4979166666666667 0.0359375 0.04027777777777778
0 0.389453125 0.4791666666666667 0.03046875 0.043055555555555555
0 0.330078125 0.5034722222222222 0.03203125 0.041666666666666664
0 0.5390625 0.425 0.0171875 0.03333333333333333
0 0.343359375 0.49722222222222223 0.02109375 0.04027777777777778
0 0.553125 0.3902777777777778 0.01953125 0.029166666666666667
0 0.428125 0.3701388888888889 0.03046875 0.05555555555555555