0 0.0953125 0.7819444444444444 0.1140625 0.11944444444444445
0 0.70234375 0.6631944444444444 0.06875 0.10833333333333334
0 0.316015625 0.5930555555555556 0.0546875 0.06944444444444445
0 0.4046875 0.5826388888888889 0.04765625 0.07083333333333333
0 0.782421875 0.6416666666666667 0.0671875 0.09583333333333334
0 0.221484375 0.7895833333333333 0.10234375 0.125
0 0.365625 0.7888888888888889 0.08125 0.12916666666666668
0 0.589453125 0.5743055555555555 0.04453125 0.0763888888888889
0 0.439453125 0.5 0.02734375 0.04861111111111111
0 0.333203125 0.5 0.03359375 0.044444444444444446
0 0.3859375 0.4888888888888889 0.03046875 0.03888888888888889
0 0.581640625 0.43680555555555556 0.03046875 0.05138888888888889