0 0.3890625 0.70625 0.0671875 0.10277777777777777
0 0.411328125 0.55625 0.0453125 0.06388888888888888
0 0.887109375 0.7638888888888888 0.10390625 0.1388888888888889
0 0.156640625 0.7069444444444445 0.08828125 0.09305555555555556
0 0.33203125 0.5701388888888889 0.046875 0.0625
0 0.61875 0.6652777777777777 0.06015625 0.10555555555555556
0 0.26015625 0.7201388888888889 0.07890625 0.10138888888888889
0 0.787109375 0.8104166666666667 0.10390625 0.17222222222222222
0 0.394140625 0.4798611111111111 0.028125 0.0375
0 0.54140625 0.4534722222222222 0.02265625 0.03888888888888889
0 0.342578125 0.4875 0.03125 0.044444444444444446
0 0.5953125 0.45555555555555555 0.03046875 0.05416666666666667
0 0.380859375 0.4798611111111111 0.05390625 0.04722222222222222
0 0.45390625 0.44513888888888886 0.028125 0.0375