0 0.180078125 0.6784722222222223 0.08125 0.08611111111111111
0 0.417578125 0.5451388888888888 0.03828125 0.059722222222222225
0 0.951953125 0.8694444444444445 0.0953125 0.1875
0 0.3375 0.5583333333333333 0.04375 0.058333333333333334
0 0.8671875 0.9125 0.1515625 0.17222222222222222
0 0.274609375 0.6944444444444444 0.07265625 0.09861111111111111
0 0.394140625 0.6743055555555556 0.05703125 0.09305555555555556
0 0.644140625 0.7368055555555556 0.07578125 0.1375
0 0.59921875 0.46805555555555556 0.03203125 0.05694444444444444
0 0.54609375 0.46875 0.025 0.0375
0 0.4453125 0.48055555555555557 0.02734375 0.0375
0 0.39609375 0.475 0.02890625 0.041666666666666664
0 0.534375 0.42083333333333334 0.021875 0.030555555555555555