0 0.341796875 0.5770833333333333 0.05 0.0625
0 0.282421875 0.5604166666666667 0.04140625 0.05694444444444444
0 0.045703125 0.8888888888888888 0.09140625 0.15694444444444444
0 0.60625 0.6666666666666666 0.05703125 0.09583333333333334
0 0.4296875 0.5513888888888889 0.03984375 0.05694444444444444
0 0.375 0.5048611111111111 0.0328125 0.044444444444444446
0 0.622265625 0.5118055555555555 0.0328125 0.04861111111111111
0 0.554296875 0.49375 0.03203125 0.044444444444444446
0 0.233203125 0.76875 0.09296875 0.1375
0 0.43515625 0.49027777777777776 0.02890625 0.04722222222222222
0 0.698828125 0.6236111111111111 0.07734375 0.14722222222222223
0 0.698828125 0.6229166666666667 0.07734375 0.1486111111111111
0 0.416015625 0.44513888888888886 0.0234375 0.034722222222222224