0 0.630859375 0.7451388888888889 0.075 0.13194444444444445
0 0.34921875 0.5659722222222222 0.0390625 0.0625
0 0.5609375 0.5118055555555555 0.03359375 0.04861111111111111
0 0.040234375 0.8555555555555555 0.078125 0.10138888888888889
0 0.43203125 0.5395833333333333 0.03515625 0.05416666666666667
0 0.3796875 0.4979166666666667 0.03359375 0.043055555555555555
0 0.06640625 0.8305555555555556 0.11875 0.13333333333333333
0 0.25390625 0.7319444444444444 0.08671875 0.12361111111111112
0 0.633984375 0.5319444444444444 0.0375 0.05416666666666667
0 0.29296875 0.5479166666666667 0.03984375 0.05416666666666667
0 0.733203125 0.6763888888888889 0.09609375 0.18055555555555555
0 0.418359375 0.44305555555555554 0.0234375 0.034722222222222224
0 0.43671875 0.4847222222222222 0.028125 0.041666666666666664
0 0.637109375 0.4722222222222222 0.02421875 0.03611111111111111
0 0.531640625 0.4111111111111111 0.0234375 0.034722222222222224