0 0.71484375 0.6666666666666666 0.06796875 0.09861111111111111
0 0.17734375 0.6881944444444444 0.08359375 0.09583333333333334
0 0.602734375 0.6597222222222222 0.05625 0.09444444444444444
0 0.308984375 0.6333333333333333 0.06015625 0.08888888888888889
0 0.371875 0.5284722222222222 0.0375 0.05555555555555555
0 0.11875 0.9402777777777778 0.14140625 0.11944444444444445
0 0.540625 0.44027777777777777 0.02265625 0.029166666666666667
0 0.686328125 0.5291666666666667 0.040625 0.05694444444444444
0 0.32265625 0.86875 0.09375 0.14305555555555555
0 0.325390625 0.5125 0.03359375 0.04861111111111111
0 0.439453125 0.50625 0.03125 0.04583333333333333
0 0.392578125 0.47847222222222224 0.02890625 0.0375
0 0.5765625 0.4354166666666667 0.0171875 0.030555555555555555