0 0.248828125 0.7270833333333333 0.09296875 0.10694444444444444
0 0.3796875 0.6548611111111111 0.05546875 0.1
0 0.559375 0.5048611111111111 0.03125 0.04861111111111111
0 0.34921875 0.5625 0.04375 0.07083333333333333
0 0.255078125 0.5944444444444444 0.05390625 0.07083333333333333
0 0.83671875 0.7097222222222223 0.0921875 0.12916666666666668
0 0.39140625 0.49930555555555556 0.0328125 0.044444444444444446
0 0.533984375 0.41875 0.02109375 0.03194444444444444
0 0.602734375 0.48333333333333334 0.025 0.043055555555555555
0 0.4484375 0.47152777777777777 0.0265625 0.04583333333333333
0 0.4484375 0.4625 0.02734375 0.058333333333333334
0 0.352734375 0.48055555555555557 0.028125 0.03611111111111111
0 0.405078125 0.45694444444444443 0.025 0.03333333333333333
0 0.56875 0.42291666666666666 0.015625 0.025
0 0.271875 0.5951388888888889 0.0265625 0.06527777777777778