0 0.355078125 0.5513888888888889 0.03984375 0.06805555555555555
0 0.268359375 0.6986111111111111 0.07734375 0.1
0 0.56640625 0.5263888888888889 0.03515625 0.05416666666666667
0 0.9015625 0.7888888888888889 0.11953125 0.16805555555555557
0 0.3875 0.6333333333333333 0.05234375 0.09166666666666666
0 0.2625 0.5784722222222223 0.04140625 0.06527777777777778
0 0.61171875 0.4986111111111111 0.03203125 0.044444444444444446
0 0.4484375 0.46111111111111114 0.02890625 0.05277777777777778
0 0.614453125 0.44305555555555554 0.01796875 0.027777777777777776
0 0.26796875 0.5763888888888888 0.05703125 0.06805555555555555
0 0.356640625 0.4736111111111111 0.02578125 0.0375
0 0.395703125 0.4888888888888889 0.0296875 0.04027777777777778