0 0.282421875 0.6715277777777777 0.0703125 0.0875
0 0.575 0.5534722222222223 0.0359375 0.058333333333333334
0 0.273828125 0.5694444444444444 0.0421875 0.059722222222222225
0 0.3609375 0.5430555555555555 0.0390625 0.06527777777777778
0 0.61953125 0.5159722222222223 0.03203125 0.05555555555555555
0 0.39453125 0.6111111111111112 0.046875 0.0875
0 0.61875 0.44930555555555557 0.0203125 0.029166666666666667
0 0.398046875 0.48333333333333334 0.02734375 0.0375
0 0.450390625 0.4576388888888889 0.02734375 0.05138888888888889
0 0.540234375 0.4354166666666667 0.0234375 0.03194444444444444
0 0.9578125 0.8951388888888889 0.08359375 0.19305555555555556