0 0.316015625 0.6125 0.0609375 0.07083333333333333
0 0.346875 0.8715277777777778 0.0953125 0.15694444444444444
0 0.5484375 0.46458333333333335 0.02734375 0.041666666666666664
0 0.30234375 0.5381944444444444 0.0375 0.05277777777777778
0 0.619140625 0.6951388888888889 0.06171875 0.1111111111111111
0 0.661328125 0.5875 0.046875 0.07222222222222222
0 0.37421875 0.5166666666666667 0.03203125 0.05555555555555555
0 0.40703125 0.5652777777777778 0.040625 0.07361111111111111
0 0.59375 0.4673611111111111 0.0234375 0.0375
0 0.648046875 0.48333333333333334 0.028125 0.0375
0 0.6453125 0.4798611111111111 0.02734375 0.03888888888888889