0 0.31640625 0.90625 0.1125 0.175
0 0.412109375 0.5965277777777778 0.04296875 0.06944444444444445
0 0.366796875 0.5229166666666667 0.03828125 0.05138888888888889
0 0.198828125 0.8520833333333333 0.12421875 0.15694444444444444
0 0.851171875 0.73125 0.0984375 0.12083333333333333
0 0.729296875 0.7041666666666667 0.0703125 0.10833333333333334
0 0.05625 0.8395833333333333 0.1125 0.17222222222222222
0 0.627734375 0.7270833333333333 0.06875 0.12083333333333333
0 0.43125 0.4909722222222222 0.03203125 0.05
0 0.630859375 0.46875 0.02578125 0.03333333333333333
0 0.549609375 0.45902777777777776 0.02734375 0.03888888888888889
0 0.401171875 0.46944444444444444 0.025 0.03611111111111111
0 0.533203125 0.4131944444444444 0.02265625 0.03888888888888889
0 0.598828125 0.4708333333333333 0.028125 0.03888888888888889