0 0.381640625 0.6791666666666667 0.06015625 0.09166666666666666
0 0.166015625 0.9131944444444444 0.12734375 0.15833333333333333
0 0.2921875 0.6722222222222223 0.07109375 0.0875
0 0.428515625 0.5326388888888889 0.034375 0.05138888888888889
0 0.1828125 0.6631944444444444 0.08984375 0.10138888888888889
0 0.657421875 0.5729166666666666 0.0453125 0.06805555555555555
0 0.69609375 0.55 0.0453125 0.058333333333333334
0 0.385546875 0.4909722222222222 0.0328125 0.041666666666666664
0 0.57890625 0.5506944444444445 0.04140625 0.058333333333333334
0 0.545703125 0.4527777777777778 0.02578125 0.03611111111111111
0 0.654296875 0.49166666666666664 0.02890625 0.03888888888888889
0 0.443359375 0.4652777777777778 0.0265625 0.043055555555555555
0 0.411328125 0.4465277777777778 0.0234375 0.034722222222222224