0 0.371875 0.5201388888888889 0.03515625 0.05694444444444444
0 0.630078125 0.5215277777777778 0.03828125 0.058333333333333334
0 0.3390625 0.7923611111111111 0.096875 0.1527777777777778
0 0.040234375 0.8513888888888889 0.08046875 0.16805555555555557
0 0.579296875 0.5520833333333334 0.03984375 0.059722222222222225
0 0.41015625 0.6069444444444444 0.05078125 0.09861111111111111
0 0.433203125 0.5055555555555555 0.03203125 0.04861111111111111
0 0.20390625 0.7263888888888889 0.2640625 0.4361111111111111
0 0.5875 0.45069444444444445 0.0234375 0.03333333333333333
0 0.33515625 0.49375 0.0328125 0.04027777777777778
0 0.545703125 0.4597222222222222 0.0296875 0.05
0 0.450390625 0.4513888888888889 0.0265625 0.03888888888888889