0 0.297265625 0.15416666666666667 0.0328125 0.05
0 0.238671875 0.14444444444444443 0.03359375 0.05694444444444444
0 0.234375 0.37777777777777777 0.05546875 0.12083333333333333
0 0.887109375 0.5222222222222223 0.109375 0.15416666666666667
0 0.33046875 0.07430555555555556 0.021875 0.044444444444444446
0 0.477734375 0.39305555555555555 0.0484375 0.12638888888888888
0 0.224609375 0.7256944444444444 0.1234375 0.26666666666666666
0 0.5078125 0.5805555555555556 0.06875 0.19444444444444445
0 0.225 0.7256944444444444 0.12421875 0.26805555555555555
0 0.233203125 0.3993055555555556 0.053125 0.0763888888888889
0 0.5078125 0.58125 0.06953125 0.19444444444444445
0 0.224609375 0.7263888888888889 0.12265625 0.26666666666666666