0 0.055859375 0.8576388888888888 0.11171875 0.14444444444444443
0 0.31328125 0.6861111111111111 0.0703125 0.08888888888888889
0 0.4109375 0.58125 0.04296875 0.06388888888888888
0 0.891015625 0.9284722222222223 0.13359375 0.1388888888888889
0 0.7015625 0.9041666666666667 0.115625 0.19166666666666668
0 0.56953125 0.5291666666666667 0.03671875 0.06111111111111111
0 0.340234375 0.5902777777777778 0.05390625 0.07222222222222222
0 0.74765625 0.6041666666666666 0.05546875 0.07222222222222222
0 0.897265625 0.8 0.12421875 0.15555555555555556
0 0.26328125 0.5736111111111111 0.05625 0.0763888888888889
0 0.58515625 0.4666666666666667 0.02890625 0.0375
0 0.537890625 0.41875 0.01875 0.030555555555555555
0 0.673828125 0.5930555555555556 0.06171875 0.10972222222222222
0 0.437109375 0.49236111111111114 0.0296875 0.043055555555555555
0 0.400390625 0.46597222222222223 0.02734375 0.03611111111111111
0 0.615234375 0.4513888888888889 0.01796875 0.027777777777777776