0 0.419140625 0.5541666666666667 0.0390625 0.058333333333333334
0 0.348046875 0.6368055555555555 0.059375 0.075
0 0.82578125 0.6958333333333333 0.08203125 0.10416666666666667
0 0.588671875 0.5902777777777778 0.04765625 0.08611111111111111
0 0.35390625 0.5597222222222222 0.04609375 0.0625
0 0.63203125 0.4708333333333333 0.02265625 0.030555555555555555
0 0.59921875 0.4895833333333333 0.03203125 0.041666666666666664
0 0.74453125 0.7034722222222223 0.09921875 0.1625
0 0.2859375 0.5493055555555556 0.0484375 0.06666666666666667
0 0.541015625 0.43472222222222223 0.0234375 0.03194444444444444
0 0.119921875 0.7618055555555555 0.1046875 0.11666666666666667
0 0.442578125 0.47847222222222224 0.025 0.0375