0 0.38984375 0.1125 0.02421875 0.03611111111111111
0 0.329296875 0.38958333333333334 0.053125 0.11388888888888889
0 0.227734375 0.76875 0.121875 0.2652777777777778
0 0.23984375 0.15902777777777777 0.03359375 0.05694444444444444
0 0.292578125 0.16041666666666668 0.02734375 0.04583333333333333
0 0.483203125 0.42916666666666664 0.05546875 0.1361111111111111
0 0.341015625 0.14375 0.02265625 0.0375
0 0.255859375 0.33055555555555555 0.06328125 0.13055555555555556
0 0.452734375 0.25763888888888886 0.04140625 0.07361111111111111
0 0.483203125 0.4284722222222222 0.05625 0.1375
0 0.3359375 0.09444444444444444 0.02421875 0.041666666666666664
0 0.16484375 0.37083333333333335 0.09296875 0.09027777777777778
0 0.35703125 0.03888888888888889 0.01640625 0.030555555555555555