0 0.148828125 0.6083333333333333 0.13046875 0.25277777777777777
0 0.283203125 0.24444444444444444 0.0375 0.06527777777777778
0 0.195703125 0.8986111111111111 0.1359375 0.20277777777777778
0 0.29375 0.14722222222222223 0.02734375 0.044444444444444446
0 0.41796875 0.17222222222222222 0.0328125 0.04722222222222222
0 0.346484375 0.2263888888888889 0.028125 0.05694444444444444
0 0.240234375 0.15902777777777777 0.0328125 0.05694444444444444
0 0.341015625 0.15486111111111112 0.02890625 0.04722222222222222
0 0.475390625 0.35208333333333336 0.05 0.10277777777777777
0 0.328515625 0.08055555555555556 0.02265625 0.03611111111111111
0 0.37421875 0.07430555555555556 0.02265625 0.034722222222222224
0 0.498046875 0.6791666666666667 0.07890625 0.24305555555555555
0 0.497265625 0.6798611111111111 0.07890625 0.24444444444444444