0 0.375390625 0.6013888888888889 0.0515625 0.06805555555555555
0 0.65 0.49583333333333335 0.03046875 0.043055555555555555
0 0.17421875 0.6923611111111111 0.08125 0.08888888888888889
0 0.36484375 0.5402777777777777 0.0421875 0.05277777777777778
0 0.62265625 0.7006944444444444 0.06875 0.12638888888888888
0 0.61953125 0.5284722222222222 0.03515625 0.04861111111111111
0 0.426171875 0.5333333333333333 0.03671875 0.05
0 0.548046875 0.4513888888888889 0.02578125 0.03611111111111111
0 0.89609375 0.8923611111111112 0.1796875 0.2111111111111111
0 0.089453125 0.9229166666666667 0.1765625 0.15138888888888888
0 0.286328125 0.9548611111111112 0.134375 0.09027777777777778
0 0.3015625 0.5270833333333333 0.03828125 0.05694444444444444
0 0.444140625 0.46805555555555556 0.02578125 0.034722222222222224