0 0.339453125 0.17847222222222223 0.03203125 0.058333333333333334
0 0.326171875 0.06597222222222222 0.02265625 0.0375
0 0.41640625 0.17777777777777778 0.03125 0.05
0 0.323828125 0.39861111111111114 0.0515625 0.06527777777777778
0 0.264453125 0.32222222222222224 0.04375 0.07777777777777778
0 0.4796875 0.3368055555555556 0.05078125 0.08055555555555556
0 0.23984375 0.1597222222222222 0.03359375 0.05555555555555555
0 0.324609375 0.37916666666666665 0.0546875 0.10555555555555556
0 0.140234375 0.6625 0.11875 0.19305555555555556
0 0.51171875 0.7145833333333333 0.0765625 0.25
0 0.252734375 0.71875 0.09375 0.2222222222222222
0 0.328515625 0.3597222222222222 0.046875 0.06527777777777778
0 0.512109375 0.7145833333333333 0.0765625 0.24861111111111112