0 0.23125 0.6222222222222222 0.06171875 0.07777777777777778
0 0.67265625 0.6215277777777778 0.06015625 0.08194444444444444
0 0.399609375 0.5597222222222222 0.0375 0.05555555555555555
0 0.559765625 0.4895833333333333 0.03125 0.05138888888888889
0 0.37890625 0.5173611111111112 0.0359375 0.04722222222222222
0 0.34375 0.8208333333333333 0.103125 0.18611111111111112
0 0.433203125 0.5083333333333333 0.03359375 0.04583333333333333
0 0.69921875 0.5541666666666667 0.04296875 0.05277777777777778
0 0.192578125 0.7965277777777777 0.1328125 0.18888888888888888
0 0.19296875 0.7965277777777777 0.13125 0.19027777777777777
0 0.326953125 0.5 0.03515625 0.05277777777777778
0 0.601953125 0.43125 0.01953125 0.02638888888888889
0 0.416015625 0.43819444444444444 0.02109375 0.034722222222222224
0 0.328125 0.4986111111111111 0.0359375 0.05277777777777778