0 0.4109375 0.5381944444444444 0.03515625 0.05277777777777778
0 0.743359375 0.7479166666666667 0.08515625 0.12638888888888888
0 0.258203125 0.5902777777777778 0.05390625 0.07222222222222222
0 0.57265625 0.5333333333333333 0.03984375 0.06111111111111111
0 0.748828125 0.6138888888888889 0.06015625 0.07777777777777778
0 0.437890625 0.49444444444444446 0.03125 0.05
0 0.614453125 0.44375 0.01953125 0.02638888888888889
0 0.37109375 0.7319444444444444 0.07890625 0.14583333333333334
0 0.24140625 0.7159722222222222 0.10234375 0.15
0 0.3859375 0.5055555555555555 0.0359375 0.04722222222222222
0 0.33984375 0.4875 0.03359375 0.04583333333333333
0 0.24140625 0.7159722222222222 0.103125 0.15
0 0.052734375 0.9493055555555555 0.103125 0.09027777777777778