0 0.108203125 0.8513888888888889 0.14609375 0.15416666666666667
0 0.6109375 0.6472222222222223 0.06015625 0.09722222222222222
0 0.90625 0.8041666666666667 0.11484375 0.1527777777777778
0 0.420703125 0.5131944444444444 0.034375 0.04722222222222222
0 0.39375 0.6444444444444445 0.059375 0.1111111111111111
0 0.637890625 0.4722222222222222 0.0234375 0.03333333333333333
0 0.397265625 0.4875 0.03203125 0.044444444444444446
0 0.291015625 0.6368055555555555 0.0734375 0.11527777777777778
0 0.291015625 0.5506944444444445 0.0453125 0.0625
0 0.44375 0.4756944444444444 0.02734375 0.04027777777777778
0 0.92421875 0.8173611111111111 0.078125 0.12638888888888888
0 0.35546875 0.46875 0.0296875 0.044444444444444446