0 0.30703125 0.29305555555555557 0.0390625 0.07916666666666666
0 0.140234375 0.6381944444444444 0.2796875 0.7097222222222223
0 0.292578125 0.14166666666666666 0.02734375 0.04722222222222222
0 0.238671875 0.1597222222222222 0.03359375 0.05416666666666667
0 0.390625 0.12222222222222222 0.02578125 0.043055555555555555
0 0.468359375 0.3284722222222222 0.05078125 0.11388888888888889
0 0.366015625 0.059722222222222225 0.0234375 0.03194444444444444
0 0.311328125 0.5083333333333333 0.071875 0.15
0 0.13984375 0.6354166666666666 0.27890625 0.7180555555555556
0 0.343359375 0.17083333333333334 0.0359375 0.07916666666666666
0 0.32734375 0.05694444444444444 0.021875 0.03194444444444444