0 0.289453125 0.2125 0.0328125 0.05694444444444444
0 0.11953125 0.6909722222222222 0.23828125 0.6
0 0.300390625 0.44583333333333336 0.05703125 0.125
0 0.2390625 0.1597222222222222 0.034375 0.05416666666666667
0 0.378125 0.08888888888888889 0.02578125 0.043055555555555555
0 0.332421875 0.09027777777777778 0.03203125 0.04722222222222222
0 0.4125 0.175 0.03125 0.05416666666666667
0 0.48515625 0.42569444444444443 0.05703125 0.15
0 0.343359375 0.24513888888888888 0.04609375 0.1375
0 0.231640625 0.8569444444444444 0.13984375 0.2847222222222222
0 0.2890625 0.05277777777777778 0.03125 0.044444444444444446