0 0.115234375 0.7076388888888889 0.22890625 0.5625
0 0.28984375 0.2388888888888889 0.034375 0.06805555555555555
0 0.342578125 0.27847222222222223 0.0484375 0.15555555555555556
0 0.2953125 0.4986111111111111 0.06328125 0.14583333333333334
0 0.23828125 0.15902777777777777 0.034375 0.05416666666666667
0 0.420703125 0.1951388888888889 0.034375 0.058333333333333334
0 0.91875 0.5458333333333333 0.103125 0.1375
0 0.383984375 0.09722222222222222 0.0296875 0.05694444444444444
0 0.33359375 0.10486111111111111 0.03046875 0.05416666666666667
0 0.21171875 0.9291666666666667 0.125 0.1361111111111111
0 0.488671875 0.45625 0.059375 0.1638888888888889
0 0.48828125 0.46041666666666664 0.06171875 0.1625
0 0.362109375 0.04722222222222222 0.02734375 0.05138888888888889
0 0.2921875 0.06041666666666667 0.0234375 0.04861111111111111