0 0.8546875 0.6729166666666667 0.1125 0.20833333333333334
0 0.104296875 0.73125 0.2078125 0.5208333333333334
0 0.285546875 0.28402777777777777 0.0359375 0.06805555555555555
0 0.49296875 0.5 0.0640625 0.17777777777777778
0 0.287109375 0.5666666666666667 0.075 0.18194444444444444
0 0.33671875 0.3326388888888889 0.0578125 0.18333333333333332
0 0.23828125 0.15902777777777777 0.034375 0.05416666666666667
0 0.337109375 0.1284722222222222 0.0328125 0.0625
0 0.390234375 0.11736111111111111 0.028125 0.05277777777777778
0 0.4328125 0.22361111111111112 0.03828125 0.06805555555555555
0 0.367578125 0.058333333333333334 0.028125 0.05