0 0.261328125 0.7416666666666667 0.09765625 0.23472222222222222
0 0.33828125 0.1423611111111111 0.03046875 0.04722222222222222
0 0.31015625 0.4861111111111111 0.0890625 0.26805555555555555
0 0.2390625 0.1597222222222222 0.03515625 0.05416666666666667
0 0.503125 0.6395833333333333 0.075 0.2361111111111111
0 0.204296875 0.5236111111111111 0.09375 0.16944444444444445
0 0.068359375 0.8243055555555555 0.13671875 0.3486111111111111
0 0.340625 0.2722222222222222 0.04765625 0.10694444444444444
0 0.425390625 0.2125 0.04296875 0.08055555555555556
0 0.2921875 0.16458333333333333 0.0296875 0.06388888888888888
0 0.330859375 0.07777777777777778 0.02265625 0.0375
0 0.46953125 0.3388888888888889 0.04609375 0.09722222222222222