0 0.253125 0.7895833333333333 0.10625 0.25555555555555554
0 0.305859375 0.5083333333333333 0.09453125 0.2861111111111111
0 0.344140625 0.1909722222222222 0.03515625 0.05416666666666667
0 0.503515625 0.6590277777777778 0.0765625 0.24583333333333332
0 0.2390625 0.15902777777777777 0.03515625 0.05416666666666667
0 0.3390625 0.11041666666666666 0.0234375 0.04583333333333333
0 0.15390625 0.6430555555555556 0.11796875 0.21388888888888888
0 0.291015625 0.10694444444444444 0.021875 0.034722222222222224
0 0.283203125 0.21458333333333332 0.04296875 0.07916666666666666
0 0.47578125 0.37569444444444444 0.05 0.11527777777777778
0 0.338671875 0.3194444444444444 0.053125 0.12222222222222222
0 0.437109375 0.2465277777777778 0.04609375 0.09722222222222222
0 0.4375 0.24583333333333332 0.04765625 0.10138888888888889
0 0.413671875 0.1638888888888889 0.0484375 0.07777777777777778