0 0.30078125 0.5305555555555556 0.10078125 0.30972222222222223
0 0.22265625 0.8986111111111111 0.1296875 0.20277777777777778
0 0.2859375 0.17083333333333334 0.03125 0.05277777777777778
0 0.48203125 0.425 0.0515625 0.12222222222222222
0 0.2390625 0.15902777777777777 0.0328125 0.05555555555555555
0 0.06640625 0.8645833333333334 0.13203125 0.2638888888888889
0 0.259765625 0.31875 0.05625 0.11666666666666667
0 0.42578125 0.19375 0.05390625 0.10277777777777777
0 0.34609375 0.1798611111111111 0.03046875 0.058333333333333334
0 0.3453125 0.2611111111111111 0.034375 0.06111111111111111
0 0.79765625 0.8284722222222223 0.10703125 0.26666666666666666
0 0.333984375 0.35833333333333334 0.0578125 0.1361111111111111
0 0.505078125 0.6756944444444445 0.078125 0.25277777777777777
0 0.32578125 0.04722222222222222 0.0234375 0.06111111111111111
0 0.334375 0.3576388888888889 0.05703125 0.1375
0 0.45390625 0.30069444444444443 0.04921875 0.10555555555555556
0 0.290234375 0.06597222222222222 0.02578125 0.05555555555555555