0 0.2125 0.7881944444444444 0.19375 0.4097222222222222
0 0.484765625 0.4826388888888889 0.05546875 0.14444444444444443
0 0.34140625 0.3173611111111111 0.04453125 0.08888888888888889
0 0.26171875 0.30972222222222223 0.046875 0.08888888888888889
0 0.312890625 0.4722222222222222 0.08046875 0.18888888888888888
0 0.2390625 0.1597222222222222 0.0328125 0.05555555555555555
0 0.349609375 0.2361111111111111 0.03671875 0.07361111111111111
0 0.4328125 0.21458333333333332 0.05703125 0.10833333333333334
0 0.29140625 0.17916666666666667 0.02890625 0.04722222222222222
0 0.167578125 0.5666666666666667 0.109375 0.21388888888888888
0 0.507421875 0.7666666666666667 0.08984375 0.31805555555555554
0 0.466796875 0.3486111111111111 0.0546875 0.13055555555555556
0 0.167578125 0.5659722222222222 0.109375 0.21388888888888888
0 0.46796875 0.35138888888888886 0.05625 0.12916666666666668