0 0.341796875 0.3277777777777778 0.0453125 0.09027777777777778
0 0.19375 0.81875 0.2046875 0.35555555555555557
0 0.256640625 0.33125 0.0515625 0.09166666666666666
0 0.152734375 0.6027777777777777 0.11953125 0.23055555555555557
0 0.2390625 0.15902777777777777 0.03515625 0.05416666666666667
0 0.48515625 0.49583333333333335 0.0578125 0.15
0 0.348828125 0.24027777777777778 0.0359375 0.07361111111111111
0 0.2234375 0.5958333333333333 0.04375 0.09583333333333334
0 0.290234375 0.19236111111111112 0.0328125 0.05555555555555555
0 0.434375 0.21597222222222223 0.059375 0.10972222222222222
0 0.305859375 0.4979166666666667 0.08984375 0.19722222222222222
0 0.151953125 0.6027777777777777 0.11875 0.22916666666666666
0 0.46953125 0.35555555555555557 0.05625 0.13055555555555556
0 0.4703125 0.35625 0.0578125 0.13194444444444445
0 0.51015625 0.8333333333333334 0.09453125 0.33055555555555555
0 0.288671875 0.12916666666666668 0.02734375 0.0375