0 0.34140625 0.33958333333333335 0.0453125 0.09583333333333334
0 0.24921875 0.3527777777777778 0.05703125 0.1
0 0.2390625 0.1597222222222222 0.03359375 0.05416666666666667
0 0.175 0.85 0.2078125 0.2916666666666667
0 0.291015625 0.20555555555555555 0.0328125 0.05555555555555555
0 0.137109375 0.64375 0.134375 0.25
0 0.287109375 0.13680555555555557 0.03125 0.044444444444444446
0 0.3 0.5277777777777778 0.09375 0.21388888888888888
0 0.484765625 0.5173611111111112 0.059375 0.15
0 0.34921875 0.24583333333333332 0.0359375 0.07222222222222222
0 0.51015625 0.8659722222222223 0.10078125 0.25972222222222224
0 0.471875 0.36319444444444443 0.05625 0.13472222222222222
0 0.137109375 0.6444444444444445 0.134375 0.24722222222222223
0 0.337890625 0.13402777777777777 0.03359375 0.08611111111111111
0 0.176171875 0.8506944444444444 0.20859375 0.29583333333333334