0 0.341015625 0.3472222222222222 0.04609375 0.09861111111111111
0 0.239453125 0.1597222222222222 0.03359375 0.05416666666666667
0 0.294921875 0.5458333333333333 0.09921875 0.21944444444444444
0 0.245703125 0.36319444444444443 0.05625 0.10138888888888889
0 0.48515625 0.5263888888888889 0.0609375 0.15416666666666667
0 0.124609375 0.6673611111111111 0.1375 0.2625
0 0.289453125 0.2111111111111111 0.03359375 0.058333333333333334
0 0.34921875 0.24861111111111112 0.0359375 0.07222222222222222
0 0.169140625 0.86875 0.2 0.2569444444444444
0 0.16875 0.8708333333333333 0.2 0.2569444444444444
0 0.28671875 0.14305555555555555 0.03125 0.043055555555555555
0 0.472265625 0.3659722222222222 0.05703125 0.1375
0 0.51015625 0.8916666666666667 0.1 0.21666666666666667
0 0.510546875 0.8916666666666667 0.10078125 0.21666666666666667
0 0.338671875 0.13819444444444445 0.0328125 0.08472222222222223
0 0.436328125 0.22291666666666668 0.059375 0.10972222222222222