0 0.278515625 0.6041666666666666 0.11171875 0.25833333333333336
0 0.341015625 0.375 0.046875 0.10833333333333334
0 0.13984375 0.94375 0.1703125 0.10694444444444444
0 0.487109375 0.5645833333333333 0.06484375 0.17222222222222222
0 0.2390625 0.1597222222222222 0.0328125 0.05416666666666667
0 0.232421875 0.4013888888888889 0.0640625 0.1125
0 0.2875 0.15694444444444444 0.03203125 0.05
0 0.348828125 0.25972222222222224 0.0375 0.07222222222222222
0 0.47578125 0.3875 0.05859375 0.15
0 0.09140625 0.7451388888888889 0.1578125 0.3
0 0.32578125 0.06527777777777778 0.021875 0.044444444444444446
0 0.28828125 0.23125 0.03515625 0.0625
0 0.091015625 0.7451388888888889 0.15703125 0.3
0 0.43828125 0.22708333333333333 0.0578125 0.12083333333333333