0 0.259375 0.6944444444444444 0.12578125 0.29583333333333334
0 0.336328125 0.4111111111111111 0.05078125 0.11944444444444445
0 0.239453125 0.15902777777777777 0.03359375 0.05416666666666667
0 0.350390625 0.2722222222222222 0.0390625 0.0763888888888889
0 0.48671875 0.5916666666666667 0.06796875 0.18194444444444444
0 0.286328125 0.2520833333333333 0.03671875 0.06527777777777778
0 0.216015625 0.4465277777777778 0.075 0.12916666666666668
0 0.480859375 0.41180555555555554 0.06171875 0.16666666666666666
0 0.0703125 0.8333333333333334 0.140625 0.325
0 0.2875 0.1701388888888889 0.03359375 0.05694444444444444
0 0.441015625 0.23125 0.059375 0.12222222222222222
0 0.327734375 0.075 0.02421875 0.05277777777777778