0 0.287109375 0.2263888888888889 0.03671875 0.06666666666666667
0 0.130859375 0.65625 0.12109375 0.20833333333333334
0 0.48671875 0.6201388888888889 0.0734375 0.19027777777777777
0 0.269921875 0.33611111111111114 0.04921875 0.09027777777777778
0 0.347265625 0.35625 0.04765625 0.10138888888888889
0 0.2390625 0.15902777777777777 0.03359375 0.05416666666666667
0 0.852734375 0.6076388888888888 0.1140625 0.2111111111111111
0 0.48828125 0.45416666666666666 0.06484375 0.1638888888888889
0 0.308203125 0.6236111111111111 0.0828125 0.19722222222222222
0 0.45 0.26458333333333334 0.06796875 0.1375
0 0.293359375 0.1125 0.025 0.04027777777777778
0 0.287890625 0.05625 0.025 0.05