0 0.051171875 0.9090277777777778 0.1015625 0.1763888888888889
0 0.487109375 0.6208333333333333 0.07265625 0.19027777777777777
0 0.27421875 0.28958333333333336 0.04609375 0.08333333333333333
0 0.321484375 0.4284722222222222 0.07265625 0.21388888888888888
0 0.40546875 0.15902777777777777 0.03203125 0.05
0 0.2390625 0.1597222222222222 0.03359375 0.05555555555555555
0 0.280078125 0.19583333333333333 0.03671875 0.06944444444444445
0 0.480078125 0.3958333333333333 0.08125 0.2833333333333333
0 0.184375 0.5493055555555556 0.09921875 0.17777777777777778
0 0.350390625 0.24305555555555555 0.0359375 0.06944444444444445
0 0.48671875 0.4534722222222222 0.0671875 0.16527777777777777
0 0.470703125 0.31805555555555554 0.06875 0.15
0 0.28671875 0.1326388888888889 0.02734375 0.043055555555555555
0 0.34140625 0.1736111111111111 0.02734375 0.06527777777777778