0 0.865625 0.5548611111111111 0.228125 0.34305555555555556
0 0.48671875 0.6201388888888889 0.0734375 0.19027777777777777
0 0.35078125 0.30277777777777776 0.03984375 0.075
0 0.2390625 0.15902777777777777 0.0328125 0.05416666666666667
0 0.274609375 0.25416666666666665 0.04140625 0.08194444444444444
0 0.09375 0.7645833333333333 0.15234375 0.2722222222222222
0 0.4875 0.4548611111111111 0.06484375 0.1638888888888889
0 0.28359375 0.17083333333333334 0.0296875 0.05277777777777778
0 0.4203125 0.19375 0.0375 0.05694444444444444
0 0.25 0.375 0.05625 0.10555555555555556
0 0.469921875 0.32222222222222224 0.06796875 0.15416666666666667
0 0.4796875 0.40555555555555556 0.0796875 0.2638888888888889
0 0.28046875 0.5993055555555555 0.1140625 0.30416666666666664
0 0.280078125 0.5993055555555555 0.11484375 0.3055555555555556
0 0.387109375 0.12013888888888889 0.025 0.03333333333333333
0 0.213671875 0.5118055555555555 0.02109375 0.06944444444444445
0 0.24921875 0.3902777777777778 0.05390625 0.07777777777777778