0 0.48671875 0.6208333333333333 0.071875 0.19166666666666668
0 0.34765625 0.3548611111111111 0.0453125 0.09027777777777778
0 0.04609375 0.9069444444444444 0.09140625 0.18333333333333332
0 0.8046875 0.6743055555555556 0.27421875 0.6361111111111111
0 0.27890625 0.20555555555555555 0.0359375 0.058333333333333334
0 0.265625 0.3034722222222222 0.04453125 0.09861111111111111
0 0.296875 0.14652777777777778 0.0265625 0.04722222222222222
0 0.239453125 0.15902777777777777 0.034375 0.05555555555555555
0 0.219140625 0.8006944444444445 0.16640625 0.39305555555555555
0 0.4265625 0.21319444444444444 0.040625 0.059722222222222225
0 0.487109375 0.4534722222222222 0.065625 0.1625
0 0.486328125 0.4166666666666667 0.0671875 0.2375
0 0.228515625 0.44513888888888886 0.07421875 0.1375
0 0.39453125 0.1375 0.025 0.0375
0 0.47109375 0.3368055555555556 0.065625 0.13194444444444445
0 0.346484375 0.23680555555555555 0.03359375 0.08194444444444444