0 0.487109375 0.6208333333333333 0.071875 0.19027777777777777
0 0.1953125 0.5381944444444444 0.09375 0.17222222222222222
0 0.275390625 0.2423611111111111 0.03671875 0.06805555555555555
0 0.43515625 0.22708333333333333 0.040625 0.059722222222222225
0 0.340625 0.42430555555555555 0.05078125 0.11388888888888889
0 0.2390625 0.15833333333333333 0.03359375 0.05416666666666667
0 0.40234375 0.15763888888888888 0.0265625 0.03888888888888889
0 0.2953125 0.1763888888888889 0.0296875 0.05138888888888889
0 0.76796875 0.7506944444444444 0.24453125 0.4791666666666667
0 0.486328125 0.41388888888888886 0.06796875 0.24444444444444444
0 0.147265625 0.95625 0.1453125 0.08333333333333333
0 0.487109375 0.4527777777777778 0.06640625 0.16527777777777777
0 0.302734375 0.07916666666666666 0.01953125 0.041666666666666664
0 0.340234375 0.44305555555555554 0.05078125 0.0763888888888889
0 0.34609375 0.2659722222222222 0.03828125 0.0875
0 0.25 0.36041666666666666 0.05625 0.11944444444444445
0 0.094140625 0.8159722222222222 0.0328125 0.10694444444444444
0 0.4703125 0.32013888888888886 0.0671875 0.15138888888888888
0 0.339453125 0.13958333333333334 0.028125 0.06111111111111111
0 0.1 0.8097222222222222 0.04453125 0.11944444444444445