0 0.15859375 0.6347222222222222 0.11640625 0.20833333333333334
0 0.917578125 0.49930555555555556 0.0671875 0.11388888888888889
0 0.23125 0.41388888888888886 0.0703125 0.1361111111111111
0 0.486328125 0.6208333333333333 0.07265625 0.19027777777777777
0 0.269140625 0.28194444444444444 0.0390625 0.075
0 0.3296875 0.4979166666666667 0.06015625 0.13472222222222222
0 0.470703125 0.32083333333333336 0.06640625 0.14444444444444443
0 0.239453125 0.15902777777777777 0.03359375 0.05416666666666667
0 0.29375 0.20416666666666666 0.03203125 0.06111111111111111
0 0.487109375 0.4548611111111111 0.065625 0.16111111111111112
0 0.4375 0.23680555555555555 0.04296875 0.06805555555555555
0 0.40546875 0.16805555555555557 0.02890625 0.044444444444444446
0 0.298046875 0.10486111111111111 0.025 0.03888888888888889
0 0.3859375 0.12430555555555556 0.02734375 0.044444444444444446
0 0.33984375 0.14027777777777778 0.0265625 0.07222222222222222