0 0.22421875 0.44513888888888886 0.065625 0.12083333333333333
0 0.48671875 0.6201388888888889 0.07109375 0.19027777777777777
0 0.345703125 0.3277777777777778 0.04609375 0.11527777777777778
0 0.266796875 0.3458333333333333 0.05 0.1
0 0.30625 0.5013888888888889 0.075 0.16944444444444445
0 0.2390625 0.15902777777777777 0.034375 0.05555555555555555
0 0.27890625 0.24861111111111112 0.03828125 0.07777777777777778
0 0.481640625 0.40902777777777777 0.0796875 0.25277777777777777
0 0.1078125 0.7041666666666667 0.13046875 0.25
0 0.34375 0.09236111111111112 0.02109375 0.03194444444444444
0 0.41640625 0.20277777777777778 0.0296875 0.03888888888888889
0 0.471875 0.34305555555555556 0.0640625 0.11666666666666667
0 0.4859375 0.4479166666666667 0.06953125 0.1736111111111111
0 0.43984375 0.2548611111111111 0.0359375 0.075
0 0.355078125 0.043055555555555555 0.01875 0.030555555555555555
0 0.382421875 0.12777777777777777 0.02421875 0.041666666666666664