0 0.216796875 0.4638888888888889 0.0703125 0.12638888888888888
0 0.48671875 0.6208333333333333 0.071875 0.19027777777777777
0 0.2953125 0.5472222222222223 0.0796875 0.18888888888888888
0 0.888671875 0.5409722222222222 0.109375 0.15
0 0.262890625 0.35694444444444445 0.0515625 0.10416666666666667
0 0.2390625 0.1597222222222222 0.03359375 0.05555555555555555
0 0.48125 0.4097222222222222 0.08046875 0.25277777777777777
0 0.344140625 0.34652777777777777 0.0484375 0.12222222222222222
0 0.35078125 0.23819444444444443 0.03515625 0.07222222222222222
0 0.085546875 0.7506944444444444 0.1421875 0.2722222222222222
0 0.341015625 0.09722222222222222 0.02421875 0.04027777777777778
0 0.48515625 0.44513888888888886 0.0703125 0.17916666666666667
0 0.416796875 0.2013888888888889 0.03125 0.043055555555555555
0 0.471875 0.3423611111111111 0.065625 0.11666666666666667
0 0.27578125 0.26666666666666666 0.03984375 0.08472222222222223
0 0.383203125 0.13125 0.0234375 0.044444444444444446
0 0.43984375 0.25555555555555554 0.0359375 0.075
0 0.35546875 0.04375 0.02265625 0.03194444444444444