0 0.252734375 0.7055555555555556 0.1109375 0.25833333333333336
0 0.803515625 0.7416666666666667 0.12265625 0.25555555555555554
0 0.486328125 0.6201388888888889 0.071875 0.19027777777777777
0 0.19609375 0.5201388888888889 0.0796875 0.14166666666666666
0 0.238671875 0.15902777777777777 0.034375 0.05555555555555555
0 0.252734375 0.3923611111111111 0.05625 0.11805555555555555
0 0.055078125 0.8597222222222223 0.109375 0.27361111111111114
0 0.481640625 0.40902777777777777 0.07890625 0.25277777777777777
0 0.33828125 0.40069444444444446 0.05625 0.14027777777777778
0 0.26875 0.2965277777777778 0.04296875 0.09444444444444444
0 0.365234375 0.06111111111111111 0.021875 0.03194444444444444
0 0.351953125 0.2708333333333333 0.03828125 0.07777777777777778
0 0.417578125 0.20277777777777778 0.03125 0.044444444444444446
0 0.38515625 0.13680555555555557 0.02421875 0.04722222222222222
0 0.441015625 0.2548611111111111 0.0375 0.075