0 0.15390625 0.75625 0.30703125 0.4722222222222222
0 0.3609375 0.7666666666666667 0.07578125 0.11388888888888889
0 0.337109375 0.5784722222222223 0.04453125 0.06111111111111111
0 0.8828125 0.9222222222222223 0.1390625 0.15555555555555556
0 0.6359375 0.5326388888888889 0.0328125 0.05277777777777778
0 0.64296875 0.47430555555555554 0.02578125 0.0375
0 0.6453125 0.775 0.08203125 0.1527777777777778
0 0.3890625 0.4840277777777778 0.03125 0.041666666666666664
0 0.6453125 0.775 0.0828125 0.1527777777777778
0 0.594140625 0.42430555555555555 0.02109375 0.027777777777777776
0 0.453515625 0.44305555555555554 0.025 0.03333333333333333