0 0.5015625 0.10138888888888889 0.50234375 0.1111111111111111 0.5 0.11388888888888889 0.49609375 0.1125 0.49609375 0.10277777777777777 0.50078125 0.10138888888888889
0 0.54453125 0.20972222222222223 0.54921875 0.2222222222222222 0.54921875 0.23333333333333334 0.546875 0.2375 0.5375 0.2375 0.53515625 0.23333333333333334 0.53671875 0.2125 0.54375 0.20972222222222223
0 0.417578125 0.11736111111111111 0.00859375 0.015277777777777777
0 0.3890625 0.12916666666666668 0.390625 0.1375 0.38828125 0.14305555555555555 0.38203125 0.14027777777777778 0.3828125 0.13194444444444445 0.38828125 0.12916666666666668
0 0.396875 0.13055555555555556 0.40078125 0.13472222222222222 0.40078125 0.14583333333333334 0.3984375 0.1486111111111111 0.39140625 0.14583333333333334 0.39140625 0.13472222222222222 0.39609375 0.13194444444444445
0 0.55703125 0.3 0.55859375 0.3111111111111111 0.55625 0.3263888888888889 0.553125 0.325 0.5515625 0.31527777777777777 0.55234375 0.30277777777777776 0.55625 0.3
0 0.3640625 0.11388888888888889 0.36875 0.11805555555555555 0.36875 0.12638888888888888 0.365625 0.12916666666666668 0.359375 0.125 0.36015625 0.11527777777777778 0.36328125 0.11388888888888889
0 0.425 0.09583333333333334 0.425 0.10833333333333334 0.41953125 0.10555555555555556 0.41953125 0.1 0.42421875 0.09583333333333334
0 0.52109375 0.1125 0.5234375 0.11527777777777778 0.5234375 0.12222222222222222 0.51796875 0.12222222222222222 0.51484375 0.11805555555555555 0.515625 0.1111111111111111 0.5203125 0.1125
0 0.66640625 0.9722222222222222 0.68125 0.9708333333333333 0.7203125 0.9763888888888889 0.73125 0.9805555555555555 0.73828125 0.9972222222222222 0.66875 0.9986111111111111 0.66640625 0.9736111111111111
0 0.53046875 0.17777777777777778 0.5328125 0.1875 0.53203125 0.19583333333333333 0.52265625 0.19583333333333333 0.521875 0.19166666666666668 0.52265625 0.18055555555555555 0.525 0.1763888888888889 0.5296875 0.17777777777777778