0 0.500390625 0.11041666666666666 0.00703125 0.0125
0 0.5296875 0.18472222222222223 0.5328125 0.19027777777777777 0.5328125 0.20416666666666666 0.5296875 0.20555555555555555 0.52265625 0.20416666666666666 0.52265625 0.18888888888888888 0.525 0.18472222222222223 0.52890625 0.18472222222222223
0 0.54375 0.2361111111111111 0.015625 0.030555555555555555
0 0.4140625 0.1125 0.41640625 0.11944444444444445 0.415625 0.12916666666666668 0.409375 0.12916666666666668 0.4078125 0.125 0.40859375 0.11805555555555555 0.41328125 0.11388888888888889
0 0.3765625 0.1361111111111111 0.38125 0.1388888888888889 0.38046875 0.15 0.3765625 0.1527777777777778 0.371875 0.15138888888888888 0.371875 0.14305555555555555 0.37578125 0.1375
0 0.556640625 0.33958333333333335 0.00703125 0.03194444444444444
0 0.36953125 0.10972222222222222 0.37578125 0.10833333333333334 0.37890625 0.11527777777777778 0.37734375 0.12083333333333333 0.36953125 0.12083333333333333 0.36953125 0.1111111111111111
0 0.41796875 0.10277777777777777 0.4203125 0.10555555555555556 0.42109375 0.1125 0.41796875 0.11527777777777778 0.4140625 0.1125 0.4140625 0.10555555555555556 0.4171875 0.10416666666666667
0 0.38671875 0.1388888888888889 0.3921875 0.14305555555555555 0.3921875 0.15833333333333333 0.3859375 0.1597222222222222 0.38203125 0.15694444444444444 0.38125 0.14583333333333334 0.3859375 0.14027777777777778
0 0.0765625 0.23472222222222222 0.078125 0.2375 0.07734375 0.24166666666666667 0.065625 0.24861111111111112 0.05625 0.24722222222222223 0.059375 0.2361111111111111 0.06484375 0.23333333333333334 0.07578125 0.23472222222222222
0 0.51484375 0.1125 0.51875 0.1111111111111111 0.52421875 0.11805555555555555 0.5234375 0.12222222222222222 0.51796875 0.12222222222222222 0.51484375 0.11805555555555555 0.51484375 0.11388888888888889