0 0.55 0.15138888888888888 0.55 0.1625 0.54765625 0.16111111111111112 0.54765625 0.1527777777777778 0.54921875 0.15138888888888888
0 0.4390625 0.12013888888888889 0.0109375 0.018055555555555554
0 0.5078125 0.8694444444444445 0.51328125 0.8666666666666667 0.53046875 0.8680555555555556 0.53828125 0.8708333333333333 0.54296875 0.8777777777777778 0.5484375 0.9069444444444444 0.54921875 0.9666666666666667 0.55 0.9819444444444444 0.55234375 0.9861111111111112 0.55078125 0.9944444444444445 0.54375 0.9986111111111111 0.53203125 0.9986111111111111 0.53046875 0.9958333333333333 0.49375 0.9986111111111111 0.48671875 0.9875 0.4859375 0.9791666666666666 0.48984375 0.9763888888888889 0.49296875 0.9680555555555556 0.5015625 0.8916666666666667 0.5078125 0.8708333333333333
0 0.49453125 0.5166666666666667 0.49765625 0.5263888888888889 0.5 0.5513888888888889 0.5 0.5666666666666667 0.49453125 0.6013888888888889 0.48671875 0.5986111111111111 0.46640625 0.6 0.4640625 0.5930555555555556 0.46640625 0.5638888888888889 0.475 0.5208333333333334 0.4796875 0.5152777777777777 0.49375 0.5166666666666667
0 0.5359375 0.1375 0.5375 0.14027777777777778 0.5359375 0.15416666666666667 0.528125 0.1527777777777778 0.5265625 0.14722222222222223 0.528125 0.1388888888888889 0.53515625 0.1375
0 0.5296875 0.11388888888888889 0.53203125 0.11805555555555555 0.5296875 0.12638888888888888 0.52421875 0.11944444444444445 0.52578125 0.1125 0.52890625 0.11388888888888889
0 0.19609375 0.3388888888888889 0.20234375 0.3472222222222222 0.20234375 0.36666666666666664 0.2 0.3763888888888889 0.1890625 0.3861111111111111 0.171875 0.3861111111111111 0.16953125 0.37916666666666665 0.16953125 0.36944444444444446 0.18203125 0.34305555555555556 0.1953125 0.3388888888888889
0 0.425 0.11388888888888889 0.42734375 0.12361111111111112 0.421875 0.12777777777777777 0.41953125 0.12638888888888888 0.41875 0.12083333333333333 0.4203125 0.11527777777777778 0.42421875 0.11388888888888889
0 0.385546875 0.12361111111111112 0.01171875 0.016666666666666666
0 0.384375 0.14166666666666666 0.3859375 0.14305555555555555 0.3859375 0.15416666666666667 0.3765625 0.1527777777777778 0.378125 0.14305555555555555 0.38359375 0.14166666666666666
0 0.675 0.9833333333333333 0.7265625 0.9916666666666667 0.73203125 0.9986111111111111 0.66484375 0.9986111111111111 0.6640625 0.9888888888888889 0.665625 0.9847222222222223 0.67421875 0.9833333333333333
0 0.18046875 0.3388888888888889 0.1796875 0.325 0.18125 0.31666666666666665 0.19140625 0.3013888888888889 0.2 0.3013888888888889 0.20390625 0.3055555555555556 0.20546875 0.33055555555555555 0.203125 0.3375 0.19921875 0.3388888888888889 0.18125 0.3388888888888889