0 0.39609375 0.09722222222222222 0.4 0.09583333333333334 0.403125 0.09861111111111111 0.40234375 0.1111111111111111 0.40078125 0.1125 0.3953125 0.10972222222222222 0.39609375 0.09861111111111111
0 0.5015625 0.18055555555555555 0.50234375 0.16805555555555557 0.5046875 0.16805555555555557 0.5046875 0.18055555555555555 0.50234375 0.18055555555555555
0 0.52890625 0.31666666666666665 0.52734375 0.3125 0.52734375 0.2986111111111111 0.53125 0.29583333333333334 0.53359375 0.30416666666666664 0.53203125 0.3138888888888889 0.5296875 0.31666666666666665
0 0.4859375 0.16180555555555556 0.0109375 0.015277777777777777
0 0.368359375 0.12361111111111112 0.01171875 0.027777777777777776
0 0.48046875 0.1125 0.48359375 0.11944444444444445 0.4828125 0.12222222222222222 0.47734375 0.12222222222222222 0.47578125 0.11944444444444445 0.47578125 0.11527777777777778 0.4796875 0.1125
0 0.5015625 0.2611111111111111 0.5046875 0.2611111111111111 0.50625 0.2722222222222222 0.5046875 0.28055555555555556 0.5015625 0.2791666666666667 0.5015625 0.2625
0 0.428125 0.16805555555555557 0.43515625 0.16666666666666666 0.4359375 0.17222222222222222 0.4359375 0.18333333333333332 0.42890625 0.18472222222222223 0.42734375 0.18194444444444444 0.428125 0.16944444444444445
0 0.384375 0.09583333333333334 0.3859375 0.09861111111111111 0.3859375 0.11388888888888889 0.38359375 0.11944444444444445 0.37734375 0.11944444444444445 0.375 0.1111111111111111 0.3765625 0.1 0.3796875 0.09583333333333334 0.38359375 0.09583333333333334
0 0.5 0.44027777777777777 0.5015625 0.44305555555555554 0.5015625 0.4583333333333333 0.49921875 0.4652777777777778 0.49609375 0.4625 0.49453125 0.44305555555555554 0.4953125 0.44027777777777777 0.49921875 0.44027777777777777
0 0.53671875 0.5194444444444445 0.0109375 0.030555555555555555
0 0.49453125 0.22777777777777777 0.49765625 0.2263888888888889 0.4984375 0.23194444444444445 0.49765625 0.24722222222222223 0.49453125 0.24583333333333332 0.49453125 0.22916666666666666
0 0.25234375 0.14722222222222223 0.2546875 0.15138888888888888 0.25546875 0.16805555555555557 0.24921875 0.1736111111111111 0.24375 0.1736111111111111 0.2421875 0.17083333333333334 0.240625 0.15 0.24296875 0.14722222222222223 0.2515625 0.14722222222222223
0 0.43828125 0.7638888888888888 0.44140625 0.7680555555555556 0.453125 0.7652777777777777 0.45390625 0.7694444444444445 0.45234375 0.8041666666666667 0.446875 0.8208333333333333 0.44453125 0.8222222222222222 0.4421875 0.8194444444444444 0.4390625 0.7958333333333333 0.43984375 0.775 0.43828125 0.7652777777777777