0 0.5328125 0.30416666666666664 0.53515625 0.30833333333333335 0.5328125 0.3236111111111111 0.5296875 0.32083333333333336 0.528125 0.3125 0.52890625 0.3055555555555556 0.53203125 0.30416666666666664
0 0.48828125 0.15555555555555556 0.490625 0.1625 0.490625 0.16805555555555557 0.4890625 0.16944444444444445 0.48046875 0.16805555555555557 0.48046875 0.15833333333333333 0.48203125 0.15555555555555556 0.4875 0.15555555555555556
0 0.5328125 0.5263888888888889 0.54140625 0.5277777777777778 0.540625 0.5486111111111112 0.5390625 0.5569444444444445 0.53671875 0.5583333333333333 0.53203125 0.5402777777777777 0.5328125 0.5277777777777778
0 0.50390625 0.2763888888888889 0.00625 0.025
0 0.38046875 0.10416666666666667 0.38359375 0.10972222222222222 0.38359375 0.11944444444444445 0.38125 0.12222222222222222 0.37578125 0.12222222222222222 0.3734375 0.11527777777777778 0.3734375 0.10833333333333334 0.37578125 0.10416666666666667 0.3796875 0.10416666666666667
0 0.365625 0.12638888888888888 0.0125 0.027777777777777776
0 0.47578125 0.11805555555555555 0.47734375 0.1125 0.48125 0.1125 0.48359375 0.11805555555555555 0.4828125 0.12222222222222222 0.47734375 0.12222222222222222 0.4765625 0.11944444444444445
0 0.43359375 0.16805555555555557 0.4359375 0.17777777777777778 0.43515625 0.1875 0.428125 0.1875 0.4265625 0.18333333333333332 0.42734375 0.17083333333333334 0.4328125 0.16805555555555557
0 0.5 0.4597222222222222 0.50078125 0.47638888888888886 0.4984375 0.4875 0.49453125 0.48055555555555557 0.49375 0.46111111111111114 0.49609375 0.4583333333333333 0.49921875 0.4597222222222222
0 0.2546875 0.14305555555555555 0.25859375 0.14444444444444443 0.26015625 0.1486111111111111 0.259375 0.16527777777777777 0.25078125 0.16944444444444445 0.24609375 0.16111111111111112 0.2453125 0.14583333333333334 0.25390625 0.14444444444444443
0 0.398046875 0.1076388888888889 0.00859375 0.020833333333333332
0 0.5046875 0.16944444444444445 0.50625 0.1736111111111111 0.5046875 0.18333333333333332 0.50234375 0.17916666666666667 0.50390625 0.17083333333333334
0 0.49453125 0.23194444444444445 0.49765625 0.23333333333333334 0.49765625 0.2513888888888889 0.4953125 0.25277777777777777 0.49296875 0.24444444444444444 0.49453125 0.23333333333333334
0 0.43125 0.8416666666666667 0.43515625 0.8444444444444444 0.446875 0.8416666666666667 0.4453125 0.8875 0.4390625 0.9083333333333333 0.43515625 0.9069444444444444 0.43203125 0.8833333333333333 0.43125 0.8430555555555556