0 0.533203125 0.3215277777777778 0.00703125 0.018055555555555554
0 0.484375 0.15555555555555556 0.4890625 0.15833333333333333 0.490625 0.16944444444444445 0.4859375 0.17222222222222222 0.48046875 0.17083333333333334 0.48046875 0.1597222222222222 0.48359375 0.15694444444444444
0 0.5328125 0.5527777777777778 0.5421875 0.5527777777777778 0.5421875 0.5652777777777778 0.5390625 0.5833333333333334 0.53671875 0.5833333333333334 0.53359375 0.5736111111111111 0.5328125 0.5541666666666667
0 0.504296875 0.2875 0.00546875 0.016666666666666666
0 0.3796875 0.10833333333333334 0.38203125 0.1125 0.38203125 0.12083333333333333 0.378125 0.125 0.37265625 0.12361111111111112 0.3703125 0.1125 0.37421875 0.10694444444444444 0.37890625 0.10833333333333334
0 0.49453125 0.25833333333333336 0.49296875 0.24027777777777778 0.49453125 0.2375 0.49765625 0.24027777777777778 0.49765625 0.25555555555555554 0.49453125 0.25972222222222224
0 0.3578125 0.11944444444444445 0.36640625 0.11805555555555555 0.36875 0.12361111111111112 0.36875 0.1361111111111111 0.3671875 0.14027777777777778 0.3578125 0.14027777777777778 0.3578125 0.12083333333333333
0 0.4765625 0.12083333333333333 0.47734375 0.1125 0.48125 0.1125 0.48359375 0.11666666666666667 0.4828125 0.12222222222222222 0.47734375 0.12083333333333333
0 0.43359375 0.17222222222222222 0.4359375 0.18888888888888888 0.4328125 0.19166666666666668 0.42734375 0.19027777777777777 0.42578125 0.18472222222222223 0.42734375 0.175 0.4328125 0.17222222222222222
0 0.49296875 0.48333333333333334 0.4984375 0.48194444444444445 0.5 0.4847222222222222 0.49765625 0.5111111111111111 0.49453125 0.5097222222222222 0.49296875 0.5027777777777778 0.49296875 0.4847222222222222
0 0.259375 0.14166666666666666 0.2625 0.14305555555555555 0.26328125 0.15555555555555556 0.2609375 0.16527777777777777 0.2578125 0.16805555555555557 0.25390625 0.16805555555555557 0.2515625 0.1638888888888889 0.25078125 0.1486111111111111 0.25234375 0.14444444444444443 0.25859375 0.14166666666666666
0 0.3984375 0.09722222222222222 0.40078125 0.09861111111111111 0.4 0.11666666666666667 0.39609375 0.11666666666666667 0.39296875 0.1125 0.39296875 0.1 0.39765625 0.09722222222222222
0 0.50546875 0.1798611111111111 0.0046875 0.015277777777777777
0 0.43984375 0.9375 0.4390625 0.9736111111111111 0.4359375 0.9888888888888889 0.43359375 0.9944444444444445 0.42578125 0.9972222222222222 0.42109375 0.9819444444444444 0.42109375 0.9388888888888889 0.43671875 0.9416666666666667 0.4390625 0.9375