0 0.34375 0.15416666666666667 0.3421875 0.14722222222222223 0.34296875 0.13333333333333333 0.34921875 0.12777777777777777 0.35703125 0.12916666666666668 0.35703125 0.1486111111111111 0.3515625 0.15555555555555556 0.34453125 0.15416666666666667
0 0.4875 0.16666666666666666 0.48984375 0.1736111111111111 0.48984375 0.17916666666666667 0.4875 0.18333333333333332 0.48125 0.18055555555555555 0.48203125 0.16944444444444445 0.48671875 0.16666666666666666
0 0.53984375 0.7652777777777777 0.53515625 0.7472222222222222 0.53359375 0.7236111111111111 0.5390625 0.7194444444444444 0.54609375 0.7194444444444444 0.54765625 0.7222222222222222 0.54609375 0.7430555555555556 0.540625 0.7638888888888888
0 0.36953125 0.11666666666666667 0.37265625 0.12222222222222222 0.37265625 0.13194444444444445 0.37109375 0.13472222222222222 0.36328125 0.13472222222222222 0.36171875 0.12916666666666668 0.36171875 0.11944444444444445 0.36484375 0.11388888888888889 0.36875 0.11666666666666667
0 0.421875 0.2125 0.421875 0.2 0.42421875 0.19166666666666668 0.4296875 0.19166666666666668 0.43125 0.19444444444444445 0.43203125 0.2111111111111111 0.43046875 0.21388888888888888 0.42265625 0.2125
0 0.50625 0.32083333333333336 0.5078125 0.325 0.50625 0.3375 0.50390625 0.3375 0.50234375 0.3333333333333333 0.50234375 0.32222222222222224 0.50546875 0.32083333333333336
0 0.28359375 0.12916666666666668 0.28515625 0.1486111111111111 0.2828125 0.1527777777777778 0.275 0.1527777777777778 0.27265625 0.14305555555555555 0.27421875 0.12916666666666668 0.2828125 0.12916666666666668
0 0.3921875 0.11388888888888889 0.009375 0.022222222222222223
0 0.51171875 0.18611111111111112 0.51171875 0.20277777777777778 0.50859375 0.2 0.50859375 0.1875 0.5109375 0.18611111111111112
0 0.49296875 0.27361111111111114 0.49453125 0.275 0.49453125 0.2916666666666667 0.49296875 0.29583333333333334 0.490625 0.29444444444444445 0.4890625 0.2833333333333333 0.48984375 0.2763888888888889 0.4921875 0.27361111111111114
0 0.54296875 0.3597222222222222 0.54296875 0.36944444444444446 0.53984375 0.38055555555555554 0.53671875 0.37222222222222223 0.53671875 0.3597222222222222 0.5421875 0.3597222222222222
0 0.490625 0.17916666666666667 0.4921875 0.18333333333333332 0.490625 0.19583333333333333 0.48828125 0.19166666666666668 0.48828125 0.18194444444444444 0.48984375 0.18055555555555555
0 0.48828125 0.6388888888888888 0.49453125 0.6444444444444445 0.49296875 0.6666666666666666 0.4875 0.6791666666666667 0.48359375 0.6625 0.48359375 0.6416666666666667 0.4875 0.6388888888888888