0 0.353125 0.13055555555555556 0.35546875 0.14444444444444443 0.353125 0.15555555555555556 0.34921875 0.1597222222222222 0.34296875 0.1597222222222222 0.33984375 0.15555555555555556 0.3390625 0.14027777777777778 0.34375 0.13194444444444445 0.35234375 0.13055555555555556
0 0.4890625 0.16944444444444445 0.490625 0.18194444444444444 0.4875 0.18472222222222223 0.48203125 0.18472222222222223 0.48125 0.1736111111111111 0.4828125 0.16944444444444445 0.48828125 0.16944444444444445
0 0.53984375 0.8180555555555555 0.534375 0.7847222222222222 0.534375 0.7722222222222223 0.5390625 0.7680555555555556 0.54765625 0.7680555555555556 0.5484375 0.7708333333333334 0.54609375 0.7986111111111112 0.54296875 0.8097222222222222 0.54296875 0.8166666666666667 0.540625 0.8180555555555555
0 0.4875 0.6847222222222222 0.4921875 0.6888888888888889 0.49140625 0.7138888888888889 0.4875 0.7305555555555555 0.484375 0.7277777777777777 0.48203125 0.7166666666666667 0.48046875 0.6916666666666667 0.48125 0.6861111111111111 0.48671875 0.6847222222222222
0 0.490625 0.28194444444444444 0.49453125 0.2861111111111111 0.49375 0.3013888888888889 0.490625 0.30416666666666664 0.48828125 0.29305555555555557 0.48828125 0.2875 0.490625 0.2833333333333333
0 0.53828125 0.36944444444444446 0.54453125 0.37083333333333335 0.54296875 0.3902777777777778 0.53984375 0.3902777777777778 0.5375 0.3819444444444444 0.53828125 0.37083333333333335
0 0.4296875 0.19722222222222222 0.43125 0.2152777777777778 0.428125 0.21944444444444444 0.42109375 0.21805555555555556 0.4203125 0.20555555555555555 0.42265625 0.19722222222222222 0.42890625 0.19722222222222222
0 0.365625 0.11527777777777778 0.3703125 0.12916666666666668 0.3703125 0.13472222222222222 0.36796875 0.1375 0.36171875 0.1375 0.3578125 0.13194444444444445 0.359375 0.12083333333333333 0.3625 0.11527777777777778 0.36484375 0.11527777777777778
0 0.5046875 0.32916666666666666 0.5078125 0.33611111111111114 0.50703125 0.3458333333333333 0.50390625 0.3486111111111111 0.50234375 0.34444444444444444 0.5015625 0.33194444444444443 0.50390625 0.33055555555555555
0 0.284375 0.12638888888888888 0.2875 0.12916666666666668 0.28828125 0.14305555555555555 0.28203125 0.1486111111111111 0.278125 0.14722222222222223 0.2765625 0.13194444444444445 0.2796875 0.12638888888888888 0.28359375 0.12638888888888888
0 0.39375 0.10277777777777777 0.39609375 0.10694444444444444 0.39609375 0.11388888888888889 0.3953125 0.12083333333333333 0.39140625 0.125 0.38671875 0.12361111111111112 0.38515625 0.11805555555555555 0.3859375 0.10833333333333334 0.39296875 0.10277777777777777
0 0.51171875 0.19791666666666666 0.0046875 0.018055555555555554