0 0.35078125 0.13472222222222222 0.35234375 0.14027777777777778 0.35078125 0.15833333333333333 0.34296875 0.1638888888888889 0.3375 0.16111111111111112 0.33671875 0.1388888888888889 0.3421875 0.13333333333333333 0.35 0.13472222222222222
0 0.48828125 0.17083333333333334 0.490625 0.1763888888888889 0.490625 0.18472222222222223 0.484375 0.1875 0.48125 0.18611111111111112 0.48125 0.175 0.48359375 0.17083333333333334 0.4875 0.17083333333333334
0 0.55 0.8236111111111111 0.54921875 0.8444444444444444 0.54296875 0.8777777777777778 0.53984375 0.8763888888888889 0.53984375 0.8694444444444445 0.5359375 0.8569444444444444 0.534375 0.8305555555555556 0.53828125 0.8236111111111111 0.54921875 0.8236111111111111
0 0.4859375 0.7388888888888889 0.4890625 0.7430555555555556 0.48984375 0.7583333333333333 0.48359375 0.7888888888888889 0.47890625 0.7708333333333334 0.47734375 0.7444444444444445 0.478125 0.7402777777777778 0.48515625 0.7388888888888889
0 0.36484375 0.11388888888888889 0.36796875 0.13194444444444445 0.365625 0.14027777777777778 0.359375 0.14027777777777778 0.35546875 0.13333333333333333 0.35546875 0.12083333333333333 0.35703125 0.11666666666666667 0.3609375 0.1125 0.3640625 0.11388888888888889
0 0.54609375 0.3819444444444444 0.54609375 0.39305555555555555 0.54375 0.4041666666666667 0.5390625 0.3958333333333333 0.5390625 0.38333333333333336 0.5453125 0.3819444444444444
0 0.425 0.21319444444444444 0.0125 0.02638888888888889
0 0.50546875 0.33055555555555555 0.5078125 0.3375 0.50546875 0.3597222222222222 0.50234375 0.35694444444444445 0.5015625 0.35138888888888886 0.5015625 0.3347222222222222 0.5046875 0.33055555555555555
0 0.28984375 0.125 0.2921875 0.12916666666666668 0.2921875 0.14166666666666666 0.2859375 0.14583333333333334 0.28046875 0.14305555555555555 0.2796875 0.13333333333333333 0.2828125 0.125 0.2890625 0.125
0 0.390234375 0.11597222222222223 0.01171875 0.02361111111111111
0 0.51171875 0.19166666666666668 0.5140625 0.19444444444444445 0.5140625 0.20555555555555555 0.51171875 0.20833333333333334 0.51015625 0.20277777777777778 0.51171875 0.19305555555555556
0 0.49140625 0.2916666666666667 0.49375 0.29583333333333334 0.49140625 0.31527777777777777 0.4875 0.3055555555555556 0.4875 0.29444444444444445 0.490625 0.2916666666666667
0 0.49140625 0.18611111111111112 0.49140625 0.2013888888888889 0.4890625 0.1986111111111111 0.4890625 0.1875 0.490625 0.18611111111111112