0 0.48203125 0.1736111111111111 0.4875 0.17222222222222222 0.490625 0.17777777777777778 0.490625 0.18888888888888888 0.48203125 0.18888888888888888 0.48203125 0.175
0 0.55 0.8875 0.5515625 0.8916666666666667 0.55078125 0.9138888888888889 0.54375 0.9486111111111111 0.54140625 0.9486111111111111 0.53671875 0.925 0.53515625 0.9 0.5390625 0.8888888888888888 0.54921875 0.8875
0 0.490625 0.3 0.49296875 0.30694444444444446 0.49140625 0.3236111111111111 0.48984375 0.325 0.4875 0.32083333333333336 0.48671875 0.3125 0.48671875 0.3055555555555556 0.48984375 0.3013888888888889
0 0.484375 0.8013888888888889 0.48828125 0.8097222222222222 0.4875 0.8236111111111111 0.48046875 0.8583333333333333 0.4765625 0.8416666666666667 0.47265625 0.8069444444444445 0.4765625 0.8013888888888889 0.48359375 0.8013888888888889
0 0.36015625 0.12986111111111112 0.0125 0.029166666666666667
0 0.5046875 0.3638888888888889 0.00625 0.019444444444444445
0 0.334375 0.15555555555555556 0.33359375 0.14166666666666666 0.33828125 0.1361111111111111 0.346875 0.1361111111111111 0.3484375 0.1388888888888889 0.34765625 0.16111111111111112 0.340625 0.16527777777777777 0.33515625 0.15555555555555556
0 0.39296875 0.10694444444444444 0.39453125 0.10833333333333334 0.39375 0.125 0.390625 0.12916666666666668 0.38671875 0.12916666666666668 0.38359375 0.125 0.38359375 0.10972222222222222 0.3859375 0.10555555555555556 0.3921875 0.10694444444444444
0 0.428125 0.20694444444444443 0.4296875 0.2263888888888889 0.42734375 0.23055555555555557 0.41796875 0.23055555555555557 0.4171875 0.22777777777777777 0.41796875 0.20972222222222223 0.42109375 0.20555555555555555 0.42734375 0.20694444444444443
0 0.51171875 0.19583333333333333 0.51484375 0.19583333333333333 0.515625 0.2 0.515625 0.20972222222222223 0.5125 0.2125 0.51171875 0.19722222222222222
0 0.546875 0.39444444444444443 0.54765625 0.40694444444444444 0.5453125 0.41388888888888886 0.54609375 0.41805555555555557 0.54296875 0.41805555555555557 0.53984375 0.40694444444444444 0.540625 0.3972222222222222 0.54609375 0.39444444444444443
0 0.2921875 0.12222222222222222 0.2953125 0.12638888888888888 0.29609375 0.13194444444444445 0.2953125 0.1388888888888889 0.2921875 0.14166666666666666 0.284375 0.1388888888888889 0.284375 0.125 0.2859375 0.12222222222222222 0.29140625 0.12222222222222222
0 0.490625 0.18888888888888888 0.4921875 0.19166666666666668 0.4921875 0.20416666666666666 0.4890625 0.20277777777777778 0.48984375 0.19027777777777777