0 0.40390625 0.6166666666666667 0.046875 0.08333333333333333
0 0.1203125 0.7465277777777778 0.11015625 0.12361111111111112
0 0.13984375 0.9284722222222223 0.15078125 0.1375
0 0.372265625 0.47638888888888886 0.0765625 0.14444444444444443
0 0.437890625 0.5048611111111111 0.0265625 0.04027777777777778
0 0.6484375 0.7277777777777777 0.0796875 0.12777777777777777
0 0.693359375 0.6277777777777778 0.0640625 0.09027777777777778
0 0.632421875 0.47152777777777777 0.025 0.03194444444444444
0 0.540625 0.4409722222222222 0.02734375 0.041666666666666664
0 0.7 0.6493055555555556 0.05390625 0.05277777777777778
0 0.4296875 0.4152777777777778 0.028125 0.043055555555555555