0 0.183203125 0.88125 0.1234375 0.15694444444444444
0 0.4078125 0.6020833333333333 0.0453125 0.07916666666666666
0 0.730859375 0.6902777777777778 0.0765625 0.1125
0 0.4390625 0.5006944444444444 0.028125 0.04583333333333333
0 0.1515625 0.7118055555555556 0.0984375 0.1125
0 0.376953125 0.4708333333333333 0.07421875 0.14166666666666666
0 0.642578125 0.4840277777777778 0.0265625 0.03888888888888889
0 0.68125 0.8263888888888888 0.09609375 0.18055555555555555
0 0.3765625 0.47152777777777777 0.07265625 0.14166666666666666
0 0.544921875 0.45 0.02578125 0.04583333333333333
0 0.42734375 0.4131944444444444 0.0359375 0.04583333333333333