0 0.30625 0.9041666666666667 0.11953125 0.18055555555555555
0 0.423046875 0.5451388888888888 0.0359375 0.06111111111111111
0 0.39453125 0.4486111111111111 0.06015625 0.12083333333333333
0 0.721484375 0.5770833333333333 0.0484375 0.06666666666666667
0 0.2921875 0.6784722222222223 0.06875 0.08888888888888889
0 0.63203125 0.46041666666666664 0.0265625 0.03611111111111111
0 0.5421875 0.4444444444444444 0.02421875 0.03888888888888889
0 0.448046875 0.47430555555555554 0.02578125 0.034722222222222224
0 0.56875 0.5305555555555556 0.0421875 0.07222222222222222
0 0.607421875 0.49722222222222223 0.02734375 0.044444444444444446
0 0.246875 0.5944444444444444 0.04921875 0.08055555555555556
0 0.581640625 0.4527777777777778 0.02421875 0.0375
0 0.433984375 0.40347222222222223 0.02734375 0.04722222222222222