0 0.669921875 0.6069444444444444 0.053125 0.08194444444444444
0 0.335546875 0.6034722222222222 0.05546875 0.07222222222222222
0 0.6796875 0.5145833333333333 0.03671875 0.05277777777777778
0 0.894921875 0.7881944444444444 0.10390625 0.14444444444444443
0 0.558984375 0.49375 0.03359375 0.04722222222222222
0 0.434375 0.5159722222222223 0.034375 0.05
0 0.625390625 0.7104166666666667 0.07890625 0.17083333333333334
0 0.359375 0.73125 0.08125 0.12777777777777777
0 0.403125 0.4354166666666667 0.05546875 0.10833333333333334
0 0.61171875 0.5118055555555555 0.040625 0.058333333333333334
0 0.403515625 0.4354166666666667 0.0546875 0.10694444444444444
0 0.29765625 0.5423611111111111 0.04375 0.06111111111111111
0 0.571484375 0.4423611111111111 0.02265625 0.03333333333333333