0 0.700390625 0.65625 0.06328125 0.1
0 0.958203125 0.89375 0.0828125 0.18055555555555555
0 0.337890625 0.5875 0.0453125 0.06388888888888888
0 0.037109375 0.8861111111111111 0.07421875 0.15138888888888888
0 0.5640625 0.5125 0.03359375 0.05277777777777778
0 0.370703125 0.7034722222222223 0.071875 0.11805555555555555
0 0.433984375 0.5076388888888889 0.0328125 0.05277777777777778
0 0.69609375 0.5326388888888889 0.0421875 0.058333333333333334
0 0.62734375 0.5326388888888889 0.04296875 0.0625
0 0.661328125 0.8152777777777778 0.10703125 0.2375
0 0.405859375 0.43125 0.05078125 0.10416666666666667
0 0.40625 0.4305555555555556 0.05078125 0.10277777777777777
0 0.6609375 0.8159722222222222 0.10703125 0.2361111111111111
0 0.30625 0.53125 0.04140625 0.0625
0 0.4546875 0.4527777777777778 0.02421875 0.030555555555555555
0 0.5765625 0.4486111111111111 0.02265625 0.030555555555555555