0 0.415625 0.5569444444444445 0.03984375 0.059722222222222225
0 0.371484375 0.5201388888888889 0.0375 0.04861111111111111
0 0.946875 0.8722222222222222 0.1046875 0.18333333333333332
0 0.36484375 0.7291666666666666 0.071875 0.11666666666666667
0 0.261328125 0.7131944444444445 0.07734375 0.10277777777777777
0 0.646484375 0.5736111111111111 0.0421875 0.06805555555555555
0 0.636328125 0.7333333333333333 0.08125 0.15416666666666667
0 0.568359375 0.5222222222222223 0.034375 0.05277777777777778
0 0.53515625 0.4131944444444444 0.0234375 0.034722222222222224
0 0.5953125 0.4736111111111111 0.0265625 0.0375
0 0.436328125 0.48055555555555557 0.02734375 0.041666666666666664
0 0.642578125 0.46597222222222223 0.04921875 0.08333333333333333
0 0.07265625 0.7951388888888888 0.1453125 0.3625
0 0.4140625 0.4548611111111111 0.02421875 0.03194444444444444
0 0.43359375 0.39305555555555555 0.03046875 0.06805555555555555
0 0.33984375 0.4861111111111111 0.02578125 0.0375
0 0.642578125 0.46319444444444446 0.0484375 0.07777777777777778