0 0.233203125 0.6756944444444445 0.190625 0.31666666666666665
0 0.37109375 0.5236111111111111 0.03828125 0.05416666666666667
0 0.373828125 0.6944444444444444 0.0578125 0.09722222222222222
0 0.42265625 0.5277777777777778 0.0375 0.059722222222222225
0 0.74609375 0.5930555555555556 0.05859375 0.08333333333333333
0 0.285546875 0.49444444444444446 0.096875 0.10138888888888889
0 0.670703125 0.5111111111111111 0.03203125 0.04861111111111111
0 0.632421875 0.7326388888888888 0.08359375 0.15694444444444444
0 0.440234375 0.47152777777777777 0.0265625 0.03611111111111111
0 0.611328125 0.4395833333333333 0.021875 0.034722222222222224
0 0.578125 0.44027777777777777 0.02265625 0.03194444444444444
0 0.410546875 0.45208333333333334 0.025 0.03194444444444444
0 0.444140625 0.3798611111111111 0.02578125 0.058333333333333334