0 0.403515625 0.60625 0.04609375 0.07361111111111111
0 0.34765625 0.7986111111111112 0.08828125 0.1361111111111111
0 0.35234375 0.5416666666666666 0.04375 0.059722222222222225
0 0.203125 0.8069444444444445 0.096875 0.12777777777777777
0 0.728125 0.58125 0.05078125 0.06527777777777778
0 0.571875 0.575 0.04140625 0.06527777777777778
0 0.65078125 0.5777777777777777 0.04765625 0.07083333333333333
0 0.37734375 0.45694444444444443 0.0390625 0.09444444444444444
0 0.428125 0.5368055555555555 0.03515625 0.05277777777777778
0 0.541015625 0.4354166666666667 0.0234375 0.03888888888888889
0 0.5890625 0.45625 0.021875 0.03333333333333333
0 0.43671875 0.4847222222222222 0.02734375 0.03888888888888889
0 0.383203125 0.44722222222222224 0.0484375 0.11527777777777778
0 0.18046875 0.6416666666666667 0.11484375 0.16666666666666666
0 0.18046875 0.6423611111111112 0.11640625 0.16666666666666666
0 0.46328125 0.4222222222222222 0.021875 0.0375