0 0.384765625 0.6722222222222223 0.0625 0.09305555555555556
0 0.415234375 0.5611111111111111 0.0390625 0.0625
0 0.776171875 0.8 0.10390625 0.15555555555555556
0 0.277734375 0.6729166666666667 0.0671875 0.08194444444444444
0 0.922265625 0.8145833333333333 0.1140625 0.15555555555555556
0 0.663671875 0.8798611111111111 0.10234375 0.19027777777777777
0 0.553515625 0.4791666666666667 0.03046875 0.05
0 0.372265625 0.5104166666666666 0.03515625 0.05138888888888889
0 0.615234375 0.5027777777777778 0.03203125 0.04722222222222222
0 0.3859375 0.4423611111111111 0.03828125 0.08472222222222223
0 0.305078125 0.9722222222222222 0.103125 0.05555555555555555
0 0.2453125 0.5736111111111111 0.0796875 0.12916666666666668
0 0.43515625 0.5118055555555555 0.034375 0.04722222222222222
0 0.464453125 0.42430555555555555 0.021875 0.03611111111111111
0 0.2453125 0.5736111111111111 0.07734375 0.12361111111111112