0 0.29140625 0.6513888888888889 0.0609375 0.07916666666666666
0 0.418359375 0.5513888888888889 0.03671875 0.059722222222222225
0 0.316015625 0.9375 0.11484375 0.12361111111111112
0 0.38984375 0.65 0.0609375 0.08888888888888889
0 0.626171875 0.5194444444444445 0.03671875 0.05138888888888889
0 0.976171875 0.9159722222222222 0.046875 0.14444444444444443
0 0.55859375 0.4951388888888889 0.034375 0.05555555555555555
0 0.377734375 0.5013888888888889 0.03671875 0.05138888888888889
0 0.7046875 0.9722222222222222 0.09453125 0.05555555555555555
0 0.38671875 0.4388888888888889 0.0375 0.07916666666666666
0 0.84765625 0.9076388888888889 0.1390625 0.18333333333333332
0 0.258203125 0.5604166666666667 0.075 0.11388888888888889
0 0.437109375 0.5055555555555555 0.0296875 0.044444444444444446
0 0.258984375 0.5618055555555556 0.07421875 0.11388888888888889
0 0.556640625 0.4125 0.0203125 0.02638888888888889
0 0.46484375 0.4236111111111111 0.0203125 0.034722222222222224