0 0.186328125 0.8319444444444445 0.10546875 0.13472222222222222
0 0.323046875 0.5993055555555555 0.046875 0.0625
0 0.058203125 0.8284722222222223 0.11640625 0.1388888888888889
0 0.35703125 0.8083333333333333 0.0875 0.1388888888888889
0 0.4046875 0.6013888888888889 0.0484375 0.07777777777777778
0 0.671875 0.5965277777777778 0.05234375 0.07361111111111111
0 0.579296875 0.5659722222222222 0.03984375 0.08194444444444444
0 0.4234375 0.5291666666666667 0.034375 0.05416666666666667
0 0.601171875 0.42986111111111114 0.0203125 0.030555555555555555
0 0.388671875 0.4798611111111111 0.03046875 0.03888888888888889
0 0.387890625 0.43194444444444446 0.034375 0.07361111111111111
0 0.567578125 0.42986111111111114 0.02109375 0.029166666666666667
0 0.287890625 0.5305555555555556 0.06171875 0.10277777777777777
0 0.441015625 0.48819444444444443 0.02890625 0.04027777777777778
0 0.2875 0.5305555555555556 0.06171875 0.10138888888888889