0 0.153125 0.7131944444444445 0.08203125 0.09861111111111111
0 0.33671875 0.5708333333333333 0.040625 0.06666666666666667
0 0.71953125 0.56875 0.05078125 0.06527777777777778
0 0.66015625 0.5881944444444445 0.0453125 0.07083333333333333
0 0.41484375 0.5902777777777778 0.04140625 0.06527777777777778
0 0.348828125 0.8354166666666667 0.09453125 0.15833333333333333
0 0.541015625 0.43125 0.02109375 0.03888888888888889
0 0.262109375 0.5777777777777777 0.04765625 0.059722222222222225
0 0.43125 0.5118055555555555 0.034375 0.05
0 0.383984375 0.4979166666666667 0.03125 0.044444444444444446
0 0.417578125 0.44305555555555554 0.025 0.03333333333333333
0 0.60703125 0.4395833333333333 0.01484375 0.02361111111111111
0 0.34765625 0.4666666666666667 0.040625 0.06666666666666667