0 0.179296875 0.8645833333333334 0.12890625 0.15833333333333333
0 0.75859375 0.7604166666666666 0.08515625 0.14166666666666666
0 0.82890625 0.6993055555555555 0.090625 0.11805555555555555
0 0.213671875 0.6430555555555556 0.06328125 0.08055555555555556
0 0.42421875 0.5576388888888889 0.03671875 0.058333333333333334
0 0.55 0.46111111111111114 0.0265625 0.05277777777777778
0 0.35703125 0.5388888888888889 0.03359375 0.05416666666666667
0 0.02578125 0.8840277777777777 0.05078125 0.1111111111111111
0 0.37890625 0.7145833333333333 0.06640625 0.09166666666666666
0 0.29140625 0.5458333333333333 0.04609375 0.05555555555555555
0 0.628515625 0.4625 0.02109375 0.030555555555555555
0 0.368359375 0.7520833333333333 0.0625 0.07222222222222222
0 0.59375 0.42430555555555555 0.0171875 0.02361111111111111
0 0.39375 0.4791666666666667 0.03203125 0.04027777777777778
0 0.35859375 0.45555555555555555 0.0359375 0.06527777777777778
0 0.436328125 0.49444444444444446 0.03046875 0.041666666666666664