0 0.113671875 0.9291666666666667 0.15 0.13333333333333333
0 0.20390625 0.6361111111111111 0.0734375 0.07916666666666666
0 0.064453125 0.8284722222222223 0.128125 0.13333333333333333
0 0.31796875 0.6125 0.05546875 0.075
0 0.765625 0.6298611111111111 0.059375 0.08333333333333333
0 0.41171875 0.5923611111111111 0.04375 0.07361111111111111
0 0.29921875 0.5409722222222222 0.03671875 0.05277777777777778
0 0.4390625 0.5048611111111111 0.03046875 0.04583333333333333
0 0.655078125 0.4965277777777778 0.0328125 0.04722222222222222
0 0.644921875 0.71875 0.0859375 0.16527777777777777
0 0.553125 0.4409722222222222 0.0171875 0.029166666666666667
0 0.4125 0.44722222222222224 0.02578125 0.034722222222222224
0 0.341796875 0.48680555555555555 0.03125 0.041666666666666664
0 0.392578125 0.4826388888888889 0.025 0.041666666666666664