0 0.1265625 0.7472222222222222 0.10390625 0.1125
0 0.335546875 0.5826388888888889 0.05078125 0.06527777777777778
0 0.234765625 0.6041666666666666 0.0625 0.07222222222222222
0 0.4171875 0.5736111111111111 0.040625 0.06666666666666667
0 0.864453125 0.7506944444444444 0.0921875 0.13055555555555556
0 0.188671875 0.8284722222222223 0.109375 0.1388888888888889
0 0.5609375 0.46111111111111114 0.02421875 0.03888888888888889
0 0.246484375 0.9680555555555556 0.12265625 0.06388888888888888
0 0.684375 0.5291666666666667 0.04296875 0.06388888888888888
0 0.440625 0.4986111111111111 0.03203125 0.04583333333333333
0 0.737890625 0.9243055555555556 0.1296875 0.15138888888888888
0 0.3984375 0.4736111111111111 0.025 0.04027777777777778
0 0.17265625 0.8493055555555555 0.078125 0.10138888888888889
0 0.309765625 0.5263888888888889 0.028125 0.05416666666666667
0 0.350390625 0.475 0.03046875 0.0375