0 0.1703125 0.8784722222222222 0.12109375 0.1527777777777778
0 0.37421875 0.5152777777777777 0.03671875 0.05
0 0.308203125 0.6222222222222222 0.05234375 0.075
0 0.63125 0.6638888888888889 0.0546875 0.09444444444444444
0 0.36015625 0.6965277777777777 0.075 0.10972222222222222
0 0.432421875 0.5229166666666667 0.03515625 0.05555555555555555
0 0.25078125 0.5951388888888889 0.05546875 0.07083333333333333
0 0.30234375 0.5256944444444445 0.04296875 0.05277777777777778
0 0.625 0.46111111111111114 0.021875 0.03194444444444444
0 0.97890625 0.9215277777777777 0.0421875 0.15
0 0.44921875 0.4708333333333333 0.0265625 0.034722222222222224
0 0.5671875 0.42569444444444443 0.0203125 0.02361111111111111