0 0.333984375 0.5791666666666667 0.04375 0.06388888888888888
0 0.38046875 0.6326388888888889 0.05625 0.08472222222222223
0 0.6546875 0.49722222222222223 0.02890625 0.043055555555555555
0 0.38671875 0.4951388888888889 0.0328125 0.041666666666666664
0 0.275390625 0.5631944444444444 0.0390625 0.05694444444444444
0 0.58046875 0.4479166666666667 0.0234375 0.029166666666666667
0 0.247265625 0.7402777777777778 0.0796875 0.10694444444444444
0 0.01875 0.9027777777777778 0.0375 0.09861111111111111
0 0.436328125 0.50625 0.0296875 0.04861111111111111
0 0.542578125 0.4361111111111111 0.0203125 0.03194444444444444
0 0.3203125 0.5069444444444444 0.034375 0.043055555555555555
0 0.451953125 0.4618055555555556 0.02578125 0.034722222222222224
0 0.233203125 0.7576388888888889 0.06640625 0.08194444444444444