0 0.080859375 0.7861111111111111 0.12890625 0.13055555555555556
0 0.703515625 0.5590277777777778 0.0390625 0.05694444444444444
0 0.396484375 0.5902777777777778 0.046875 0.07777777777777778
0 0.2921875 0.6597222222222222 0.0625 0.07916666666666666
0 0.351953125 0.5493055555555556 0.0375 0.05694444444444444
0 0.553125 0.46805555555555556 0.025 0.043055555555555555
0 0.60078125 0.4798611111111111 0.028125 0.04027777777777778
0 0.396484375 0.47708333333333336 0.03046875 0.04027777777777778
0 0.301953125 0.5340277777777778 0.03984375 0.05138888888888889
0 0.4390625 0.49583333333333335 0.02890625 0.044444444444444446
0 0.285546875 0.6659722222222222 0.05078125 0.07916666666666666
0 0.335546875 0.48819444444444443 0.03203125 0.04027777777777778
0 0.455078125 0.4583333333333333 0.02578125 0.04027777777777778