0 0.33671875 0.5895833333333333 0.0484375 0.06666666666666667
0 0.64609375 0.5597222222222222 0.04453125 0.05694444444444444
0 0.688671875 0.9104166666666667 0.1109375 0.17777777777777778
0 0.372265625 0.6847222222222222 0.06640625 0.09305555555555556
0 0.772265625 0.7881944444444444 0.10390625 0.14722222222222223
0 0.593359375 0.6173611111111111 0.05078125 0.08055555555555556
0 0.1921875 0.6541666666666667 0.078125 0.08055555555555556
0 0.430859375 0.49166666666666664 0.028125 0.04722222222222222
0 0.676171875 0.5159722222222223 0.03515625 0.05
0 0.109375 0.9527777777777777 0.1375 0.08888888888888889
0 0.298828125 0.5381944444444444 0.04609375 0.05277777777777778
0 0.380078125 0.5097222222222222 0.03203125 0.04583333333333333
0 0.600390625 0.4756944444444444 0.03359375 0.05555555555555555
0 0.450390625 0.45416666666666666 0.02578125 0.0375