0 0.364453125 0.5423611111111111 0.03984375 0.05555555555555555
0 0.236328125 0.7638888888888888 0.09453125 0.11666666666666667
0 0.665625 0.6006944444444444 0.05 0.075
0 0.830859375 0.7013888888888888 0.0875 0.11527777777777778
0 0.3984375 0.6006944444444444 0.04921875 0.06805555555555555
0 0.4359375 0.4756944444444444 0.028125 0.044444444444444446
0 0.84609375 0.9013888888888889 0.12578125 0.18194444444444444
0 0.258984375 0.5756944444444444 0.04765625 0.06111111111111111
0 0.63359375 0.46944444444444444 0.02421875 0.03333333333333333
0 0.686328125 0.5513888888888889 0.03984375 0.06111111111111111
0 0.3265625 0.5069444444444444 0.0375 0.044444444444444446
0 0.39453125 0.4826388888888889 0.025 0.0375
0 0.5421875 0.43333333333333335 0.02109375 0.030555555555555555
0 0.403515625 0.4708333333333333 0.04296875 0.059722222222222225