0 0.9625 0.8881944444444444 0.07421875 0.16805555555555557
0 0.40390625 0.5791666666666667 0.046875 0.06527777777777778
0 0.26640625 0.7055555555555556 0.075 0.09861111111111111
0 0.746484375 0.6215277777777778 0.05703125 0.08333333333333333
0 0.65703125 0.4979166666666667 0.03046875 0.043055555555555555
0 0.725390625 0.70625 0.0734375 0.11944444444444445
0 0.370703125 0.5291666666666667 0.0375 0.05277777777777778
0 0.43828125 0.4708333333333333 0.02421875 0.03888888888888889
0 0.27734375 0.5569444444444445 0.0421875 0.058333333333333334
0 0.5484375 0.45 0.02421875 0.03888888888888889
0 0.596484375 0.42083333333333334 0.0203125 0.02361111111111111
0 0.3359375 0.49722222222222223 0.0359375 0.044444444444444446
0 0.5671875 0.4201388888888889 0.02109375 0.029166666666666667