0 0.791796875 0.6729166666666667 0.06953125 0.1
0 0.279296875 0.6826388888888889 0.06953125 0.09305555555555556
0 0.407421875 0.5694444444444444 0.0453125 0.059722222222222225
0 0.552734375 0.4625 0.02734375 0.043055555555555555
0 0.289453125 0.5465277777777777 0.05 0.06111111111111111
0 0.779296875 0.7965277777777777 0.0921875 0.15416666666666667
0 0.670703125 0.5138888888888888 0.034375 0.05138888888888889
0 0.439453125 0.46597222222222223 0.02421875 0.04027777777777778
0 0.375390625 0.5215277777777778 0.03359375 0.04861111111111111
0 0.601953125 0.4270833333333333 0.0171875 0.027777777777777776
0 0.787890625 0.8083333333333333 0.07421875 0.12638888888888888