0 0.41015625 0.5631944444444444 0.04453125 0.06111111111111111
0 0.854296875 0.7472222222222222 0.09375 0.12777777777777777
0 0.558203125 0.47847222222222224 0.03203125 0.044444444444444446
0 0.68828125 0.5333333333333333 0.0390625 0.05138888888888889
0 0.291796875 0.6625 0.065625 0.08194444444444444
0 0.38125 0.5152777777777777 0.0359375 0.05
0 0.296484375 0.5368055555555555 0.04375 0.05
0 0.86953125 0.9097222222222222 0.16875 0.1763888888888889
0 0.440625 0.4638888888888889 0.02421875 0.041666666666666664
0 0.534765625 0.4131944444444444 0.02109375 0.03333333333333333
0 0.575 0.43472222222222223 0.0203125 0.030555555555555555
0 0.6078125 0.43333333333333335 0.01875 0.03194444444444444
0 0.343359375 0.4875 0.034375 0.04027777777777778