0 0.948046875 0.8777777777777778 0.103125 0.17916666666666667
0 0.33828125 0.5763888888888888 0.0453125 0.0625
0 0.66171875 0.49444444444444446 0.03125 0.04861111111111111
0 0.422265625 0.525 0.0375 0.04722222222222222
0 0.556640625 0.47430555555555554 0.02734375 0.05
0 0.2203125 0.8027777777777778 0.10390625 0.14027777777777778
0 0.624609375 0.5180555555555556 0.03515625 0.05138888888888889
0 0.631640625 0.6944444444444444 0.065625 0.125
0 0.330078125 0.49930555555555556 0.0359375 0.043055555555555555
0 0.395703125 0.4875 0.03046875 0.043055555555555555
0 0.36171875 0.4673611111111111 0.02734375 0.041666666666666664
0 0.44453125 0.45208333333333334 0.02421875 0.03611111111111111
0 0.4625 0.42291666666666666 0.02265625 0.03611111111111111
0 0.617578125 0.4486111111111111 0.01953125 0.029166666666666667