0 0.369921875 0.5201388888888889 0.0375 0.04861111111111111
0 0.098046875 0.9465277777777777 0.15625 0.10555555555555556
0 0.30703125 0.6395833333333333 0.06328125 0.08055555555555556
0 0.583203125 0.5506944444444445 0.04140625 0.06805555555555555
0 0.71171875 0.5631944444444444 0.046875 0.06666666666666667
0 0.541015625 0.4361111111111111 0.02421875 0.03611111111111111
0 0.665625 0.7777777777777778 0.08828125 0.18888888888888888
0 0.01953125 0.9111111111111111 0.0390625 0.10555555555555556
0 0.290234375 0.91875 0.13828125 0.16111111111111112
0 0.433203125 0.49583333333333335 0.0328125 0.04583333333333333
0 0.626953125 0.5131944444444444 0.03515625 0.04722222222222222
0 0.869140625 0.7361111111111112 0.10390625 0.1486111111111111
0 0.354296875 0.47152777777777777 0.0296875 0.041666666666666664
0 0.450390625 0.43680555555555556 0.02109375 0.03611111111111111
0 0.410546875 0.4625 0.028125 0.0375