0 0.123828125 0.9208333333333333 0.1578125 0.15138888888888888
0 0.5953125 0.5875 0.04609375 0.08055555555555556
0 0.737890625 0.5923611111111111 0.0515625 0.07222222222222222
0 0.038671875 0.8951388888888889 0.07578125 0.16111111111111112
0 0.30859375 0.8958333333333334 0.12109375 0.19583333333333333
0 0.375 0.5152777777777777 0.034375 0.04722222222222222
0 0.314453125 0.6256944444444444 0.05 0.07777777777777778
0 0.54375 0.44513888888888886 0.02578125 0.0375
0 0.727734375 0.9 0.13359375 0.2
0 0.63984375 0.5347222222222222 0.03984375 0.05694444444444444
0 0.433984375 0.4930555555555556 0.0328125 0.04583333333333333
0 0.942578125 0.8354166666666667 0.1140625 0.19166666666666668
0 0.358203125 0.46875 0.03046875 0.04027777777777778
0 0.4515625 0.4340277777777778 0.02109375 0.03194444444444444
0 0.412109375 0.45902777777777776 0.02578125 0.034722222222222224