0 0.237109375 0.7458333333333333 0.0875 0.10694444444444444
0 0.308984375 0.6229166666666667 0.0640625 0.07916666666666666
0 0.33359375 0.8513888888888889 0.09453125 0.1625
0 0.37421875 0.5229166666666667 0.0390625 0.05277777777777778
0 0.24375 0.5916666666666667 0.04453125 0.06666666666666667
0 0.669140625 0.6048611111111111 0.04921875 0.07777777777777778
0 0.3953125 0.6270833333333333 0.05703125 0.09444444444444444
0 0.543359375 0.4409722222222222 0.02265625 0.03333333333333333
0 0.459765625 0.4125 0.02578125 0.034722222222222224
0 0.445703125 0.4583333333333333 0.025 0.0375
0 0.619921875 0.4548611111111111 0.02578125 0.03194444444444444
0 0.617578125 0.45069444444444445 0.0203125 0.030555555555555555