0 0.081640625 0.7638888888888888 0.16328125 0.4027777777777778
0 0.289453125 0.6569444444444444 0.065625 0.08055555555555556
0 0.26953125 0.89375 0.10859375 0.1638888888888889
0 0.387890625 0.4986111111111111 0.0359375 0.04583333333333333
0 0.568359375 0.5215277777777778 0.03515625 0.05416666666666667
0 0.3359375 0.5763888888888888 0.046875 0.06527777777777778
0 0.409765625 0.5756944444444444 0.04765625 0.08055555555555556
0 0.367578125 0.7208333333333333 0.0640625 0.11527777777777778
0 0.28984375 0.5465277777777777 0.04375 0.058333333333333334
0 0.690625 0.5388888888888889 0.03671875 0.05416666666666667
0 0.6171875 0.4465277777777778 0.02109375 0.029166666666666667
0 0.448828125 0.45 0.02265625 0.03333333333333333