0 0.330859375 0.5888888888888889 0.05078125 0.06527777777777778
0 0.401171875 0.6215277777777778 0.0515625 0.08611111111111111
0 0.3359375 0.7125 0.0703125 0.10138888888888889
0 0.724609375 0.5680555555555555 0.05234375 0.06527777777777778
0 0.130859375 0.6638888888888889 0.26015625 0.3680555555555556
0 0.423828125 0.5333333333333333 0.03984375 0.06527777777777778
0 0.362890625 0.5347222222222222 0.040625 0.05277777777777778
0 0.403125 0.47430555555555554 0.03046875 0.043055555555555555
0 0.3265625 0.5027777777777778 0.03828125 0.04583333333333333
0 0.454296875 0.4409722222222222 0.0203125 0.025
0 0.54140625 0.43680555555555556 0.0203125 0.03333333333333333
0 0.59765625 0.41875 0.01796875 0.020833333333333332
0 0.565234375 0.41180555555555554 0.0171875 0.030555555555555555