0 0.3359375 0.5805555555555556 0.04921875 0.06111111111111111
0 0.404296875 0.6118055555555556 0.0484375 0.08472222222222223
0 0.757421875 0.6069444444444444 0.06171875 0.07777777777777778
0 0.342578125 0.6965277777777777 0.06484375 0.09583333333333334
0 0.137890625 0.6402777777777777 0.26640625 0.34305555555555556
0 0.36640625 0.5291666666666667 0.0375 0.05138888888888889
0 0.087890625 0.9520833333333333 0.13359375 0.09444444444444444
0 0.330859375 0.4986111111111111 0.03671875 0.04583333333333333
0 0.426953125 0.5222222222222223 0.0375 0.059722222222222225
0 0.56875 0.42083333333333334 0.01875 0.034722222222222224
0 0.544921875 0.4479166666666667 0.01953125 0.03194444444444444
0 0.60234375 0.4270833333333333 0.01796875 0.02638888888888889
0 0.405078125 0.47152777777777777 0.0296875 0.041666666666666664
0 0.454296875 0.4395833333333333 0.02109375 0.029166666666666667