0 0.407421875 0.6013888888888889 0.046875 0.07222222222222222
0 0.19921875 0.6590277777777778 0.07734375 0.09305555555555556
0 0.625 0.5194444444444445 0.0359375 0.05277777777777778
0 0.25 0.7118055555555556 0.084375 0.1111111111111111
0 0.38359375 0.5013888888888889 0.03046875 0.044444444444444446
0 0.3390625 0.4930555555555556 0.0328125 0.043055555555555555
0 0.56796875 0.4305555555555556 0.01953125 0.029166666666666667
0 0.464453125 0.4222222222222222 0.0203125 0.041666666666666664
0 0.44453125 0.4583333333333333 0.0234375 0.03611111111111111
0 0.57109375 0.3715277777777778 0.02578125 0.059722222222222225
0 0.57109375 0.3729166666666667 0.02421875 0.05694444444444444