0 0.339453125 0.8798611111111111 0.09921875 0.1638888888888889
0 0.3 0.6354166666666666 0.06328125 0.08055555555555556
0 0.223828125 0.63125 0.06875 0.07777777777777778
0 0.392578125 0.6576388888888889 0.0546875 0.08194444444444444
0 0.175 0.8395833333333333 0.1078125 0.14027777777777778
0 0.40078125 0.5597222222222222 0.0390625 0.059722222222222225
0 0.3015625 0.48541666666666666 0.10078125 0.16111111111111112
0 0.43203125 0.5229166666666667 0.03203125 0.05555555555555555
0 0.38203125 0.5055555555555555 0.03203125 0.04722222222222222
0 0.540234375 0.43472222222222223 0.021875 0.030555555555555555
0 0.6671875 0.5104166666666666 0.03515625 0.04861111111111111
0 0.7046875 0.9083333333333333 0.1109375 0.18055555555555555
0 0.605078125 0.4986111111111111 0.03046875 0.034722222222222224
0 0.4609375 0.4166666666666667 0.0234375 0.03194444444444444
0 0.4453125 0.475 0.02734375 0.04861111111111111