0 0.32734375 0.5861111111111111 0.05 0.06944444444444445
0 0.153125 0.9201388888888888 0.12734375 0.1527777777777778
0 0.37890625 0.7291666666666666 0.06953125 0.10555555555555556
0 0.325 0.46597222222222223 0.0875 0.1361111111111111
0 0.563671875 0.5048611111111111 0.03203125 0.05
0 0.83046875 0.7090277777777778 0.08515625 0.12083333333333333
0 0.268359375 0.5756944444444444 0.05 0.06666666666666667
0 0.40390625 0.6048611111111111 0.0453125 0.0763888888888889
0 0.72421875 0.7069444444444445 0.0734375 0.1111111111111111
0 0.24765625 0.7152777777777778 0.07578125 0.1
0 0.4375 0.5034722222222222 0.028125 0.05
0 0.391796875 0.48819444444444443 0.03046875 0.04027777777777778
0 0.40390625 0.5777777777777777 0.04765625 0.12638888888888888
0 0.40859375 0.5375 0.0328125 0.05138888888888889