0 0.377734375 0.7083333333333334 0.06484375 0.10138888888888889
0 0.4140625 0.5902777777777778 0.03984375 0.06944444444444445
0 0.291015625 0.9715277777777778 0.115625 0.05694444444444444
0 0.218359375 0.6236111111111111 0.0625 0.06805555555555555
0 0.636328125 0.5527777777777778 0.040625 0.06944444444444445
0 0.28046875 0.6604166666666667 0.07578125 0.10972222222222222
0 0.338671875 0.5736111111111111 0.04453125 0.058333333333333334
0 0.630859375 0.46597222222222223 0.02734375 0.03611111111111111
0 0.433984375 0.5215277777777778 0.03203125 0.05694444444444444
0 0.388671875 0.4131944444444444 0.04765625 0.09166666666666666
0 0.5640625 0.41180555555555554 0.015625 0.029166666666666667
0 0.4140625 0.45208333333333334 0.03359375 0.03888888888888889