0 0.423046875 0.5451388888888888 0.03671875 0.059722222222222225
0 0.725 0.6833333333333333 0.0734375 0.11805555555555555
0 0.134375 0.9236111111111112 0.14765625 0.15
0 0.2515625 0.5909722222222222 0.0453125 0.06527777777777778
0 0.59296875 0.4701388888888889 0.0234375 0.03194444444444444
0 0.39765625 0.47708333333333336 0.0265625 0.041666666666666664
0 0.311328125 0.6097222222222223 0.05703125 0.08333333333333333
0 0.357421875 0.4722222222222222 0.03046875 0.03888888888888889
0 0.58046875 0.38680555555555557 0.028125 0.05416666666666667
0 0.551171875 0.3701388888888889 0.02421875 0.075
0 0.450390625 0.44027777777777777 0.01875 0.03888888888888889