0 0.3375 0.8569444444444444 0.0984375 0.16805555555555557
0 0.395703125 0.6506944444444445 0.0515625 0.08055555555555556
0 0.269140625 0.7326388888888888 0.0859375 0.1111111111111111
0 0.312890625 0.6243055555555556 0.05390625 0.07222222222222222
0 0.5875 0.6027777777777777 0.04921875 0.07777777777777778
0 0.426171875 0.5361111111111111 0.03984375 0.05555555555555555
0 0.61953125 0.5055555555555555 0.03515625 0.05138888888888889
0 0.187109375 0.6631944444444444 0.07890625 0.09305555555555556
0 0.328515625 0.49375 0.03359375 0.05138888888888889
0 0.610546875 0.44930555555555557 0.01875 0.027777777777777776
0 0.3625 0.5256944444444445 0.04140625 0.06111111111111111
0 0.546484375 0.44305555555555554 0.0265625 0.04861111111111111
0 0.176171875 0.6673611111111111 0.0578125 0.08888888888888889
0 0.570703125 0.4270833333333333 0.01796875 0.029166666666666667
0 0.905078125 0.8034722222222223 0.18984375 0.25555555555555554
0 0.905078125 0.7895833333333333 0.18984375 0.28194444444444444
0 0.61328125 0.45 0.01953125 0.02638888888888889