0 0.4125 0.5944444444444444 0.04296875 0.06805555555555555
0 0.300390625 0.6729166666666667 0.0703125 0.09027777777777778
0 0.37109375 0.7361111111111112 0.0734375 0.12083333333333333
0 0.812890625 0.8215277777777777 0.1125 0.17916666666666667
0 0.33046875 0.5909722222222222 0.04375 0.06527777777777778
0 0.606640625 0.6284722222222222 0.05234375 0.1
0 0.244921875 0.5944444444444444 0.0609375 0.07361111111111111
0 0.568359375 0.5097222222222222 0.034375 0.05277777777777778
0 0.61484375 0.5020833333333333 0.03046875 0.05
0 0.432421875 0.5104166666666666 0.034375 0.05
0 0.688671875 0.5402777777777777 0.03671875 0.05416666666666667
0 0.36328125 0.5291666666666667 0.04296875 0.06111111111111111
0 0.69140625 0.5486111111111112 0.03671875 0.04027777777777778