0 0.417578125 0.5763888888888888 0.040625 0.06388888888888888
0 0.335546875 0.5826388888888889 0.0453125 0.06666666666666667
0 0.306640625 0.6548611111111111 0.0578125 0.0875
0 0.381640625 0.6979166666666666 0.065625 0.10833333333333334
0 0.312890625 0.9458333333333333 0.0953125 0.10555555555555556
0 0.11015625 0.9430555555555555 0.15 0.11388888888888889
0 0.729296875 0.9305555555555556 0.12734375 0.1388888888888889
0 0.2625 0.5743055555555555 0.0515625 0.07222222222222222
0 0.59921875 0.6090277777777777 0.0484375 0.08055555555555556
0 0.65625 0.5743055555555555 0.04453125 0.07361111111111111
0 0.765234375 0.6368055555555555 0.065625 0.0875
0 0.591015625 0.42291666666666666 0.01640625 0.02361111111111111
0 0.365625 0.5243055555555556 0.04609375 0.06527777777777778
0 0.5296875 0.4097222222222222 0.02109375 0.03611111111111111
0 0.4359375 0.5013888888888889 0.0328125 0.04722222222222222
0 0.56171875 0.4215277777777778 0.01953125 0.027777777777777776