0 0.354296875 0.78125 0.08046875 0.12361111111111112
0 0.34921875 0.55625 0.0375 0.06111111111111111
0 0.249609375 0.5895833333333333 0.0515625 0.06388888888888888
0 0.552734375 0.48055555555555557 0.02890625 0.03888888888888889
0 0.440625 0.5013888888888889 0.0296875 0.04722222222222222
0 0.634375 0.44583333333333336 0.0609375 0.10833333333333334
0 0.71640625 0.9111111111111111 0.11640625 0.17777777777777778
0 0.41171875 0.45625 0.0265625 0.0375
0 0.534375 0.4152777777777778 0.021875 0.04027777777777778
0 0.456640625 0.43680555555555556 0.02421875 0.029166666666666667
0 0.37265625 0.4576388888888889 0.028125 0.030555555555555555
0 0.537890625 0.4215277777777778 0.021875 0.034722222222222224
0 0.4046875 0.4534722222222222 0.0421875 0.04583333333333333