0 0.06484375 0.775 0.1296875 0.35833333333333334
0 0.2078125 0.7951388888888888 0.109375 0.12916666666666668
0 0.37109375 0.7381944444444445 0.0703125 0.10694444444444444
0 0.283984375 0.6708333333333333 0.06953125 0.08611111111111111
0 0.27734375 0.5465277777777777 0.0640625 0.10555555555555556
0 0.275390625 0.9659722222222222 0.1125 0.06805555555555555
0 0.676953125 0.5131944444444444 0.0328125 0.043055555555555555
0 0.41484375 0.5701388888888889 0.04375 0.0875
0 0.63515625 0.4666666666666667 0.021875 0.03333333333333333
0 0.10078125 0.9569444444444445 0.15078125 0.08333333333333333
0 0.603125 0.48680555555555555 0.02890625 0.04583333333333333
0 0.546875 0.46319444444444446 0.0296875 0.04027777777777778
0 0.344140625 0.5881944444444445 0.0515625 0.07083333333333333
0 0.59375 0.39861111111111114 0.03359375 0.06666666666666667
0 0.59453125 0.39861111111111114 0.03125 0.06666666666666667
0 0.5671875 0.4166666666666667 0.0265625 0.03333333333333333
0 0.103125 0.9722222222222222 0.153125 0.05555555555555555