0 0.2828125 0.9423611111111111 0.1234375 0.11527777777777778
0 0.21171875 0.7895833333333333 0.109375 0.12777777777777777
0 0.3765625 0.7173611111111111 0.0640625 0.10277777777777777
0 0.283984375 0.6708333333333333 0.06953125 0.08611111111111111
0 0.347265625 0.5777777777777777 0.0453125 0.06111111111111111
0 0.41484375 0.5694444444444444 0.04375 0.0875
0 0.561328125 0.5152777777777777 0.0328125 0.05277777777777778
0 0.728515625 0.5756944444444444 0.0484375 0.0625
0 0.641796875 0.5520833333333334 0.0421875 0.059722222222222225
0 0.608984375 0.4131944444444444 0.03359375 0.07916666666666666
0 0.101171875 0.9701388888888889 0.14921875 0.058333333333333334
0 0.665234375 0.5027777777777778 0.0296875 0.044444444444444446
0 0.086328125 0.7680555555555556 0.17265625 0.4097222222222222
0 0.604296875 0.41041666666666665 0.0421875 0.08194444444444444
0 0.289453125 0.5354166666666667 0.06015625 0.1
0 0.38984375 0.48541666666666666 0.034375 0.05
0 0.53671875 0.425 0.02265625 0.03194444444444444
0 0.09921875 0.9541666666666667 0.1546875 0.09166666666666666