0 0.290625 0.9270833333333334 0.121875 0.14305555555555555
0 0.0984375 0.7548611111111111 0.19609375 0.4236111111111111
0 0.57890625 0.575 0.04140625 0.07083333333333333
0 0.2140625 0.7847222222222222 0.10703125 0.125
0 0.784765625 0.6451388888888889 0.06640625 0.0875
0 0.691015625 0.6277777777777778 0.06640625 0.08888888888888889
0 0.284375 0.6701388888888888 0.0703125 0.08611111111111111
0 0.380078125 0.7048611111111112 0.06171875 0.09722222222222222
0 0.414453125 0.5694444444444444 0.04296875 0.08888888888888889
0 0.3515625 0.5756944444444444 0.04453125 0.0625
0 0.693359375 0.5388888888888889 0.0359375 0.05138888888888889
0 0.615234375 0.42083333333333334 0.05078125 0.0875
0 0.1015625 0.9694444444444444 0.14765625 0.059722222222222225
0 0.584765625 0.4548611111111111 0.0234375 0.03888888888888889
0 0.29765625 0.5263888888888889 0.059375 0.09583333333333334
0 0.615234375 0.4215277777777778 0.05 0.08611111111111111
0 0.542578125 0.44513888888888886 0.021875 0.03194444444444444
0 0.364453125 0.53125 0.03359375 0.04861111111111111