0 0.301171875 0.9159722222222222 0.11171875 0.16666666666666666
0 0.775390625 0.7736111111111111 0.09765625 0.14027777777777778
0 0.38515625 0.6902777777777778 0.0578125 0.09305555555555556
0 0.284375 0.6701388888888888 0.06953125 0.08611111111111111
0 0.216015625 0.7819444444444444 0.10703125 0.12361111111111112
0 0.877734375 0.7569444444444444 0.096875 0.13194444444444445
0 0.609765625 0.6805555555555556 0.05859375 0.10972222222222222
0 0.414453125 0.5694444444444444 0.04296875 0.0875
0 0.353515625 0.5701388888888889 0.04375 0.0625
0 0.733984375 0.5881944444444445 0.04765625 0.07083333333333333
0 0.54921875 0.4652777777777778 0.028125 0.04861111111111111
0 0.626953125 0.4340277777777778 0.05625 0.10416666666666667
0 0.100390625 0.9701388888888889 0.15078125 0.058333333333333334
0 0.303515625 0.5152777777777777 0.05625 0.08888888888888889
0 0.5984375 0.4777777777777778 0.028125 0.044444444444444446
0 0.303125 0.5173611111111112 0.05546875 0.09027777777777778
0 0.108984375 0.7541666666666667 0.2171875 0.45694444444444443
0 0.6265625 0.43472222222222223 0.0578125 0.10416666666666667
0 0.365234375 0.5263888888888889 0.034375 0.04861111111111111