0 0.305859375 0.90625 0.1078125 0.17222222222222222
0 0.386328125 0.6854166666666667 0.0578125 0.09444444444444444
0 0.21796875 0.78125 0.10546875 0.125
0 0.414453125 0.5694444444444444 0.04296875 0.08888888888888889
0 0.283984375 0.6701388888888888 0.06953125 0.08472222222222223
0 0.858984375 0.9013888888888889 0.1421875 0.19444444444444445
0 0.943359375 0.8430555555555556 0.1125 0.1638888888888889
0 0.762109375 0.6243055555555556 0.0578125 0.08194444444444444
0 0.3546875 0.5673611111111111 0.04140625 0.05555555555555555
0 0.6328125 0.44305555555555554 0.0609375 0.1125
0 0.100390625 0.9694444444444444 0.15078125 0.06111111111111111
0 0.6359375 0.7715277777777778 0.07890625 0.1486111111111111
0 0.307421875 0.5125 0.053125 0.08611111111111111
0 0.606640625 0.49166666666666664 0.0265625 0.04583333333333333
0 0.5546875 0.4826388888888889 0.02734375 0.04027777777777778
0 0.633203125 0.44375 0.0625 0.1111111111111111
0 0.5390625 0.42569444444444443 0.01953125 0.027777777777777776
0 0.11328125 0.7479166666666667 0.22578125 0.4583333333333333