0 0.14140625 0.6430555555555556 0.2625 0.3347222222222222
0 0.3328125 0.8194444444444444 0.08984375 0.1388888888888889
0 0.767578125 0.7673611111111112 0.0890625 0.1375
0 0.65546875 0.80625 0.08515625 0.15694444444444444
0 0.56796875 0.5194444444444445 0.03359375 0.05277777777777778
0 0.290234375 0.6638888888888889 0.06640625 0.08611111111111111
0 0.22421875 0.7680555555555556 0.1 0.11527777777777778
0 0.396875 0.6506944444444445 0.05234375 0.08194444444444444
0 0.41484375 0.5701388888888889 0.04375 0.08611111111111111
0 0.6125 0.4444444444444444 0.021875 0.027777777777777776
0 0.105078125 0.9541666666666667 0.14375 0.08611111111111111
0 0.72890625 0.5472222222222223 0.1375 0.22361111111111112
0 0.729296875 0.5472222222222223 0.1359375 0.22361111111111112
0 0.364453125 0.5493055555555556 0.040625 0.05694444444444444
0 0.327734375 0.4909722222222222 0.04453125 0.07916666666666666
0 0.365234375 0.5375 0.04296875 0.08055555555555556
0 0.432421875 0.5201388888888889 0.03125 0.06111111111111111