0 0.16640625 0.6215277777777778 0.234375 0.3055555555555556
0 0.29375 0.6541666666666667 0.06796875 0.08194444444444444
0 0.3390625 0.7965277777777777 0.08828125 0.13333333333333333
0 0.226171875 0.7659722222222223 0.10078125 0.11805555555555555
0 0.588671875 0.5861111111111111 0.04375 0.0763888888888889
0 0.79375 0.61875 0.1984375 0.30833333333333335
0 0.3984375 0.6409722222222223 0.05078125 0.08333333333333333
0 0.10546875 0.9513888888888888 0.14375 0.09166666666666666
0 0.41484375 0.5680555555555555 0.04375 0.08333333333333333
0 0.333984375 0.48333333333333334 0.0453125 0.07083333333333333
0 0.624609375 0.46041666666666664 0.025 0.03194444444444444
0 0.36640625 0.5444444444444444 0.0390625 0.05416666666666667
0 0.5421875 0.4409722222222222 0.02578125 0.04861111111111111
0 0.92578125 0.9680555555555556 0.103125 0.06388888888888888
0 0.57109375 0.42291666666666666 0.02109375 0.03194444444444444