0 0.1875 0.5979166666666667 0.209375 0.275
0 0.3453125 0.7798611111111111 0.08359375 0.12916666666666668
0 0.229296875 0.7583333333333333 0.09921875 0.11388888888888889
0 0.3 0.6465277777777778 0.06328125 0.08194444444444444
0 0.869921875 0.7451388888888889 0.259375 0.4930555555555556
0 0.40078125 0.6354166666666666 0.04921875 0.08055555555555556
0 0.62734375 0.7041666666666667 0.06640625 0.125
0 0.36953125 0.5395833333333333 0.040625 0.05555555555555555
0 0.6390625 0.4756944444444444 0.02578125 0.03888888888888889
0 0.414453125 0.5673611111111111 0.04375 0.08472222222222223
0 0.551171875 0.4666666666666667 0.0296875 0.05277777777777778
0 0.337890625 0.4798611111111111 0.04375 0.07222222222222222
0 0.10546875 0.9555555555555556 0.14140625 0.08333333333333333
0 0.5796875 0.4423611111111111 0.01796875 0.027777777777777776
0 0.088671875 0.9479166666666666 0.175 0.09722222222222222
0 0.557421875 0.3923611111111111 0.03515625 0.05416666666666667