0 0.19765625 0.5909722222222222 0.20078125 0.2625
0 0.347265625 0.7701388888888889 0.0828125 0.12222222222222222
0 0.30234375 0.6388888888888888 0.06328125 0.08194444444444444
0 0.231640625 0.7548611111111111 0.09609375 0.11388888888888889
0 0.646875 0.48819444444444443 0.03125 0.04027777777777778
0 0.401171875 0.6340277777777777 0.0484375 0.07916666666666666
0 0.662890625 0.8131944444444444 0.08828125 0.16111111111111112
0 0.340625 0.4777777777777778 0.0421875 0.07222222222222222
0 0.02421875 0.9277777777777778 0.0484375 0.13472222222222222
0 0.414453125 0.5673611111111111 0.04453125 0.08611111111111111
0 0.3703125 0.5388888888888889 0.03984375 0.05555555555555555
0 0.101171875 0.9527777777777777 0.14921875 0.08888888888888889
0 0.556640625 0.48541666666666666 0.03203125 0.05277777777777778
0 0.5859375 0.45069444444444445 0.02109375 0.029166666666666667
0 0.43203125 0.5138888888888888 0.02890625 0.04861111111111111