0 0.206640625 0.58125 0.19140625 0.25277777777777777
0 0.304296875 0.6347222222222222 0.0625 0.075
0 0.349609375 0.7625 0.08125 0.11805555555555555
0 0.6578125 0.5 0.03203125 0.043055555555555555
0 0.234765625 0.7486111111111111 0.09609375 0.1111111111111111
0 0.401171875 0.6326388888888889 0.0484375 0.07777777777777778
0 0.036328125 0.9145833333333333 0.07265625 0.15555555555555556
0 0.562890625 0.5055555555555555 0.0328125 0.06111111111111111
0 0.343359375 0.47430555555555554 0.040625 0.06944444444444445
0 0.103125 0.9583333333333334 0.1453125 0.07777777777777778
0 0.722265625 0.9388888888888889 0.128125 0.12222222222222222
0 0.414453125 0.5680555555555555 0.04375 0.08333333333333333
0 0.372265625 0.5375 0.0375 0.05555555555555555
0 0.5921875 0.46111111111111114 0.01953125 0.034722222222222224
0 0.43203125 0.5201388888888889 0.03046875 0.06111111111111111
0 0.531640625 0.40625 0.01953125 0.027777777777777776
0 0.102734375 0.9722222222222222 0.15390625 0.05555555555555555
0 0.551171875 0.4597222222222222 0.02578125 0.04722222222222222