0 0.213671875 0.5736111111111111 0.18203125 0.24444444444444444
0 0.046875 0.9027777777777778 0.09296875 0.17777777777777778
0 0.35078125 0.7548611111111111 0.08046875 0.11527777777777778
0 0.668359375 0.5125 0.0375 0.04861111111111111
0 0.307421875 0.6305555555555555 0.0609375 0.07361111111111111
0 0.237109375 0.7458333333333333 0.09375 0.1111111111111111
0 0.40234375 0.6319444444444444 0.04921875 0.08055555555555556
0 0.573046875 0.53125 0.0375 0.06388888888888888
0 0.10546875 0.9694444444444444 0.140625 0.058333333333333334
0 0.5578125 0.47152777777777777 0.02890625 0.04861111111111111
0 0.415234375 0.5680555555555555 0.04375 0.08611111111111111
0 0.345703125 0.47291666666666665 0.0390625 0.06944444444444445
0 0.37421875 0.5368055555555555 0.04140625 0.05694444444444444
0 0.600390625 0.4756944444444444 0.02421875 0.0375
0 0.53125 0.41041666666666665 0.021875 0.03333333333333333
0 0.562109375 0.47291666666666665 0.025 0.04861111111111111