0 0.353515625 0.7361111111111112 0.08203125 0.11527777777777778
0 0.403125 0.6270833333333333 0.0453125 0.07361111111111111
0 0.244921875 0.73125 0.09140625 0.10694444444444444
0 0.0765625 0.8166666666666667 0.1359375 0.14305555555555555
0 0.2390625 0.5520833333333334 0.1609375 0.22361111111111112
0 0.714453125 0.5708333333333333 0.04765625 0.059722222222222225
0 0.3140625 0.6208333333333333 0.0546875 0.07361111111111111
0 0.616015625 0.6569444444444444 0.0625 0.12222222222222222
0 0.105078125 0.9694444444444444 0.1421875 0.058333333333333334
0 0.29921875 0.9770833333333333 0.10390625 0.04583333333333333
0 0.632421875 0.5284722222222222 0.03671875 0.05416666666666667
0 0.10625 0.9583333333333334 0.14296875 0.08333333333333333
0 0.576171875 0.5333333333333333 0.0390625 0.06805555555555555
0 0.5375 0.4326388888888889 0.02265625 0.030555555555555555
0 0.41484375 0.5645833333333333 0.04453125 0.08055555555555556
0 0.37578125 0.5270833333333333 0.0328125 0.04861111111111111
0 0.351171875 0.46458333333333335 0.0359375 0.06527777777777778