0 0.369921875 0.525 0.040625 0.05555555555555555
0 0.42890625 0.5340277777777778 0.03515625 0.06111111111111111
0 0.185546875 0.85 0.12421875 0.14583333333333334
0 0.148046875 0.7145833333333333 0.10546875 0.11388888888888889
0 0.384765625 0.7013888888888888 0.0578125 0.09583333333333334
0 0.55546875 0.4930555555555556 0.0296875 0.04861111111111111
0 0.61484375 0.4798611111111111 0.0671875 0.1527777777777778
0 0.69609375 0.5090277777777777 0.10390625 0.1736111111111111
0 0.404296875 0.4583333333333333 0.025 0.04027777777777778
0 0.28125 0.5513888888888889 0.05546875 0.07777777777777778
0 0.28125 0.5506944444444445 0.05625 0.08055555555555556
0 0.566796875 0.4270833333333333 0.021875 0.030555555555555555