0 0.4109375 0.6048611111111111 0.04375 0.07083333333333333
0 0.346484375 0.7923611111111111 0.07734375 0.11388888888888889
0 0.82890625 0.6381944444444444 0.2109375 0.32916666666666666
0 0.22421875 0.6263888888888889 0.07578125 0.09305555555555556
0 0.584765625 0.5944444444444444 0.04453125 0.0763888888888889
0 0.273828125 0.6881944444444444 0.07734375 0.09444444444444444
0 0.68203125 0.5777777777777777 0.134375 0.26944444444444443
0 0.386328125 0.49375 0.034375 0.04583333333333333
0 0.547265625 0.46944444444444444 0.02734375 0.030555555555555555
0 0.581640625 0.46041666666666664 0.02421875 0.03611111111111111
0 0.438671875 0.4986111111111111 0.028125 0.05277777777777778
0 0.31484375 0.5138888888888888 0.04609375 0.07083333333333333
0 0.52890625 0.40069444444444446 0.01875 0.027777777777777776
0 0.415625 0.4388888888888889 0.02421875 0.041666666666666664
0 0.314453125 0.5131944444444444 0.0453125 0.06805555555555555
0 0.57421875 0.3951388888888889 0.01796875 0.02638888888888889