0 0.64453125 0.5354166666666667 0.0390625 0.05555555555555555
0 0.3515625 0.5458333333333333 0.04296875 0.06111111111111111
0 0.628515625 0.7069444444444445 0.06953125 0.1125
0 0.57109375 0.5263888888888889 0.0375 0.05416666666666667
0 0.43515625 0.5270833333333333 0.03515625 0.05416666666666667
0 0.6765625 0.5111111111111111 0.03515625 0.04583333333333333
0 0.370703125 0.68125 0.0671875 0.10138888888888889
0 0.32109375 0.5111111111111111 0.0359375 0.04722222222222222
0 0.134375 0.7673611111111112 0.26796875 0.4527777777777778
0 0.41953125 0.44583333333333336 0.02421875 0.034722222222222224
0 0.543359375 0.44027777777777777 0.02578125 0.03333333333333333