0 0.716796875 0.6479166666666667 0.06640625 0.09166666666666666
0 0.369921875 0.5152777777777777 0.0390625 0.04861111111111111
0 0.155078125 0.7368055555555556 0.309375 0.4986111111111111
0 0.731640625 0.5729166666666666 0.04921875 0.0625
0 0.39296875 0.6131944444444445 0.05546875 0.07916666666666666
0 0.555078125 0.475 0.02734375 0.043055555555555555
0 0.60234375 0.6319444444444444 0.05 0.08333333333333333
0 0.59453125 0.4131944444444444 0.0234375 0.04027777777777778
0 0.44140625 0.4979166666666667 0.03046875 0.043055555555555555
0 0.462890625 0.41597222222222224 0.01796875 0.029166666666666667
0 0.3390625 0.4888888888888889 0.02578125 0.03888888888888889
0 0.428515625 0.4326388888888889 0.021875 0.030555555555555555