0 0.9484375 0.8618055555555556 0.1015625 0.17916666666666667
0 0.050390625 0.8409722222222222 0.10078125 0.14305555555555555
0 0.333984375 0.5736111111111111 0.04296875 0.06527777777777778
0 0.54765625 0.46805555555555556 0.025 0.043055555555555555
0 0.431640625 0.5125 0.02890625 0.05
0 0.671875 0.5069444444444444 0.03125 0.05138888888888889
0 0.312109375 0.4791666666666667 0.0953125 0.15138888888888888
0 0.418359375 0.41180555555555554 0.040625 0.08888888888888889
0 0.58828125 0.45902777777777776 0.025 0.03333333333333333
0 0.034375 0.9694444444444444 0.06875 0.059722222222222225
0 0.3125 0.4798611111111111 0.0953125 0.15
0 0.6234375 0.4409722222222222 0.02734375 0.05555555555555555
0 0.622265625 0.4395833333333333 0.028125 0.05416666666666667
0 0.691015625 0.9069444444444444 0.10546875 0.18194444444444444
0 0.462890625 0.4131944444444444 0.0203125 0.029166666666666667