0 0.34375 0.5590277777777778 0.04296875 0.06388888888888888
0 0.6828125 0.5208333333333334 0.0375 0.05416666666666667
0 0.5515625 0.4840277777777778 0.0296875 0.04583333333333333
0 0.434375 0.5027777777777778 0.03046875 0.05138888888888889
0 0.3203125 0.4708333333333333 0.090625 0.1388888888888889
0 0.421875 0.40555555555555556 0.0421875 0.08888888888888889
0 0.065625 0.7944444444444444 0.13125 0.12777777777777777
0 0.08203125 0.9090277777777778 0.16328125 0.16944444444444445
0 0.59453125 0.46805555555555556 0.0265625 0.0375
0 0.32109375 0.46944444444444444 0.090625 0.14027777777777778
0 0.53359375 0.41597222222222224 0.01953125 0.03611111111111111
0 0.46328125 0.4125 0.0203125 0.029166666666666667
0 0.630078125 0.44930555555555557 0.03203125 0.059722222222222225