0 0.55703125 0.5020833333333333 0.03125 0.05138888888888889
0 0.353515625 0.5465277777777777 0.0390625 0.058333333333333334
0 0.69765625 0.5381944444444444 0.03671875 0.05694444444444444
0 0.42421875 0.4048611111111111 0.0390625 0.08194444444444444
0 0.437890625 0.4909722222222222 0.0296875 0.04861111111111111
0 0.600390625 0.4798611111111111 0.03046875 0.03888888888888889
0 0.328125 0.4652777777777778 0.0828125 0.13472222222222222
0 0.53515625 0.41944444444444445 0.021875 0.041666666666666664
0 0.105078125 0.8694444444444445 0.2078125 0.2513888888888889
0 0.328125 0.46458333333333335 0.08359375 0.13472222222222222
0 0.57265625 0.4166666666666667 0.0203125 0.03611111111111111
0 0.635546875 0.45625 0.03359375 0.06527777777777778