0 0.150390625 0.825 0.190625 0.2902777777777778
0 0.715625 0.5590277777777778 0.04140625 0.06388888888888888
0 0.56328125 0.5201388888888889 0.0328125 0.05694444444444444
0 0.3609375 0.5319444444444444 0.0359375 0.05277777777777778
0 0.609375 0.49166666666666664 0.03046875 0.043055555555555555
0 0.440234375 0.4840277777777778 0.0296875 0.04583333333333333
0 0.332421875 0.45625 0.08203125 0.12361111111111112
0 0.425 0.40625 0.03671875 0.07083333333333333
0 0.595703125 0.4166666666666667 0.02265625 0.030555555555555555
0 0.643359375 0.4652777777777778 0.0359375 0.06805555555555555
0 0.575 0.4215277777777778 0.02109375 0.0375
0 0.53828125 0.43125 0.02109375 0.030555555555555555