0 0.325251 0.893171 0.103950 0.166738
0 0.596526 0.618613 0.050580 0.082145
0 0.399826 0.625662 0.047803 0.075048
0 0.377805 0.508483 0.031616 0.043980
0 0.559436 0.487284 0.031669 0.043269
0 0.698566 0.515358 0.109162 0.175374
0 0.300504 0.531373 0.034613 0.048606
0 0.195361 0.746438 0.162676 0.274185
0 0.541367 0.444887 0.026354 0.040877
0 0.061652 0.762309 0.120511 0.207077
0 0.698181 0.514614 0.109076 0.173674
0 0.195263 0.746061 0.161693 0.274120
0 0.449629 0.470447 0.026731 0.044944
0 0.421160 0.438048 0.025686 0.036764
0 0.388246 0.436818 0.024982 0.032893
0 0.304359 0.525807 0.041920 0.055838
0 0.595537 0.426388 0.014816 0.024929