0 0.356381 0.816828 0.085958 0.139056
0 0.353003 0.555721 0.034087 0.062028
0 0.764927 0.624857 0.063479 0.086014
0 0.265946 0.689255 0.073163 0.094481
0 0.423238 0.541661 0.042221 0.074373
0 0.559650 0.492466 0.029481 0.048279
0 0.053595 0.807486 0.107091 0.190138
0 0.389096 0.492559 0.031582 0.043759
0 0.640419 0.543667 0.060778 0.115368
0 0.640240 0.543286 0.060023 0.119282
0 0.453176 0.453832 0.026829 0.035404
0 0.256980 0.576634 0.069715 0.116409
0 0.616794 0.446544 0.022906 0.032056
0 0.529739 0.398801 0.019649 0.027789