0 0.803741 0.669005 0.074206 0.099049
0 0.280677 0.663397 0.067358 0.086997
0 0.368629 0.770731 0.074674 0.120174
0 0.361629 0.542602 0.036183 0.058981
0 0.425255 0.529796 0.040874 0.068830
0 0.564878 0.513147 0.030953 0.051550
0 0.068533 0.770177 0.132876 0.171816
0 0.659365 0.576926 0.066318 0.145399
0 0.623928 0.452478 0.024666 0.036977
0 0.454847 0.448592 0.023030 0.029524
0 0.659263 0.575575 0.067053 0.143039
0 0.265863 0.566233 0.065344 0.112377
0 0.068726 0.769727 0.132882 0.172560
0 0.402342 0.419574 0.018861 0.029483
0 0.266748 0.565754 0.066340 0.115656
0 0.392717 0.487459 0.029787 0.041443