0 0.367008 0.533962 0.036228 0.055525
0 0.293303 0.640525 0.061334 0.079631
0 0.379127 0.732452 0.069130 0.112543
0 0.856702 0.729178 0.094305 0.119603
0 0.429387 0.520861 0.037373 0.064901
0 0.572011 0.537731 0.032617 0.057135
0 0.097113 0.739160 0.120042 0.157123
0 0.632892 0.462579 0.026102 0.034554
0 0.684356 0.613967 0.082732 0.167102
0 0.533639 0.411888 0.022812 0.031450
0 0.456176 0.445296 0.022160 0.028128
0 0.684187 0.614779 0.083133 0.167457
0 0.276672 0.550474 0.061839 0.111555
0 0.311826 0.538619 0.024339 0.072433
0 0.277034 0.548812 0.061725 0.110267
0 0.581082 0.423524 0.014568 0.032170