0 0.067996 0.765274 0.135716 0.381008
0 0.421256 0.574764 0.040424 0.062804
0 0.218989 0.796567 0.103772 0.137665
0 0.354671 0.537723 0.035804 0.054356
0 0.550432 0.472282 0.027570 0.040604
0 0.726703 0.574954 0.050880 0.068352
0 0.327906 0.496229 0.051817 0.081754
0 0.444701 0.470159 0.030190 0.047568
0 0.632005 0.485547 0.032560 0.050479
0 0.610908 0.441179 0.021276 0.027614
0 0.222095 0.596137 0.065763 0.097652
0 0.308976 0.984524 0.089716 0.030952
0 0.221396 0.595483 0.065502 0.097971
0 0.396897 0.482116 0.025819 0.039735
0 0.414320 0.466619 0.027582 0.063541
0 0.536817 0.412253 0.018432 0.035375