0 0.753453 0.604360 0.059976 0.087286
0 0.080959 0.753905 0.161706 0.405621
0 0.317211 0.950447 0.112297 0.099107
0 0.424653 0.560813 0.037422 0.057959
0 0.240593 0.754499 0.094121 0.120053
0 0.360722 0.528681 0.034493 0.051894
0 0.555521 0.488629 0.033265 0.046472
0 0.643232 0.499832 0.034425 0.047325
0 0.446635 0.467008 0.026519 0.049239
0 0.233096 0.584286 0.061744 0.090998
0 0.538935 0.421974 0.016173 0.027373
0 0.332811 0.492685 0.046514 0.085773
0 0.399172 0.479040 0.024290 0.039440
0 0.616615 0.447494 0.020162 0.028600