0 0.090650 0.744351 0.181007 0.421877
0 0.331064 0.922573 0.109203 0.153747
0 0.427417 0.546417 0.036520 0.057177
0 0.657396 0.516070 0.036097 0.056251
0 0.259538 0.721479 0.080728 0.107892
0 0.365456 0.519467 0.032719 0.049051
0 0.560085 0.507649 0.033228 0.052286
0 0.787042 0.643808 0.069397 0.094065
0 0.242225 0.571283 0.055669 0.087011
0 0.447484 0.459240 0.027060 0.045675
0 0.541933 0.429577 0.018965 0.027067
0 0.335804 0.489472 0.041349 0.079893
0 0.621592 0.452122 0.021395 0.031551
0 0.418185 0.445745 0.022894 0.039916