0 0.275040 0.691394 0.075244 0.097106
0 0.345769 0.875809 0.094061 0.155490
0 0.431346 0.534339 0.037331 0.053892
0 0.830576 0.691626 0.085635 0.117558
0 0.567326 0.531028 0.036185 0.055018
0 0.100063 0.749560 0.199528 0.471534
0 0.370589 0.513776 0.035686 0.049115
0 0.669140 0.530587 0.042917 0.061900
0 0.630531 0.462866 0.026464 0.032393
0 0.543848 0.437687 0.021334 0.034713
0 0.251780 0.561351 0.052587 0.088211
0 0.448093 0.455835 0.026171 0.046253
0 0.405132 0.468558 0.021915 0.035079
0 0.253139 0.560563 0.055328 0.083997
0 0.343245 0.482462 0.044791 0.084149
0 0.344728 0.480311 0.046486 0.077855