0 0.289837 0.667213 0.067580 0.090710
0 0.357373 0.822065 0.082109 0.134694
0 0.689939 0.555242 0.045648 0.070340
0 0.433889 0.526339 0.034944 0.053092
0 0.576069 0.560621 0.040064 0.064780
0 0.109725 0.740406 0.219192 0.473924
0 0.888706 0.762417 0.106418 0.149075
0 0.376555 0.504904 0.029703 0.044016
0 0.638054 0.472331 0.025506 0.035112
0 0.548125 0.447670 0.023270 0.033489
0 0.262965 0.552345 0.051927 0.083029
0 0.263515 0.552504 0.052461 0.084432
0 0.449912 0.451238 0.025009 0.042744
0 0.262553 0.552883 0.051051 0.084268