0 0.301135 0.644859 0.064372 0.086701
0 0.434851 0.515693 0.034424 0.050842
0 0.949321 0.855296 0.100537 0.196143
0 0.587932 0.600029 0.048111 0.075960
0 0.380366 0.494807 0.028107 0.042624
0 0.710567 0.581739 0.054665 0.077450
0 0.367620 0.775884 0.070824 0.119786
0 0.646667 0.482550 0.030035 0.038927
0 0.551277 0.460651 0.023598 0.035307
0 0.606656 0.443410 0.016294 0.021320
0 0.270578 0.542357 0.047317 0.075900
0 0.116399 0.707291 0.232308 0.434839
0 0.452030 0.446981 0.023311 0.041121
0 0.116275 0.707028 0.232122 0.434572
0 0.272006 0.541480 0.048310 0.076668
0 0.351590 0.468416 0.040409 0.074612