0 0.128471 0.669303 0.256084 0.401970
0 0.384827 0.706785 0.059633 0.100789
0 0.322038 0.607507 0.054077 0.076786
0 0.626226 0.725836 0.070304 0.121660
0 0.561600 0.490361 0.029922 0.044641
0 0.669308 0.510223 0.036082 0.047644
0 0.387679 0.486513 0.028606 0.040168
0 0.438324 0.497950 0.029427 0.043339
0 0.076251 0.946101 0.150902 0.106116
0 0.767719 0.652117 0.074193 0.104831
0 0.619314 0.458478 0.020699 0.031184
0 0.531460 0.386365 0.025516 0.036435
0 0.453916 0.439423 0.023566 0.037328
0 0.284202 0.526127 0.048061 0.072904