0 0.133403 0.640125 0.266777 0.356199
0 0.331949 0.593703 0.051686 0.074328
0 0.392170 0.678092 0.056798 0.088865
0 0.808762 0.702630 0.087787 0.131689
0 0.681014 0.524930 0.039219 0.055374
0 0.568391 0.511931 0.032624 0.048081
0 0.662753 0.844543 0.095388 0.175223
0 0.440700 0.490808 0.028874 0.046529
0 0.627154 0.467393 0.024652 0.032675
0 0.094279 0.908810 0.187243 0.181505
0 0.391798 0.479827 0.025072 0.037359
0 0.293117 0.518711 0.047010 0.067865
0 0.531933 0.388530 0.027580 0.037877
0 0.532431 0.389366 0.026773 0.037127
0 0.115772 0.731316 0.231544 0.537368