0 0.933155 0.865519 0.133689 0.204921
0 0.404262 0.631916 0.048906 0.078604
0 0.173810 0.595834 0.223288 0.291149
0 0.587735 0.570188 0.043273 0.066481
0 0.345377 0.564936 0.043019 0.064919
0 0.715203 0.566080 0.050343 0.067260
0 0.290787 0.976041 0.099237 0.047917
0 0.534632 0.394805 0.031379 0.043202
0 0.397074 0.468773 0.024475 0.038111
0 0.154841 0.856807 0.175084 0.276736
0 0.642922 0.487627 0.029857 0.038477
0 0.306221 0.506402 0.039701 0.065866
0 0.444094 0.477264 0.026635 0.040868
0 0.645695 0.492539 0.028542 0.029238
0 0.154342 0.856225 0.175715 0.274134