0 0.593377 0.576913 0.044326 0.068475
0 0.392701 0.668978 0.052342 0.085983
0 0.607671 0.495189 0.033928 0.056146
0 0.733115 0.922850 0.129091 0.152797
0 0.434898 0.483367 0.031955 0.041818
0 0.542372 0.454936 0.023547 0.037179
0 0.613030 0.418450 0.045350 0.087777
0 0.386092 0.494148 0.041400 0.058159
0 0.143517 0.615625 0.235926 0.347861
0 0.143323 0.616195 0.235109 0.345868
0 0.254778 0.637830 0.160885 0.267586
0 0.255287 0.637324 0.160780 0.268311
0 0.612822 0.417203 0.044401 0.085729
0 0.418030 0.441447 0.022467 0.032826