0 0.425604 0.541055 0.035545 0.054731
0 0.365332 0.750593 0.067388 0.111856
0 0.124893 0.748647 0.099691 0.106824
0 0.259860 0.520551 0.138840 0.204649
0 0.285336 0.647127 0.089912 0.155126
0 0.379512 0.509444 0.032235 0.044569
0 0.740124 0.606181 0.058249 0.074192
0 0.634408 0.470732 0.024016 0.032183
0 0.261260 0.520959 0.140813 0.203629
0 0.961114 0.897005 0.076718 0.178996
0 0.101038 0.952128 0.125279 0.092262
0 0.553970 0.431031 0.031473 0.062039
0 0.554548 0.431851 0.032101 0.062908
0 0.530780 0.405731 0.021211 0.029891
0 0.411439 0.443359 0.019971 0.032131