0 0.123612 0.942229 0.145240 0.114217
0 0.428392 0.530921 0.032205 0.048373
0 0.384541 0.500154 0.031710 0.049324
0 0.373053 0.721336 0.063238 0.104160
0 0.268417 0.513229 0.129020 0.196612
0 0.148982 0.722072 0.093119 0.101329
0 0.769278 0.640214 0.066660 0.085817
0 0.644323 0.483780 0.027549 0.037902
0 0.269530 0.513436 0.130288 0.195528
0 0.297399 0.623850 0.080505 0.146867
0 0.531210 0.410429 0.020360 0.035962
0 0.606971 0.443186 0.016476 0.023446
0 0.558547 0.439507 0.033376 0.067255
0 0.558144 0.438717 0.033713 0.066891
0 0.297817 0.623920 0.080556 0.147333
0 0.413427 0.440278 0.018433 0.030713