0 0.399119 0.631488 0.048672 0.076887
0 0.232889 0.769580 0.095301 0.119438
0 0.436487 0.494070 0.028104 0.040968
0 0.397319 0.477741 0.027087 0.042700
0 0.045853 0.805725 0.091618 0.350923
0 0.301640 0.482939 0.101835 0.163949
0 0.302432 0.482383 0.103186 0.162081
0 0.540548 0.440753 0.024786 0.040505
0 0.700520 0.550302 0.038675 0.054680
0 0.586131 0.493053 0.047893 0.099224
0 0.972890 0.921879 0.053169 0.121812
0 0.215244 0.640983 0.067175 0.082179
0 0.633992 0.471992 0.023075 0.036993
0 0.337056 0.566782 0.063249 0.120092