0 0.403359 0.613589 0.044897 0.074180
0 0.060352 0.788356 0.120555 0.379342
0 0.308642 0.477193 0.096818 0.157372
0 0.598569 0.514968 0.052907 0.105351
0 0.720889 0.576742 0.048690 0.065988
0 0.543837 0.449975 0.024344 0.040173
0 0.251911 0.734198 0.087435 0.113389
0 0.229565 0.621608 0.060635 0.073400
0 0.644708 0.487052 0.028944 0.040750
0 0.399474 0.474275 0.026520 0.043223
0 0.438362 0.486175 0.028675 0.041542
0 0.343319 0.553255 0.059290 0.103866
0 0.343993 0.553282 0.059668 0.102892
0 0.436519 0.413374 0.043525 0.053251