0 0.073553 0.777228 0.146954 0.396403
0 0.408398 0.596295 0.041379 0.068250
0 0.746299 0.606006 0.056807 0.081091
0 0.275021 0.977502 0.104613 0.044997
0 0.240723 0.608305 0.057841 0.068203
0 0.267904 0.706028 0.079196 0.100990
0 0.315097 0.470783 0.091140 0.148083
0 0.547274 0.464481 0.028616 0.042070
0 0.658349 0.496625 0.028686 0.045121
0 0.442884 0.481820 0.024949 0.035573
0 0.660413 0.501474 0.027467 0.037646
0 0.612749 0.539994 0.061007 0.125433
0 0.351287 0.543529 0.056929 0.098262
0 0.350654 0.544708 0.055419 0.097923
0 0.402059 0.463279 0.026223 0.041103