0 0.095032 0.756579 0.189530 0.434231
0 0.309100 0.907045 0.104330 0.169043
0 0.416485 0.568719 0.036335 0.058262
0 0.815524 0.688024 0.073797 0.106628
0 0.295351 0.657101 0.066618 0.088103
0 0.556526 0.491831 0.034114 0.050739
0 0.327657 0.461910 0.083383 0.136356
0 0.260910 0.585781 0.049733 0.063368
0 0.611262 0.497644 0.030396 0.043321
0 0.652441 0.611219 0.087043 0.178668
0 0.445076 0.468896 0.029163 0.035799
0 0.686954 0.531630 0.038587 0.058935
0 0.407795 0.459787 0.025003 0.034700
0 0.429300 0.420058 0.021283 0.029463
0 0.685185 0.521589 0.035214 0.044700
0 0.362931 0.526256 0.052443 0.091562