0 0.104214 0.749906 0.208116 0.451659
0 0.326871 0.847542 0.090422 0.139725
0 0.305491 0.637798 0.067332 0.082298
0 0.561975 0.511333 0.032928 0.058225
0 0.419674 0.557140 0.033820 0.060969
0 0.331169 0.457171 0.081339 0.133931
0 0.868333 0.751638 0.095241 0.134682
0 0.620374 0.517569 0.029809 0.052887
0 0.707894 0.561224 0.038303 0.057358
0 0.684638 0.667360 0.107181 0.224808
0 0.447161 0.461645 0.023981 0.035184
0 0.272807 0.565963 0.052502 0.075407
0 0.267991 0.572637 0.043958 0.063101
0 0.410354 0.454186 0.025451 0.036464
0 0.367418 0.513936 0.052444 0.078875
0 0.366115 0.516324 0.051138 0.082270