0 0.364335 0.724103 0.066478 0.104024
0 0.123912 0.693667 0.247547 0.413272
0 0.335606 0.589264 0.049669 0.068758
0 0.428991 0.525233 0.031621 0.048603
0 0.668941 0.607133 0.048800 0.078392
0 0.883373 0.893445 0.232275 0.211548
0 0.590743 0.606439 0.048983 0.088634
0 0.646535 0.489034 0.024426 0.038934
0 0.802296 0.671457 0.052821 0.072638
0 0.346813 0.445326 0.072490 0.125152
0 0.383375 0.492580 0.042325 0.079945
0 0.542970 0.428394 0.017467 0.033143
0 0.292044 0.541317 0.036410 0.054851
0 0.451963 0.447088 0.022067 0.030124
0 0.790514 0.654858 0.074931 0.105279
0 0.411318 0.438885 0.030957 0.038704