0 0.141282 0.639890 0.254981 0.346957
0 0.380172 0.667915 0.058314 0.090918
0 0.732915 0.716125 0.073928 0.116836
0 0.433007 0.508821 0.031512 0.047454
0 0.632416 0.737000 0.078402 0.141765
0 0.348768 0.564255 0.043426 0.062777
0 0.118185 0.939718 0.145659 0.115765
0 0.549727 0.446525 0.022689 0.033379
0 0.613890 0.461680 0.024358 0.035128
0 0.352375 0.437886 0.063864 0.113805
0 0.455242 0.440292 0.020947 0.034707
0 0.673145 0.520559 0.027855 0.047047
0 0.923105 0.800226 0.079945 0.126678
0 0.903877 0.780576 0.119409 0.168696
0 0.305426 0.528481 0.031808 0.045295
0 0.414498 0.434980 0.032447 0.045105
0 0.610829 0.457607 0.024763 0.037987
0 0.390124 0.480478 0.040768 0.071000