0 0.358214 0.551064 0.041192 0.061035
0 0.145924 0.911508 0.143025 0.163498
0 0.164253 0.620592 0.231658 0.317728
0 0.384781 0.645306 0.056323 0.084120
0 0.673042 0.861406 0.105825 0.208742
0 0.787936 0.810768 0.098498 0.155725
0 0.553569 0.456313 0.021780 0.038802
0 0.436770 0.498898 0.026478 0.044030
0 0.957717 0.886694 0.083665 0.212560
0 0.621226 0.467797 0.027250 0.036882
0 0.689162 0.540769 0.031336 0.052481
0 0.357271 0.435765 0.062165 0.114138
0 0.456405 0.437721 0.022167 0.038033
0 0.313146 0.519950 0.032776 0.049110
0 0.357763 0.433259 0.063353 0.112908
0 0.391789 0.472886 0.040392 0.069003