0 0.363202 0.539938 0.038936 0.053705
0 0.179263 0.859388 0.120821 0.144250
0 0.391668 0.625144 0.053629 0.075790
0 0.733642 0.957643 0.126107 0.084498
0 0.558418 0.469680 0.027162 0.040329
0 0.438684 0.489415 0.025120 0.037939
0 0.708651 0.565834 0.039439 0.064568
0 0.182226 0.601013 0.207534 0.287799
0 0.878131 0.923479 0.149756 0.152834
0 0.632389 0.480179 0.032260 0.041402
0 0.362297 0.431785 0.062736 0.114879
0 0.318693 0.514648 0.031606 0.047374
0 0.361170 0.434321 0.060297 0.107476
0 0.457651 0.434496 0.022488 0.033900