0 0.402032 0.590214 0.043637 0.069034
0 0.227519 0.776536 0.097826 0.117802
0 0.653165 0.505389 0.035606 0.053159
0 0.214338 0.569980 0.173508 0.253307
0 0.373228 0.520851 0.032937 0.048399
0 0.766787 0.633695 0.055293 0.083856
0 0.570923 0.504176 0.032078 0.050810
0 0.368175 0.422896 0.058370 0.100740
0 0.441751 0.475990 0.026849 0.041025
0 0.401989 0.460079 0.035132 0.061692
0 0.461946 0.425752 0.020082 0.029458
0 0.329658 0.499440 0.027309 0.040128
0 0.213801 0.570843 0.173302 0.248378
0 0.607271 0.440008 0.015942 0.022312