0 0.392079 0.563069 0.046377 0.060200
0 0.426568 0.513930 0.035236 0.047921
0 0.596850 0.604215 0.048351 0.076060
0 0.153744 0.751433 0.307255 0.479904
0 0.336217 0.895690 0.104267 0.190325
0 0.366137 0.524713 0.032322 0.053655
0 0.314505 0.512512 0.039144 0.046429
0 0.690960 0.624382 0.066455 0.091414
0 0.642844 0.475304 0.025922 0.034768
0 0.544128 0.448424 0.021865 0.035674
0 0.382065 0.411840 0.046374 0.088470
0 0.382122 0.411045 0.045943 0.089036
0 0.452600 0.447222 0.021290 0.030043
0 0.602943 0.483886 0.028869 0.045417
0 0.425381 0.429687 0.022086 0.034206