0 0.055755 0.860578 0.111376 0.155798
0 0.418391 0.537701 0.035077 0.054521
0 0.100309 0.951487 0.145138 0.092647
0 0.289747 0.666918 0.067802 0.084308
0 0.310516 0.935659 0.109007 0.125974
0 0.730313 0.606579 0.062611 0.084389
0 0.622465 0.648352 0.057005 0.095519
0 0.391794 0.492318 0.032030 0.040506
0 0.264386 0.518476 0.130837 0.202404
0 0.263726 0.516678 0.129250 0.201722
0 0.634614 0.468062 0.024465 0.036765
0 0.444872 0.457889 0.028473 0.033343
0 0.570850 0.437092 0.019245 0.031785
0 0.465221 0.413909 0.017506 0.028043
0 0.410366 0.443155 0.035428 0.051281
0 0.537393 0.414983 0.019980 0.027347
0 0.592034 0.420702 0.015720 0.018921