0 0.130774 0.922086 0.144817 0.151452
0 0.070601 0.815779 0.135950 0.137767
0 0.300761 0.649014 0.064711 0.081072
0 0.326571 0.898246 0.097819 0.157819
0 0.420081 0.528157 0.035469 0.053816
0 0.273864 0.511097 0.121828 0.188297
0 0.653589 0.725286 0.077041 0.123684
0 0.644406 0.477924 0.025450 0.037998
0 0.445131 0.451935 0.029902 0.038783
0 0.756377 0.640685 0.083967 0.100540
0 0.395970 0.486573 0.028120 0.041397
0 0.539601 0.420402 0.016638 0.025548
0 0.352396 0.471167 0.030595 0.045983
0 0.411768 0.439618 0.036637 0.052844
0 0.574660 0.445841 0.019435 0.030406