0 0.331851 0.603350 0.057889 0.070551
0 0.365125 0.758535 0.070792 0.112471
0 0.153008 0.713280 0.094885 0.098963
0 0.217289 0.785561 0.095807 0.122301
0 0.301221 0.488265 0.102468 0.160944
0 0.431196 0.500339 0.031517 0.045498
0 0.546025 0.445037 0.021065 0.031756
0 0.677447 0.517702 0.033809 0.053335
0 0.405221 0.469021 0.027275 0.038006
0 0.937611 0.877146 0.124016 0.203308
0 0.593184 0.476713 0.023930 0.039102
0 0.610061 0.445947 0.018571 0.024669
0 0.452408 0.441573 0.020833 0.028634
0 0.569125 0.426484 0.020498 0.026612