0 0.237637 0.750374 0.086186 0.112052
0 0.337284 0.588050 0.048892 0.062509
0 0.373761 0.725628 0.067756 0.104453
0 0.175149 0.688877 0.087252 0.096397
0 0.259114 0.970317 0.114721 0.057862
0 0.308381 0.480592 0.096675 0.157739
0 0.691145 0.535094 0.040881 0.061814
0 0.548038 0.453546 0.022226 0.032643
0 0.599422 0.489430 0.028189 0.040975
0 0.432707 0.493315 0.029990 0.041975
0 0.615141 0.450996 0.019145 0.028106
0 0.408148 0.465927 0.025033 0.036358
0 0.161288 0.690928 0.061826 0.094509
0 0.423379 0.427201 0.029084 0.046781