0 0.321990 0.822673 0.097107 0.137730
0 0.394562 0.652607 0.052684 0.079785
0 0.358118 0.554213 0.045112 0.059403
0 0.635045 0.555327 0.040794 0.062833
0 0.282433 0.671726 0.067214 0.088694
0 0.757143 0.613024 0.061801 0.089689
0 0.561771 0.492314 0.029283 0.043373
0 0.219879 0.627662 0.062273 0.078887
0 0.587775 0.462081 0.024381 0.038040
0 0.326805 0.464743 0.081985 0.133961
0 0.020650 0.886618 0.041284 0.134361
0 0.326408 0.464217 0.082367 0.133955
0 0.079228 0.952759 0.156314 0.092297
0 0.637191 0.474469 0.024315 0.035750
0 0.440449 0.472500 0.025592 0.038398
0 0.399841 0.398794 0.043718 0.082250