0 0.381360 0.714192 0.064043 0.098454
0 0.385822 0.497030 0.032470 0.047515
0 0.431317 0.516823 0.032599 0.056929
0 0.569795 0.525854 0.039666 0.057223
0 0.657863 0.506839 0.037111 0.054558
0 0.747595 0.709915 0.084359 0.139832
0 0.560025 0.468092 0.027092 0.041972
0 0.628445 0.686304 0.065735 0.151538
0 0.199386 0.715068 0.248564 0.397111
0 0.592986 0.389812 0.032795 0.076569
0 0.199266 0.714476 0.247446 0.396100
0 0.593180 0.389009 0.033964 0.076324
0 0.413297 0.434781 0.024936 0.038514
0 0.533382 0.409671 0.021556 0.033689