0 0.402995 0.637101 0.050501 0.078723
0 0.591158 0.591942 0.049642 0.079908
0 0.694755 0.551839 0.047947 0.065654
0 0.572181 0.502371 0.032914 0.049649
0 0.898230 0.916060 0.153164 0.162396
0 0.395698 0.480194 0.029307 0.043379
0 0.437547 0.494667 0.028386 0.048229
0 0.601032 0.397023 0.038220 0.086915
0 0.260539 0.634988 0.177454 0.297009
0 0.537523 0.422741 0.020944 0.035096
0 0.260322 0.633296 0.179146 0.296368
0 0.712432 0.891392 0.112460 0.212331
0 0.459261 0.423363 0.026652 0.040801
0 0.601602 0.396714 0.037283 0.087347
0 0.419598 0.427874 0.025127 0.032516