0 0.604023 0.587892 0.045439 0.073422
0 0.796882 0.675869 0.083120 0.113798
0 0.113361 0.946593 0.150997 0.106248
0 0.422674 0.565604 0.039383 0.061883
0 0.616412 0.411933 0.049535 0.104351
0 0.314136 0.556957 0.120422 0.208307
0 0.663801 0.817040 0.094884 0.168832
0 0.545638 0.450929 0.023559 0.035538
0 0.042649 0.896379 0.083231 0.167518
0 0.406254 0.463768 0.027802 0.040612
0 0.574253 0.427461 0.020485 0.037900
0 0.445568 0.469651 0.029135 0.046231
0 0.042244 0.895295 0.084043 0.160626
0 0.462209 0.413630 0.023536 0.035443