0 0.28046875 0.59140625 0.06796875 0.0609375
0 0.47734375 0.47109375 0.046875 0.0453125
0 0.5640625 0.35 0.02578125 0.025
0 0.63359375 0.31953125 0.01953125 0.01953125
0 0.66875 0.303125 0.015625 0.01484375
0 0.75703125 0.28203125 0.0125 0.01171875
0 0.74921875 0.27578125 0.01171875 0.01171875
0 0.753125 0.8828125 0.08046875 0.11953125
0 0.959375 0.8265625 0.08125 0.1125
0 0.70390625 0.6140625 0.0578125 0.071875
0 0.778125 0.52421875 0.0453125 0.06015625
2 0.775 0.35078125 0.03671875 0.0609375
0 0.80703125 0.31640625 0.0140625 0.01484375
0 0.8203125 0.30078125 0.01328125 0.01328125
0 0.8359375 0.2875 0.0125 0.01328125