0 0.79296875 0.58359375 0.0515625 0.059375
2 0.56796875 0.33828125 0.05546875 0.06171875
2 0.6671875 0.2921875 0.0375 0.04140625
0 0.6890625 0.31015625 0.01796875 0.01953125
0 0.72265625 0.296875 0.01484375 0.0140625
0 0.71171875 0.2890625 0.0125 0.01328125
0 0.7296875 0.28125 0.0140625 0.01484375
0 0.7578125 0.271875 0.0109375 0.0125
0 0.77109375 0.2734375 0.0125 0.01171875
0 0.7546875 0.3359375 0.0203125 0.02109375
0 0.7953125 0.32578125 0.015625 0.0171875
0 0.81328125 0.309375 0.01484375 0.0171875
0 0.8515625 0.26640625 0.0078125 0.01015625
0 0.84296875 0.25625 0.00703125 0.0078125