0 0.08359375 0.778125 0.1109375 0.14296875
0 0.24453125 0.80234375 0.10078125 0.15
0 0.3921875 0.58046875 0.06796875 0.09375
0 0.353125 0.50703125 0.05859375 0.0703125
0 0.53671875 0.415625 0.03046875 0.03984375
0 0.5015625 0.390625 0.03515625 0.03203125
0 0.59609375 0.3625 0.028125 0.03125
2 0.63125 0.31015625 0.03515625 0.040625
0 0.68203125 0.31484375 0.01875 0.0203125
0 0.68203125 0.296875 0.0140625 0.0140625
0 0.7125 0.3 0.01640625 0.0125
2 0.715625 0.2765625 0.0265625 0.03359375
0 0.7390625 0.2796875 0.01015625 0.01171875
0 0.7609375 0.42265625 0.0265625 0.0328125
2 0.78984375 0.31796875 0.02734375 0.0453125
0 0.81484375 0.30859375 0.0125 0.01796875
0 0.82578125 0.29765625 0.0109375 0.01328125
0 0.821875 0.28203125 0.01015625 0.0109375
0 0.84375 0.2796875 0.0109375 0.01171875
0 0.85078125 0.26953125 0.01015625 0.009375
0 0.83359375 0.26484375 0.00859375 0.00859375