0 0.584990 0.576573 0.043355 0.074791
0 0.393929 0.654105 0.050558 0.081323
0 0.314364 0.624057 0.059205 0.077223
0 0.374111 0.476056 0.068615 0.127332
0 0.635707 0.529609 0.044880 0.075798
0 0.554506 0.462974 0.025885 0.046818
0 0.445001 0.477162 0.031347 0.040483
0 0.048061 0.874910 0.095881 0.162642
0 0.684297 0.473658 0.094921 0.175346
0 0.617130 0.449743 0.023947 0.030559
0 0.683617 0.474839 0.095215 0.176274
0 0.267140 0.576042 0.044488 0.055300
0 0.703943 0.504252 0.055001 0.117079
0 0.593179 0.416064 0.020135 0.023157