0 0.211343 0.636347 0.074805 0.079003
0 0.659555 0.812737 0.090981 0.168763
0 0.357135 0.550303 0.041054 0.056012
0 0.096572 0.882271 0.192449 0.229253
0 0.395364 0.446883 0.056390 0.100378
0 0.586439 0.543196 0.037032 0.069894
0 0.649758 0.492445 0.031187 0.044356
0 0.422882 0.554732 0.035494 0.056567
0 0.286605 0.962969 0.113750 0.074061
0 0.757615 0.730683 0.103442 0.175091
0 0.779893 0.563240 0.181521 0.293478
0 0.538574 0.430174 0.020303 0.035478
0 0.451110 0.451021 0.027432 0.033047
0 0.323510 0.511687 0.034854 0.047315
0 0.565668 0.414783 0.018087 0.025705
0 0.780382 0.562835 0.178407 0.295226
0 0.611485 0.438177 0.021506 0.030577
0 0.646263 0.495332 0.041628 0.042152