0 0.313810 0.905761 0.108313 0.166481
0 0.701424 0.916833 0.113627 0.165645
0 0.238068 0.604781 0.065893 0.075512
0 0.132174 0.849553 0.199641 0.287591
0 0.364253 0.535884 0.039475 0.050392
0 0.428034 0.538436 0.034509 0.052745
0 0.399510 0.441141 0.052754 0.094914
0 0.833328 0.853444 0.148542 0.246097
0 0.601120 0.579694 0.047531 0.082207
0 0.617406 0.445761 0.022637 0.028707
0 0.541070 0.439117 0.025602 0.039534
0 0.332201 0.497195 0.030813 0.041947
0 0.569042 0.423992 0.017440 0.027287
0 0.453824 0.444860 0.024456 0.030932
0 0.661489 0.504757 0.034862 0.050654
0 0.820273 0.605162 0.218479 0.349331
0 0.130927 0.851003 0.203564 0.293214
0 0.820206 0.603052 0.219046 0.347464