0 0.404390 0.615926 0.046062 0.075643
0 0.349655 0.733378 0.080113 0.109585
0 0.130024 0.892049 0.181540 0.215848
0 0.658445 0.501893 0.030352 0.044746
0 0.366256 0.535468 0.039548 0.053195
0 0.304662 0.630699 0.058157 0.076874
0 0.676735 0.630724 0.052401 0.083898
0 0.575345 0.532072 0.033978 0.051450
0 0.241343 0.598782 0.047492 0.067087
0 0.599653 0.489267 0.030786 0.042625
0 0.335553 0.456911 0.076029 0.124044
0 0.335608 0.456719 0.076457 0.123282
0 0.404823 0.392443 0.040481 0.076016
0 0.834711 0.706234 0.096730 0.130686
0 0.444604 0.458368 0.026548 0.036325
0 0.055885 0.834617 0.111397 0.210077
0 0.249977 0.595907 0.057996 0.065361
0 0.056827 0.834749 0.113464 0.209084
0 0.056404 0.833922 0.112649 0.208122
0 0.538405 0.424754 0.018343 0.032241