0 0.339826 0.814748 0.089983 0.132347
0 0.403012 0.437319 0.051323 0.090052
0 0.868600 0.659378 0.262599 0.429745
0 0.622437 0.623163 0.057650 0.101202
0 0.369961 0.524963 0.040228 0.047504
0 0.431821 0.524936 0.031831 0.050281
0 0.924594 0.938388 0.149994 0.123224
0 0.259120 0.578050 0.057542 0.068066
0 0.544343 0.450965 0.024979 0.039663
0 0.625265 0.451224 0.023722 0.032909
0 0.676898 0.522435 0.038542 0.053116
0 0.183775 0.781644 0.161650 0.260740
0 0.183646 0.782219 0.162315 0.262952
0 0.343326 0.489546 0.032965 0.040417
0 0.453678 0.441383 0.025056 0.031814