0 0.335432 0.829335 0.094431 0.146478
0 0.109455 0.927071 0.173574 0.136229
0 0.412316 0.572953 0.043166 0.062240
0 0.694117 0.531469 0.039661 0.052280
0 0.587578 0.593149 0.049928 0.085900
0 0.621268 0.514658 0.032621 0.051942
0 0.421911 0.414625 0.039574 0.071761
0 0.857498 0.742253 0.097192 0.134622
0 0.402881 0.469339 0.026969 0.035311
0 0.444109 0.465493 0.032061 0.039414
0 0.572460 0.428456 0.019539 0.030599
0 0.323218 0.563355 0.068070 0.125038
0 0.323298 0.565187 0.068099 0.129525
0 0.603213 0.426781 0.016829 0.023397