0 0.216258 0.783173 0.111319 0.143227
0 0.738014 0.582868 0.053999 0.070468
0 0.423533 0.535872 0.037618 0.050947
0 0.372929 0.696042 0.064953 0.098091
0 0.655194 0.572136 0.047233 0.066865
0 0.410744 0.458775 0.027522 0.037272
0 0.625930 0.725114 0.071687 0.144299
0 0.974124 0.904337 0.050609 0.120488
0 0.540189 0.417914 0.017823 0.028697
0 0.584454 0.447661 0.020837 0.035010
0 0.425641 0.407878 0.036016 0.065732
0 0.344303 0.534100 0.058465 0.106638
0 0.615380 0.439762 0.018471 0.026158
0 0.448214 0.452609 0.026561 0.036516