0 0.383789 0.652127 0.057302 0.084067
0 0.768185 0.619432 0.062316 0.082731
0 0.428422 0.522133 0.035429 0.052011
0 0.664100 0.844276 0.101052 0.209922
0 0.677391 0.615505 0.055103 0.080612
0 0.542140 0.425758 0.019176 0.030076
0 0.236180 0.737670 0.071894 0.096424
0 0.353069 0.519680 0.053633 0.096068
0 0.621546 0.448578 0.023037 0.030138
0 0.591674 0.461435 0.022955 0.036765
0 0.427314 0.404522 0.034085 0.063596
0 0.245532 0.725993 0.089692 0.117279
0 0.450001 0.448770 0.024986 0.034243
0 0.413684 0.453271 0.025402 0.038859
0 0.255147 0.716630 0.080040 0.104463