0 0.408794 0.600655 0.045099 0.068520
0 0.708760 0.688334 0.066127 0.106174
0 0.362629 0.703193 0.067253 0.101357
0 0.165410 0.847327 0.158702 0.222582
0 0.340973 0.453567 0.070811 0.124100
0 0.583359 0.561527 0.037329 0.062682
0 0.671244 0.518368 0.031662 0.045867
0 0.253647 0.587591 0.044935 0.064797
0 0.314244 0.615893 0.051859 0.074125
0 0.609301 0.506262 0.031766 0.043491
0 0.369736 0.528682 0.039940 0.051166
0 0.406635 0.392841 0.037901 0.076311
0 0.068748 0.788616 0.137214 0.184263
0 0.893214 0.776901 0.116895 0.159872
0 0.912971 0.792748 0.078928 0.128967