0 0.729075 0.945539 0.139035 0.105266
0 0.712070 0.673999 0.068320 0.103601
0 0.395129 0.617475 0.050693 0.071708
0 0.806826 0.664146 0.076350 0.096377
0 0.601053 0.474609 0.027391 0.041092
0 0.274296 0.679749 0.077545 0.108998
0 0.630839 0.457354 0.023016 0.028181
0 0.433154 0.510406 0.032942 0.045568
0 0.545006 0.436431 0.022442 0.031651
0 0.417196 0.448058 0.023343 0.030846
0 0.361746 0.507300 0.049398 0.090001
0 0.039097 0.902227 0.077867 0.163129
0 0.430610 0.402214 0.034385 0.059445
0 0.452080 0.443278 0.021945 0.030967