0 0.403213 0.592598 0.045925 0.069506
0 0.435582 0.493934 0.031406 0.041671
0 0.760004 0.757475 0.087804 0.136342
0 0.068525 0.818560 0.128982 0.136090
0 0.549864 0.446451 0.021977 0.036188
0 0.638824 0.467885 0.023054 0.033461
0 0.856938 0.720997 0.095357 0.119900
0 0.295944 0.644668 0.069743 0.094920
0 0.611159 0.492326 0.032156 0.043800
0 0.420435 0.443665 0.026744 0.034499
0 0.454738 0.435829 0.025717 0.038014
0 0.432897 0.397056 0.035048 0.058932
0 0.287897 0.651188 0.055546 0.089655
0 0.368335 0.497633 0.045846 0.083688
0 0.456909 0.428719 0.032156 0.051956