0 0.075336 0.780678 0.150672 0.413035
0 0.136273 0.912641 0.160150 0.163885
0 0.579957 0.538487 0.036336 0.058303
0 0.356097 0.542238 0.037756 0.063758
0 0.715837 0.669288 0.068021 0.104929
0 0.711457 0.553560 0.044610 0.059225
0 0.431678 0.506198 0.031125 0.042252
0 0.307308 0.933488 0.116316 0.133023
0 0.248342 0.598259 0.061282 0.073340
0 0.432037 0.421645 0.022384 0.032038
0 0.446400 0.455957 0.031352 0.033709
0 0.397034 0.453075 0.034873 0.074825
0 0.396542 0.452502 0.034748 0.076427
0 0.439232 0.387512 0.027925 0.046823