0 0.190253 0.834570 0.123776 0.150917
0 0.095475 0.758291 0.190425 0.432218
0 0.364952 0.526876 0.040044 0.061741
0 0.333728 0.861764 0.100452 0.170536
0 0.592659 0.572462 0.044762 0.070142
0 0.737664 0.585453 0.053588 0.070551
0 0.766892 0.756163 0.091464 0.140934
0 0.433708 0.492349 0.029717 0.041058
0 0.263367 0.576620 0.046293 0.068437
0 0.094617 0.682424 0.189234 0.278273
0 0.452106 0.447552 0.021817 0.028954
0 0.540103 0.413824 0.013738 0.029217
0 0.536688 0.414417 0.017402 0.034043
0 0.401012 0.448822 0.033056 0.070808