0 0.412305 0.588451 0.042028 0.066203
0 0.594555 0.596237 0.041358 0.070910
0 0.757543 0.772544 0.087816 0.137622
0 0.374638 0.520159 0.040047 0.047940
0 0.196730 0.798445 0.134118 0.188469
0 0.323552 0.600127 0.049197 0.066915
0 0.344986 0.447566 0.070259 0.122527
0 0.685242 0.534015 0.036117 0.054947
0 0.370302 0.674961 0.060094 0.098027
0 0.619570 0.527227 0.034632 0.050853
0 0.264346 0.573767 0.043699 0.064088
0 0.949557 0.873742 0.100064 0.202325
0 0.407530 0.395828 0.039320 0.082907
0 0.407270 0.395824 0.040407 0.082676
0 0.093919 0.753341 0.136230 0.171441
0 0.093127 0.753977 0.136700 0.172497
0 0.542191 0.436822 0.018000 0.032592
0 0.449315 0.447564 0.022561 0.035103