0 0.610083 0.644023 0.050310 0.084564
0 0.416374 0.574715 0.038729 0.062040
0 0.330662 0.587605 0.045984 0.062864
0 0.377058 0.652547 0.053227 0.084874
0 0.632818 0.551901 0.041641 0.056912
0 0.831084 0.900676 0.118940 0.190123
0 0.702504 0.554492 0.041823 0.057686
0 0.220820 0.759775 0.118714 0.169602
0 0.381408 0.512467 0.038818 0.047851
0 0.274215 0.563991 0.039232 0.056833
0 0.350530 0.443683 0.066129 0.115820
0 0.122079 0.720247 0.120283 0.152851
0 0.544267 0.445719 0.020626 0.033286
0 0.450710 0.443705 0.023890 0.032406
0 0.408919 0.396962 0.038925 0.085512