0 0.068060 0.827403 0.135948 0.145137
0 0.304709 0.662590 0.082605 0.121632
0 0.630360 0.680850 0.063226 0.109599
0 0.553363 0.471808 0.028694 0.054139
0 0.600329 0.477884 0.025368 0.041824
0 0.308010 0.495805 0.092046 0.135775
0 0.376807 0.508137 0.030862 0.043740
0 0.440751 0.498873 0.027925 0.040604
0 0.591254 0.394659 0.030809 0.065257
0 0.413456 0.452305 0.023260 0.032222
0 0.590517 0.394217 0.032653 0.065800
0 0.457469 0.437278 0.025686 0.034384
0 0.377893 0.427065 0.055413 0.086252
0 0.378286 0.427308 0.054915 0.087663