0 0.195756 0.668732 0.084095 0.093936
0 0.360037 0.575579 0.057503 0.085276
0 0.636001 0.543597 0.035872 0.055626
0 0.573551 0.543069 0.036693 0.076068
0 0.603139 0.405771 0.039225 0.082046
0 0.542621 0.424980 0.021345 0.034752
0 0.393819 0.480626 0.026331 0.040159
0 0.445911 0.470338 0.027228 0.039929
0 0.337885 0.462283 0.071155 0.108182
0 0.349726 0.459912 0.047518 0.103670
0 0.388630 0.415149 0.041387 0.071947
0 0.602093 0.405175 0.040092 0.080447
0 0.325997 0.468547 0.045583 0.099858
0 0.462857 0.418317 0.021627 0.032362