0 0.419566 0.564878 0.036414 0.062550
0 0.650065 0.581418 0.047233 0.069304
0 0.629267 0.703205 0.062171 0.120397
0 0.723934 0.580716 0.047555 0.068623
0 0.241617 0.722771 0.105905 0.154377
0 0.384186 0.631000 0.054045 0.079470
0 0.384476 0.504693 0.033801 0.047379
0 0.285722 0.553555 0.043992 0.059986
0 0.337773 0.576131 0.043673 0.056878
0 0.145616 0.692406 0.109610 0.140223
0 0.145794 0.693417 0.110405 0.143223
0 0.355149 0.444082 0.062436 0.117064
0 0.547871 0.454923 0.024252 0.032411
0 0.453399 0.441874 0.022763 0.034714
0 0.410047 0.389962 0.034528 0.070833
0 0.289581 0.547315 0.046869 0.056656