0 0.660649 0.798187 0.080034 0.151344
0 0.422896 0.552560 0.035469 0.057978
0 0.749465 0.611097 0.058419 0.080188
0 0.385773 0.498371 0.031771 0.042501
0 0.671354 0.621756 0.057676 0.079825
0 0.167784 0.668514 0.100996 0.132362
0 0.296096 0.544727 0.046530 0.055778
0 0.344169 0.566407 0.038634 0.054592
0 0.550734 0.466057 0.024030 0.036687
0 0.391699 0.612830 0.049421 0.075130
0 0.259389 0.695715 0.097229 0.137951
0 0.390067 0.623714 0.051206 0.060338
0 0.357692 0.437056 0.061378 0.107079
0 0.596468 0.425679 0.018219 0.025943