0 0.367707 0.733007 0.070229 0.108819
0 0.346205 0.558195 0.042381 0.058140
0 0.670585 0.513773 0.036551 0.051450
0 0.655458 0.572501 0.051117 0.077076
0 0.883064 0.761238 0.104066 0.137639
0 0.155786 0.905835 0.131773 0.165920
0 0.393049 0.487179 0.028866 0.043072
0 0.689480 0.847204 0.108896 0.225021
0 0.315641 0.522394 0.037028 0.047719
0 0.450110 0.464765 0.029159 0.041676
0 0.589045 0.448276 0.021464 0.033243
0 0.557035 0.421929 0.017635 0.024718
0 0.689311 0.847035 0.108764 0.225088
0 0.609682 0.441470 0.020363 0.023082
0 0.453548 0.448538 0.034685 0.067643