0 0.357093 0.543201 0.038267 0.056432
0 0.383373 0.683291 0.062019 0.095734
0 0.680409 0.615501 0.060778 0.093419
0 0.951102 0.863401 0.096906 0.175959
0 0.398455 0.478720 0.030040 0.043156
0 0.686628 0.532427 0.041265 0.056391
0 0.201030 0.821444 0.107100 0.133656
0 0.594661 0.460409 0.025217 0.036270
0 0.325839 0.512290 0.036554 0.049602
0 0.450123 0.460030 0.025599 0.034601
0 0.615012 0.450785 0.017493 0.032434
0 0.558779 0.429601 0.021576 0.028166
0 0.754986 0.955810 0.097525 0.086665
0 0.451402 0.451544 0.033895 0.050301