0 0.402397 0.584587 0.045084 0.065945
0 0.358429 0.543860 0.034959 0.051453
0 0.744004 0.755971 0.086123 0.128649
0 0.429119 0.532742 0.035296 0.049776
0 0.824649 0.702385 0.076984 0.113811
0 0.559851 0.491096 0.030685 0.046412
0 0.606502 0.437329 0.019402 0.026336
0 0.287081 0.648521 0.081838 0.122148
0 0.574906 0.445571 0.023032 0.032300
0 0.204393 0.630609 0.083654 0.113379
0 0.415324 0.388391 0.040711 0.077980
0 0.308527 0.528340 0.040313 0.054100
0 0.365284 0.431056 0.059476 0.103793
0 0.203782 0.629376 0.084661 0.111246