0 0.333768 0.580299 0.046693 0.065416
0 0.172849 0.665695 0.079397 0.096932
0 0.670902 0.581877 0.053617 0.074332
0 0.310728 0.911416 0.117527 0.168651
0 0.919932 0.814664 0.124855 0.156742
0 0.430405 0.522857 0.035314 0.051094
0 0.580169 0.506292 0.034094 0.051852
0 0.401113 0.471519 0.024112 0.037953
0 0.368653 0.461486 0.026033 0.035209
0 0.590706 0.418919 0.018108 0.019909
0 0.462787 0.417448 0.024255 0.036583
0 0.672844 0.519569 0.030415 0.046505
0 0.560254 0.413830 0.018730 0.028578
0 0.422587 0.440313 0.024465 0.033396
0 0.566176 0.411719 0.028423 0.031093