0 0.811504 0.876059 0.119793 0.178558
0 0.363234 0.532416 0.033404 0.049998
0 0.431859 0.524673 0.031049 0.048818
0 0.882131 0.766931 0.099450 0.130764
0 0.564774 0.507871 0.032722 0.052248
0 0.298325 0.631129 0.075482 0.113399
0 0.405548 0.569932 0.042417 0.062532
0 0.368391 0.427303 0.057054 0.099648
0 0.316317 0.519517 0.038678 0.045509
0 0.611228 0.445091 0.021635 0.030207
0 0.578741 0.452089 0.023259 0.032781
0 0.417273 0.388593 0.038971 0.079338
0 0.218075 0.612204 0.075272 0.107304
0 0.416765 0.388760 0.040719 0.079949
0 0.530502 0.412075 0.018720 0.035194
0 0.299096 0.631620 0.074173 0.116743
0 0.218743 0.612852 0.078048 0.110094