0 0.354434 0.544430 0.035927 0.059874
0 0.417620 0.573432 0.038580 0.059915
0 0.310963 0.941827 0.109119 0.115866
0 0.252496 0.590116 0.055270 0.065632
0 0.043862 0.867692 0.087332 0.146324
0 0.686096 0.627790 0.057550 0.086006
0 0.704676 0.558226 0.045274 0.064235
0 0.260296 0.721715 0.080379 0.104261
0 0.418616 0.437500 0.023900 0.038025
0 0.556494 0.504186 0.033261 0.050454
0 0.441862 0.484705 0.028442 0.040532
0 0.592885 0.417584 0.018377 0.022339
0 0.615589 0.449090 0.021239 0.028621
0 0.611900 0.447561 0.022525 0.030111