0 0.088868 0.926124 0.173183 0.139893
0 0.073299 0.802110 0.115397 0.120526
0 0.333014 0.890493 0.106865 0.179108
0 0.723607 0.686667 0.073336 0.105441
0 0.363631 0.529872 0.035909 0.056638
0 0.563589 0.529804 0.036074 0.056997
0 0.283200 0.679231 0.072561 0.093823
0 0.423891 0.553218 0.037059 0.057344
0 0.267991 0.576593 0.050632 0.053815
0 0.444335 0.472934 0.028324 0.039698
0 0.421862 0.433558 0.023330 0.038678
0 0.727135 0.585879 0.053692 0.074048
0 0.734249 0.602597 0.040328 0.044470
0 0.732408 0.590038 0.046372 0.063302
0 0.627016 0.462500 0.018414 0.023900
0 0.621412 0.461660 0.026298 0.029490