0 0.155465 0.709735 0.087652 0.097681
0 0.372248 0.748513 0.073932 0.120779
0 0.193172 0.799438 0.114869 0.165564
0 0.318090 0.616789 0.055908 0.075532
0 0.795069 0.671512 0.078437 0.104149
0 0.860715 0.902682 0.136478 0.192858
0 0.379519 0.502552 0.031928 0.051683
0 0.587076 0.613153 0.048061 0.079900
0 0.432584 0.519774 0.031555 0.048338
0 0.293283 0.545886 0.042878 0.050291
0 0.640564 0.480073 0.027444 0.035413
0 0.449529 0.459641 0.025125 0.033585
0 0.368808 0.452488 0.028309 0.038483
0 0.604431 0.435082 0.020756 0.027604