0 0.947900 0.860523 0.103409 0.168301
0 0.372243 0.422839 0.055643 0.102158
0 0.572264 0.530110 0.037104 0.057886
0 0.434291 0.513229 0.030813 0.047587
0 0.893274 0.968826 0.118465 0.062349
0 0.368462 0.524259 0.032946 0.048596
0 0.409563 0.557871 0.039465 0.060782
0 0.233248 0.596270 0.072172 0.099218
0 0.617293 0.449421 0.020527 0.031378
0 0.307929 0.614021 0.070664 0.107998
0 0.321786 0.513773 0.033288 0.043670
0 0.581935 0.462357 0.025332 0.037557
0 0.399249 0.473372 0.025892 0.037165
0 0.032949 0.881210 0.065717 0.139423
0 0.232917 0.596714 0.072369 0.101901
0 0.530988 0.414353 0.018516 0.036234
0 0.307963 0.614844 0.071204 0.105371
0 0.324235 0.515516 0.043867 0.048142