0 0.380731 0.418016 0.048644 0.098490
0 0.334442 0.574549 0.056118 0.093624
0 0.602909 0.632436 0.050707 0.091724
0 0.314060 0.923637 0.114168 0.144554
0 0.419306 0.528925 0.034489 0.055249
0 0.605633 0.500382 0.032328 0.044936
0 0.642551 0.481462 0.025679 0.036310
0 0.099349 0.759183 0.098553 0.105730
0 0.384468 0.500950 0.030615 0.043258
0 0.267460 0.556273 0.056881 0.082101
0 0.338120 0.495727 0.033439 0.046336
0 0.423125 0.383221 0.040315 0.072434
0 0.422864 0.384873 0.040962 0.074240
0 0.538835 0.432172 0.023873 0.045744
0 0.442524 0.490319 0.026408 0.042978
0 0.535133 0.426804 0.028726 0.051427