0 0.374951 0.710266 0.063938 0.103719
0 0.544934 0.449030 0.025876 0.032494
0 0.684033 0.640036 0.061160 0.087210
0 0.020389 0.913677 0.040668 0.103964
0 0.711465 0.573154 0.048341 0.067006
0 0.363625 0.526442 0.044373 0.071579
0 0.199383 0.639674 0.064607 0.078136
0 0.192885 0.828829 0.120720 0.167242
0 0.559767 0.496164 0.031727 0.045901
0 0.390265 0.422525 0.043759 0.119864
0 0.431666 0.494950 0.030529 0.040574
0 0.450764 0.465049 0.024909 0.044013
0 0.400680 0.473993 0.025256 0.035728
0 0.305215 0.515992 0.037500 0.061175
0 0.591750 0.414244 0.019665 0.024280
0 0.580699 0.451215 0.024736 0.034187
0 0.358141 0.469491 0.026006 0.034344
0 0.310025 0.511162 0.045289 0.067339