0 0.381771 0.682191 0.061053 0.095279
0 0.367931 0.520380 0.042526 0.066532
0 0.715499 0.694453 0.074811 0.103620
0 0.735883 0.601082 0.055703 0.075822
0 0.564247 0.511686 0.031457 0.053331
0 0.214017 0.622926 0.059551 0.069631
0 0.041487 0.888723 0.082564 0.156526
0 0.216511 0.785263 0.108749 0.146197
0 0.393766 0.417026 0.042836 0.112945
0 0.547945 0.457938 0.026719 0.034781
0 0.586809 0.461208 0.025893 0.041695
0 0.433069 0.489250 0.029085 0.041011
0 0.452793 0.455092 0.021412 0.031881
0 0.315363 0.508179 0.042626 0.069475
0 0.402976 0.470657 0.022712 0.034516