0 0.330961 0.576106 0.046164 0.060745
0 0.769668 0.630730 0.057122 0.081808
0 0.395816 0.654445 0.051193 0.086727
0 0.294041 0.940106 0.127068 0.112992
0 0.718012 0.670398 0.064459 0.098904
0 0.558857 0.489264 0.031532 0.046724
0 0.307344 0.515093 0.038294 0.050883
0 0.424889 0.488946 0.026694 0.044642
0 0.125560 0.680551 0.250510 0.378159
0 0.401840 0.466550 0.028747 0.040866
0 0.537864 0.423665 0.019382 0.027659
0 0.582357 0.436522 0.020422 0.033096
0 0.452852 0.435319 0.019941 0.031023
0 0.431643 0.390106 0.032780 0.079893
0 0.125768 0.679379 0.250662 0.379008