0 0.405363 0.622383 0.047402 0.078947
0 0.320470 0.894028 0.110687 0.181531
0 0.090220 0.943534 0.168215 0.107103
0 0.341149 0.557257 0.042931 0.060299
0 0.145694 0.629131 0.251079 0.318195
0 0.806941 0.677907 0.070196 0.099539
0 0.564391 0.509377 0.033187 0.051909
0 0.766470 0.745405 0.082256 0.125282
0 0.317912 0.504938 0.036036 0.049011
0 0.426521 0.478101 0.024409 0.042978
0 0.589974 0.450660 0.024150 0.028314
0 0.539608 0.432188 0.019383 0.029362
0 0.405360 0.457968 0.026265 0.034433
0 0.433540 0.388621 0.032794 0.080787