0 0.417750 0.575302 0.038157 0.062891
0 0.196406 0.803088 0.113775 0.156350
0 0.582595 0.567807 0.043318 0.072303
0 0.545438 0.451691 0.023301 0.036515
0 0.937406 0.966733 0.117127 0.066533
0 0.930848 0.832515 0.112936 0.151183
0 0.359882 0.529393 0.036627 0.053419
0 0.359381 0.753527 0.083793 0.130323
0 0.604332 0.472520 0.025269 0.037161
0 0.213904 0.565021 0.174395 0.236906
0 0.213803 0.565204 0.174839 0.236001
0 0.429078 0.469641 0.023434 0.028307
0 0.402561 0.391459 0.035248 0.073539
0 0.414414 0.451919 0.031963 0.041555
0 0.335308 0.485840 0.033932 0.038659
0 0.465499 0.415760 0.028317 0.041168