0 0.057816 0.837304 0.114931 0.139793
0 0.388039 0.658895 0.053863 0.089252
0 0.767291 0.641113 0.067507 0.090924
0 0.291585 0.961094 0.112886 0.077812
0 0.760755 0.769289 0.095047 0.140449
0 0.226874 0.609544 0.053963 0.068215
0 0.572025 0.534749 0.037775 0.059490
0 0.551179 0.468717 0.027879 0.040494
0 0.373257 0.511457 0.040809 0.065638
0 0.236565 0.747130 0.094841 0.130633
0 0.434730 0.480229 0.026126 0.042184
0 0.396393 0.410085 0.043198 0.097868
0 0.317169 0.504533 0.032925 0.060654
0 0.592753 0.471632 0.027631 0.039869
0 0.599241 0.425392 0.020132 0.030211
0 0.454456 0.450631 0.021579 0.034086