0 0.082964 0.792556 0.121728 0.126040
0 0.827525 0.881974 0.129861 0.192140
0 0.306368 0.928163 0.117693 0.143674
0 0.808486 0.688685 0.080987 0.103681
0 0.578782 0.561353 0.039711 0.066076
0 0.238135 0.595101 0.050686 0.066758
0 0.396003 0.636467 0.053761 0.078624
0 0.556188 0.481256 0.031847 0.043987
0 0.376889 0.505501 0.039921 0.063621
0 0.599539 0.484677 0.030871 0.047879
0 0.397762 0.400742 0.042639 0.079432
0 0.435977 0.477865 0.026762 0.041707
0 0.323585 0.494740 0.032893 0.054923
0 0.603871 0.431205 0.021220 0.032685
0 0.567288 0.428215 0.021859 0.030093
0 0.532061 0.413822 0.021323 0.031895
0 0.252290 0.716431 0.085087 0.117002