0 0.323251 0.892281 0.106687 0.173495
0 0.113957 0.756938 0.111116 0.114856
0 0.590418 0.594116 0.045983 0.076492
0 0.560363 0.500017 0.034050 0.044310
0 0.909736 0.963672 0.121855 0.072656
0 0.248270 0.582438 0.045594 0.060945
0 0.400326 0.619570 0.050383 0.080700
0 0.862602 0.756228 0.105766 0.135752
0 0.268246 0.686541 0.076677 0.110448
0 0.382108 0.498476 0.038649 0.063991
0 0.610175 0.501752 0.034252 0.047734
0 0.609837 0.438018 0.023397 0.030574
0 0.399827 0.396349 0.039602 0.075030
0 0.533062 0.417780 0.016621 0.027442
0 0.569968 0.436924 0.023394 0.033124
0 0.328307 0.490798 0.029301 0.049996
0 0.437979 0.474030 0.025894 0.035692