0 0.134589 0.656785 0.269016 0.386246
0 0.342798 0.574893 0.043831 0.058899
0 0.262883 0.716408 0.077643 0.101384
0 0.373900 0.509255 0.035854 0.051545
0 0.408201 0.589882 0.047965 0.074968
0 0.692127 0.531592 0.039241 0.052107
0 0.804016 0.673353 0.079147 0.110617
0 0.436009 0.480853 0.030366 0.038200
0 0.635262 0.728243 0.064466 0.119288
0 0.594245 0.464854 0.022253 0.035380
0 0.644337 0.548358 0.043802 0.077149
0 0.455011 0.436778 0.022786 0.037499
0 0.547807 0.436929 0.023122 0.035183
0 0.426837 0.371675 0.030291 0.058485
0 0.424844 0.373154 0.023015 0.048193