0 0.341120 0.839674 0.094953 0.146924
0 0.404922 0.603353 0.047042 0.075506
0 0.139437 0.725747 0.099488 0.107665
0 0.564972 0.515891 0.034855 0.051197
0 0.279660 0.666539 0.073354 0.103403
0 0.934992 0.853720 0.128437 0.172900
0 0.602261 0.638487 0.050310 0.091488
0 0.401174 0.394862 0.038909 0.072197
0 0.618725 0.518511 0.036550 0.056649
0 0.257843 0.570372 0.040443 0.058914
0 0.615664 0.443692 0.023486 0.033806
0 0.574292 0.441897 0.022356 0.032643
0 0.535674 0.421710 0.022421 0.029895
0 0.383484 0.494645 0.038421 0.060943
0 0.439634 0.470049 0.025990 0.032772
0 0.262319 0.843319 0.027712 0.056256