0 0.361761 0.544993 0.036447 0.056810
0 0.300115 0.645501 0.064818 0.085618
0 0.199451 0.580639 0.196961 0.271208
0 0.419849 0.553624 0.039921 0.061746
0 0.734642 0.581826 0.054199 0.072568
0 0.677655 0.609459 0.061722 0.098658
0 0.554372 0.455259 0.025411 0.041402
0 0.384672 0.489850 0.032150 0.046593
0 0.918700 0.809533 0.121885 0.171029
0 0.608700 0.489652 0.026817 0.040272
0 0.938361 0.826027 0.083475 0.141208
0 0.747285 0.967270 0.102617 0.065460
0 0.442269 0.467992 0.028865 0.038067
0 0.537355 0.415096 0.020371 0.041391
0 0.460950 0.423647 0.023586 0.034899