0 0.798717 0.657458 0.074852 0.104262
0 0.245778 0.532230 0.144843 0.221014
0 0.175208 0.876577 0.112919 0.147176
0 0.328109 0.594848 0.051614 0.069313
0 0.314066 0.906686 0.118897 0.182020
0 0.376249 0.520151 0.031065 0.047389
0 0.429199 0.524003 0.038542 0.052809
0 0.564212 0.481516 0.030681 0.049457
0 0.629401 0.524778 0.033374 0.048846
0 0.393605 0.475642 0.028010 0.041575
0 0.542537 0.436844 0.023389 0.035039
0 0.741293 0.712860 0.093442 0.153298
0 0.740934 0.713336 0.091987 0.153285
0 0.592375 0.415348 0.019711 0.026140
0 0.462969 0.418593 0.021082 0.033523
0 0.445211 0.457177 0.030584 0.040433