0 0.569830 0.499301 0.033690 0.052932
0 0.262602 0.516952 0.129821 0.199266
0 0.339474 0.832389 0.101167 0.179575
0 0.844223 0.711955 0.091156 0.122279
0 0.338681 0.576572 0.047958 0.064551
0 0.213241 0.804236 0.093463 0.125575
0 0.016270 0.900171 0.032512 0.100597
0 0.382520 0.510812 0.030524 0.045425
0 0.430265 0.513521 0.035855 0.052835
0 0.643020 0.547480 0.038194 0.058223
0 0.545892 0.445512 0.022341 0.031564
0 0.731396 0.665846 0.034109 0.066134
0 0.791471 0.801538 0.122048 0.193441
0 0.791660 0.801077 0.122753 0.194120
0 0.398242 0.469141 0.026291 0.042704
0 0.596700 0.420776 0.019375 0.025468