0 0.137375 0.710578 0.101967 0.106393
0 0.125087 0.930443 0.139899 0.139114
0 0.705666 0.652046 0.062292 0.093370
0 0.386940 0.671411 0.068230 0.115408
0 0.364628 0.533639 0.038220 0.052361
0 0.556729 0.477651 0.028075 0.045761
0 0.598524 0.581994 0.050628 0.084236
0 0.306542 0.478565 0.094907 0.156534
0 0.287779 0.668885 0.061256 0.086273
0 0.439691 0.486400 0.033408 0.044726
0 0.306578 0.478551 0.095482 0.154076
0 0.396698 0.484928 0.027887 0.039500
0 0.610413 0.438103 0.023201 0.028639
0 0.542041 0.422257 0.018721 0.031288
0 0.592930 0.422064 0.020224 0.025207