0 0.301809 0.639351 0.059635 0.079377
0 0.172420 0.864137 0.113619 0.142360
0 0.561560 0.495629 0.029790 0.048052
0 0.176742 0.667155 0.084340 0.092258
0 0.370480 0.522714 0.038319 0.051957
0 0.398023 0.638601 0.060033 0.107883
0 0.317246 0.470983 0.089345 0.148178
0 0.615162 0.442995 0.021130 0.028914
0 0.738770 0.705793 0.077207 0.121395
0 0.615441 0.626602 0.061073 0.100829
0 0.443227 0.477983 0.030805 0.041035
0 0.402540 0.477269 0.032170 0.046561
0 0.400505 0.479505 0.026787 0.036054
0 0.594995 0.420801 0.020082 0.021616
0 0.579530 0.393847 0.018510 0.034289