0 0.207071 0.632501 0.071817 0.082578
0 0.786791 0.791723 0.095963 0.150488
0 0.318913 0.615071 0.049560 0.074381
0 0.209758 0.798079 0.097733 0.129686
0 0.326959 0.462174 0.082729 0.136278
0 0.567808 0.516215 0.032951 0.054300
0 0.404310 0.609095 0.050508 0.095211
0 0.378799 0.511074 0.036206 0.046261
0 0.275815 0.975629 0.110670 0.048742
0 0.634824 0.688980 0.074614 0.130084
0 0.621733 0.449120 0.021885 0.029653
0 0.445070 0.470664 0.030554 0.041277
0 0.545370 0.437149 0.022676 0.037202
0 0.405012 0.473671 0.031901 0.042141