0 0.353615 0.791856 0.087550 0.130124
0 0.161087 0.700861 0.092343 0.099644
0 0.409151 0.590631 0.044430 0.070247
0 0.572459 0.537386 0.042431 0.057323
0 0.632136 0.540303 0.038851 0.062364
0 0.621644 0.695432 0.061587 0.114166
0 0.403346 0.393432 0.037469 0.073106
0 0.291857 0.642670 0.066321 0.095764
0 0.266669 0.563006 0.038358 0.051319
0 0.622973 0.451114 0.024457 0.034607
0 0.580128 0.450173 0.024636 0.033282
0 0.978391 0.938053 0.041831 0.122026
0 0.441137 0.465783 0.021898 0.028700
0 0.288103 0.653743 0.061436 0.079638
0 0.386589 0.486645 0.036964 0.058203
0 0.536321 0.428485 0.024345 0.029238