0 0.365118 0.752405 0.076540 0.117001
0 0.648492 0.569856 0.046623 0.067470
0 0.580829 0.566597 0.043844 0.068557
0 0.413214 0.575294 0.042115 0.066309
0 0.647876 0.781200 0.080827 0.149778
0 0.179624 0.677082 0.082746 0.084675
0 0.296946 0.626418 0.057050 0.090515
0 0.584800 0.459517 0.026514 0.035520
0 0.540462 0.435929 0.020570 0.031168
0 0.405472 0.393775 0.037269 0.075558
0 0.630773 0.460620 0.027382 0.035080
0 0.389508 0.482061 0.034025 0.052552
0 0.167984 0.681525 0.059848 0.079450
0 0.276004 0.552448 0.037620 0.049216
0 0.443065 0.461279 0.021244 0.031219
0 0.312955 0.710816 0.023838 0.087839