0 0.690178 0.901746 0.105363 0.190784
0 0.417564 0.564882 0.037862 0.062954
0 0.372556 0.720496 0.070540 0.107477
0 0.590423 0.601557 0.048651 0.079224
0 0.309862 0.609397 0.057711 0.084705
0 0.669693 0.603320 0.054319 0.084573
0 0.542378 0.445743 0.020948 0.032137
0 0.092487 0.956526 0.138253 0.086949
0 0.197828 0.654710 0.075738 0.080188
0 0.639456 0.468986 0.024158 0.036889
0 0.186261 0.657786 0.053729 0.076350
0 0.285461 0.542852 0.037570 0.049876
0 0.407158 0.391228 0.038083 0.073142
0 0.591476 0.471889 0.025299 0.034813
0 0.329532 0.675130 0.021529 0.078465
0 0.407661 0.391148 0.040361 0.075242
0 0.393064 0.477830 0.033341 0.052752
0 0.349036 0.474457 0.028356 0.047244