0 0.381900 0.691285 0.065448 0.095496
0 0.605741 0.647731 0.059095 0.093683
0 0.316038 0.593688 0.051942 0.079371
0 0.122451 0.936263 0.140086 0.127473
0 0.695030 0.646724 0.066445 0.099634
0 0.213740 0.639163 0.069943 0.081652
0 0.421949 0.554245 0.037292 0.060967
0 0.291502 0.535130 0.033158 0.050165
0 0.598021 0.484088 0.029835 0.046002
0 0.545268 0.456783 0.023642 0.032488
0 0.648207 0.480647 0.031362 0.043724
0 0.409545 0.388851 0.038541 0.073831
0 0.353232 0.469605 0.030574 0.052791
0 0.396646 0.471923 0.033613 0.048906