0 0.388509 0.668358 0.060276 0.090129
0 0.153192 0.900301 0.128551 0.157912
0 0.729897 0.704863 0.077878 0.125744
0 0.423616 0.543657 0.037174 0.056752
0 0.660194 0.493743 0.032174 0.047850
0 0.324201 0.583108 0.050738 0.079237
0 0.607726 0.498890 0.032976 0.044226
0 0.227326 0.621511 0.065798 0.080170
0 0.624251 0.707648 0.070749 0.123079
0 0.548905 0.467484 0.025727 0.039809
0 0.410947 0.387159 0.037201 0.073247
0 0.300393 0.524101 0.032692 0.048785
0 0.216590 0.628202 0.047279 0.071690
0 0.534061 0.412971 0.024957 0.036677
0 0.464216 0.419672 0.018011 0.029287
0 0.303665 0.523173 0.031623 0.057889
0 0.608934 0.441522 0.017807 0.028041