0 0.630058 0.535282 0.040028 0.058047
0 0.251049 0.594681 0.058630 0.071812
0 0.399673 0.628852 0.051607 0.079517
0 0.870460 0.902228 0.165250 0.189857
0 0.324733 0.930736 0.107553 0.138528
0 0.337171 0.559240 0.044650 0.071227
0 0.205445 0.804790 0.100503 0.131548
0 0.431167 0.525754 0.031912 0.049021
0 0.696066 0.911204 0.122865 0.177592
0 0.556716 0.495978 0.027485 0.045975
0 0.686760 0.525975 0.040958 0.054834
0 0.538182 0.425652 0.020630 0.031161
0 0.414543 0.386778 0.033459 0.070152
0 0.313215 0.511191 0.028535 0.045456
0 0.404446 0.457836 0.028715 0.046167
0 0.363740 0.453086 0.028961 0.045498
0 0.620383 0.452416 0.022696 0.032588