0 0.405248 0.611544 0.048719 0.074399
0 0.645569 0.562418 0.044313 0.067332
0 0.226668 0.766864 0.090256 0.114551
0 0.260563 0.584847 0.054689 0.067344
0 0.341944 0.883788 0.095659 0.157436
0 0.704531 0.546826 0.046562 0.064173
0 0.343538 0.548867 0.040492 0.064769
0 0.562036 0.513432 0.031750 0.053278
0 0.432346 0.517806 0.029867 0.051237
0 0.629309 0.463083 0.020621 0.031118
0 0.541223 0.430014 0.023815 0.032762
0 0.416350 0.386908 0.034448 0.071380
0 0.407522 0.450996 0.030190 0.050188
0 0.415950 0.385679 0.034070 0.070621
0 0.021496 0.911516 0.042839 0.106116