0 0.753606 0.602625 0.064766 0.083361
0 0.413469 0.584140 0.043795 0.066691
0 0.689978 0.633668 0.063417 0.092783
0 0.062575 0.830872 0.125032 0.148545
0 0.277386 0.564391 0.045698 0.060139
0 0.365312 0.782686 0.073098 0.127103
0 0.576935 0.567246 0.038518 0.065817
0 0.545630 0.445985 0.028574 0.037754
0 0.353434 0.529871 0.035059 0.055308
0 0.436602 0.501816 0.026973 0.043426
0 0.261972 0.704287 0.073830 0.095732
0 0.645263 0.484107 0.028380 0.039106
0 0.419145 0.381520 0.033554 0.062466
0 0.251965 0.709483 0.057273 0.087467
0 0.329863 0.495104 0.023343 0.038882
0 0.596493 0.424943 0.021078 0.028314