0 0.418537 0.576622 0.037952 0.065334
0 0.799227 0.674713 0.073755 0.104948
0 0.557005 0.480761 0.029434 0.042578
0 0.864299 0.900675 0.137539 0.193491
0 0.222853 0.661888 0.235315 0.384493
0 0.411560 0.451800 0.025716 0.036952
0 0.581779 0.447099 0.023315 0.032096
0 0.606731 0.603614 0.063517 0.117750
0 0.448749 0.459172 0.033405 0.051339
0 0.606252 0.603488 0.062203 0.119321
0 0.361482 0.533406 0.047266 0.080183
0 0.451824 0.368120 0.028304 0.051718
0 0.603612 0.436568 0.015885 0.024791
0 0.407049 0.398757 0.032669 0.057545
0 0.407154 0.396904 0.033138 0.061143