0 0.766185 0.761538 0.092602 0.143477
0 0.603213 0.656015 0.050658 0.090964
0 0.382687 0.711658 0.060903 0.101440
0 0.420672 0.560794 0.039254 0.057908
0 0.831704 0.692593 0.091475 0.120391
0 0.552352 0.468723 0.028189 0.044329
0 0.286686 0.657712 0.064983 0.079520
0 0.666126 0.512244 0.037734 0.050769
0 0.126725 0.741281 0.109300 0.117274
0 0.362596 0.517655 0.030853 0.051783
0 0.297692 0.545218 0.047645 0.061037
0 0.421211 0.380639 0.032513 0.060321
0 0.607755 0.439136 0.020860 0.026863
0 0.440655 0.487384 0.029743 0.037404