0 0.950521 0.862154 0.098299 0.192006
0 0.180795 0.678846 0.087681 0.096192
0 0.913217 0.955309 0.126774 0.085970
0 0.698343 0.550203 0.042002 0.056565
0 0.427050 0.539371 0.040035 0.054488
0 0.561994 0.499471 0.032281 0.055401
0 0.659340 0.841534 0.084585 0.158464
0 0.307366 0.622747 0.055008 0.069873
0 0.396623 0.658617 0.050478 0.086913
0 0.306280 0.531076 0.035571 0.047790
0 0.309973 0.525623 0.041549 0.054066
0 0.443928 0.479650 0.025368 0.039891
0 0.372330 0.500880 0.031292 0.053079
0 0.564961 0.424515 0.016844 0.027923
0 0.067178 0.958579 0.106518 0.079966