0 0.105108 0.920483 0.159912 0.150492
0 0.432767 0.524388 0.037404 0.053603
0 0.324050 0.592718 0.050060 0.066261
0 0.407464 0.619889 0.044404 0.073933
0 0.745422 0.605959 0.055668 0.078473
0 0.577633 0.547259 0.040451 0.065353
0 0.218441 0.632891 0.071171 0.085284
0 0.319762 0.514192 0.035028 0.044293
0 0.266651 0.954067 0.122648 0.091865
0 0.607989 0.437147 0.023518 0.026801
0 0.381879 0.487080 0.032560 0.047195
0 0.636740 0.470767 0.025427 0.038973
0 0.446377 0.469869 0.025790 0.035999
0 0.426080 0.373065 0.031709 0.059910
0 0.573266 0.436566 0.022387 0.034027