0 0.310525 0.884022 0.106946 0.173610
0 0.337930 0.569158 0.046145 0.062722
0 0.820207 0.694716 0.077161 0.107867
0 0.414217 0.590895 0.040629 0.065404
0 0.167396 0.832057 0.123415 0.140633
0 0.657765 0.496929 0.031487 0.048048
0 0.248460 0.597865 0.062906 0.077246
0 0.600924 0.621383 0.052839 0.098836
0 0.436042 0.507486 0.032007 0.047554
0 0.580812 0.450335 0.022802 0.035011
0 0.619467 0.449554 0.024067 0.032038
0 0.333376 0.497803 0.035677 0.039655
0 0.389349 0.479369 0.030597 0.043400
0 0.330242 0.503213 0.031942 0.041906
0 0.539005 0.425206 0.017382 0.033880
0 0.343231 0.497052 0.021292 0.040429
0 0.553087 0.390149 0.019599 0.029209
0 0.428188 0.369962 0.030257 0.055655