0 0.192349 0.790588 0.111981 0.128325
0 0.418427 0.576971 0.038373 0.063619
0 0.876597 0.764270 0.097404 0.136115
0 0.328966 0.825664 0.094038 0.150124
0 0.344051 0.558972 0.042941 0.059083
0 0.259606 0.584150 0.054769 0.070590
0 0.621265 0.678776 0.064466 0.119682
0 0.438014 0.499243 0.031032 0.044747
0 0.670977 0.512814 0.033652 0.054277
0 0.628248 0.459062 0.024115 0.028750
0 0.586239 0.457934 0.024318 0.039660
0 0.391553 0.471356 0.030361 0.047586
0 0.540477 0.431103 0.018559 0.033174
0 0.554286 0.392847 0.019933 0.029958
0 0.337117 0.495431 0.031839 0.038052
0 0.429449 0.370447 0.027688 0.055244
0 0.445436 0.455396 0.035720 0.040655