0 0.213670 0.757971 0.101442 0.117947
0 0.946724 0.862968 0.105617 0.181776
0 0.344592 0.779474 0.085023 0.137483
0 0.421815 0.566422 0.036431 0.061051
0 0.685518 0.528822 0.039216 0.058489
0 0.651260 0.767910 0.086412 0.165007
0 0.349548 0.548759 0.039121 0.056455
0 0.635377 0.469334 0.026486 0.036781
0 0.272042 0.572598 0.054016 0.070301
0 0.592343 0.470356 0.026165 0.041388
0 0.543874 0.437964 0.022564 0.037557
0 0.439216 0.495425 0.031903 0.044879
0 0.555553 0.397803 0.022901 0.035515
0 0.395800 0.465017 0.028726 0.045669