0 0.129690 0.929274 0.151779 0.136704
0 0.286519 0.639257 0.064310 0.078733
0 0.387042 0.632139 0.057918 0.084637
0 0.315174 0.942686 0.113828 0.114628
0 0.020179 0.919812 0.040353 0.104292
0 0.434166 0.517389 0.031520 0.051967
0 0.563169 0.500201 0.031273 0.053914
0 0.700910 0.546864 0.041410 0.054882
0 0.314879 0.519488 0.040695 0.049904
0 0.834783 0.706681 0.087626 0.132573
0 0.375178 0.507767 0.033758 0.043252
0 0.640022 0.554561 0.041438 0.067195
0 0.567381 0.417255 0.032375 0.047052
0 0.447800 0.466352 0.026000 0.039349