0 0.042467 0.887329 0.084616 0.152099
0 0.333126 0.908733 0.108613 0.175755
0 0.167266 0.887433 0.126701 0.155939
0 0.722576 0.570518 0.048618 0.064447
0 0.396307 0.611021 0.050822 0.081022
0 0.298109 0.623894 0.061851 0.079006
0 0.656029 0.582242 0.049028 0.078802
0 0.569206 0.519547 0.033956 0.059082
0 0.436370 0.510351 0.031511 0.050415
0 0.896123 0.783095 0.111015 0.169187
0 0.320338 0.515318 0.036914 0.051183
0 0.378312 0.501959 0.031976 0.041264
0 0.571524 0.422832 0.031732 0.050749
0 0.896892 0.781837 0.111909 0.170062
0 0.447976 0.461476 0.025927 0.037869
0 0.530945 0.418814 0.017617 0.034989