0 0.241113 0.754554 0.092088 0.113568
0 0.827335 0.695128 0.080762 0.113834
0 0.408172 0.568616 0.045392 0.068724
0 0.325023 0.577612 0.051319 0.065051
0 0.599958 0.612464 0.049234 0.085654
0 0.377906 0.744047 0.072134 0.115045
0 0.127408 0.740652 0.098905 0.106998
0 0.736236 0.722466 0.081460 0.130876
0 0.390503 0.484302 0.029164 0.038647
0 0.589014 0.445893 0.024247 0.054013
0 0.338516 0.494762 0.030938 0.043497
0 0.440897 0.490704 0.027712 0.042881
0 0.539434 0.447007 0.020701 0.032416
0 0.440977 0.497446 0.030242 0.055344
0 0.454895 0.446759 0.026126 0.034548