0 0.388926 0.706484 0.067237 0.103119
0 0.411364 0.556010 0.045280 0.064530
0 0.886980 0.763610 0.103546 0.138488
0 0.156532 0.706981 0.087980 0.093489
0 0.332010 0.570121 0.046818 0.063109
0 0.618805 0.665374 0.060118 0.105551
0 0.260137 0.720006 0.079196 0.101453
0 0.787052 0.810683 0.104145 0.172302
0 0.394008 0.479937 0.027906 0.037300
0 0.541343 0.453238 0.022566 0.038690
0 0.342512 0.487720 0.031579 0.044874
0 0.595178 0.455807 0.030269 0.053558
0 0.380676 0.479659 0.053769 0.047268
0 0.454014 0.445461 0.027858 0.037174