0 0.426163 0.563307 0.039485 0.063090
0 0.273897 0.570894 0.049237 0.058809
0 0.335950 0.589579 0.046494 0.067779
0 0.550129 0.477488 0.027849 0.042501
0 0.612219 0.495414 0.033445 0.045367
0 0.588456 0.612567 0.048638 0.082902
0 0.210082 0.810194 0.106850 0.161829
0 0.370985 0.511061 0.036327 0.048038
0 0.432608 0.496507 0.031530 0.046573
0 0.673789 0.585739 0.064738 0.123339
0 0.025692 0.925995 0.051270 0.122640
0 0.673812 0.583885 0.065693 0.126640
0 0.412991 0.447120 0.024478 0.033860
0 0.452709 0.460274 0.024176 0.040505