0 0.630746 0.744982 0.074713 0.131549
0 0.349225 0.565691 0.039278 0.061989
0 0.560843 0.511818 0.033865 0.049203
0 0.040362 0.855767 0.077845 0.101412
0 0.432126 0.539847 0.035363 0.053825
0 0.379695 0.498161 0.033331 0.043733
0 0.066397 0.830494 0.118674 0.132922
0 0.253848 0.732257 0.086845 0.124258
0 0.633933 0.531762 0.037394 0.053570
0 0.292818 0.547887 0.039557 0.054217
0 0.733343 0.676602 0.096186 0.180676
0 0.418231 0.443358 0.023584 0.035222
0 0.436779 0.484727 0.028399 0.041745
0 0.637102 0.472221 0.023960 0.035940
0 0.531476 0.410947 0.023560 0.035060