0 0.365216 0.547516 0.044399 0.060978
0 0.285167 0.674988 0.071042 0.106313
0 0.664462 0.582740 0.049223 0.069933
0 0.575564 0.566549 0.041187 0.068006
0 0.436971 0.519891 0.034361 0.049722
0 0.658701 0.497898 0.031661 0.045731
0 0.708915 0.964600 0.090447 0.067938
0 0.127243 0.750854 0.102090 0.115496
0 0.859266 0.851820 0.179011 0.285333
0 0.385828 0.485482 0.029840 0.042603
0 0.311688 0.525663 0.038618 0.051940
0 0.858764 0.852128 0.178714 0.285329
0 0.270457 0.946738 0.066052 0.105502
0 0.535731 0.422587 0.022053 0.029657
0 0.110967 0.764989 0.070070 0.088823
0 0.857957 0.853356 0.179990 0.289179
0 0.420778 0.434641 0.022901 0.034302