0 0.147762 0.909423 0.142289 0.170582
0 0.376346 0.520814 0.033965 0.046921
0 0.319276 0.613922 0.055548 0.085624
0 0.625147 0.731525 0.069950 0.121206
0 0.755995 0.728483 0.088110 0.119134
0 0.197120 0.664878 0.076191 0.092369
0 0.704625 0.553106 0.043545 0.064931
0 0.542375 0.448140 0.023263 0.032185
0 0.185809 0.668247 0.052982 0.087736
0 0.332428 0.504665 0.034785 0.045792
0 0.579751 0.445574 0.020244 0.029093
0 0.336744 0.811530 0.076974 0.117017
0 0.440385 0.497800 0.033493 0.044555
0 0.394979 0.472869 0.028995 0.035037