0 0.387804 0.646889 0.050625 0.084786
0 0.648582 0.485700 0.027521 0.038569
0 0.241743 0.731113 0.082678 0.101417
0 0.802580 0.675970 0.076077 0.099356
0 0.425151 0.533781 0.037091 0.049292
0 0.358800 0.504003 0.052460 0.106584
0 0.253269 0.978879 0.119179 0.041203
0 0.440742 0.477478 0.025685 0.043798
0 0.253505 0.967975 0.119192 0.062462
0 0.421097 0.433106 0.022900 0.042764
0 0.296165 0.535413 0.056880 0.079734
0 0.464765 0.422982 0.020514 0.028633
0 0.357939 0.502889 0.052005 0.107169
0 0.604063 0.437889 0.017252 0.023876