0 0.407663 0.615704 0.046504 0.074296
0 0.694650 0.642774 0.059438 0.086190
0 0.168595 0.905285 0.142753 0.178413
0 0.363464 0.531940 0.038735 0.052189
0 0.606797 0.654747 0.052522 0.092926
0 0.797392 0.667954 0.078739 0.097058
0 0.295007 0.940757 0.120866 0.117864
0 0.038219 0.873542 0.076226 0.153909
0 0.430179 0.499025 0.030530 0.050729
0 0.621920 0.460083 0.025542 0.032930
0 0.547265 0.448423 0.024039 0.031867
0 0.398632 0.476431 0.023728 0.037532
0 0.591205 0.462636 0.021214 0.031950
0 0.420167 0.442364 0.023593 0.033409