0 0.264390 0.727702 0.085285 0.104274
0 0.362533 0.746172 0.076612 0.115352
0 0.422645 0.553548 0.036976 0.059010
0 0.380670 0.502143 0.033100 0.043905
0 0.663143 0.511221 0.035863 0.047806
0 0.136533 0.717359 0.112045 0.118510
0 0.564291 0.502387 0.034005 0.051993
0 0.539965 0.435556 0.021605 0.032633
0 0.627118 0.518136 0.035198 0.058435
0 0.439251 0.476170 0.025818 0.043747
0 0.633308 0.469199 0.024330 0.033367
0 0.409211 0.457003 0.021608 0.034572
0 0.407115 0.453916 0.026838 0.038055
0 0.589678 0.450567 0.026529 0.047435