0 0.708338 0.659339 0.063588 0.098799
0 0.238785 0.793751 0.098317 0.123847
0 0.604845 0.624941 0.051091 0.085628
0 0.395398 0.632101 0.050960 0.076581
0 0.744853 0.612774 0.060887 0.082701
0 0.314007 0.631851 0.066312 0.075045
0 0.432621 0.513527 0.029938 0.048191
0 0.680954 0.525486 0.038872 0.053609
0 0.220623 0.618924 0.075248 0.082570
0 0.552996 0.476968 0.029450 0.043852
0 0.392849 0.481466 0.028108 0.035302
0 0.624145 0.511446 0.040291 0.067268
0 0.570303 0.436418 0.023923 0.029577
0 0.532256 0.406823 0.020345 0.024816