0 0.802266 0.663809 0.066935 0.097018
0 0.835301 0.888641 0.133460 0.194967
0 0.271209 0.693705 0.072384 0.109348
0 0.398086 0.627107 0.048036 0.075897
0 0.432457 0.521870 0.031571 0.048826
0 0.078158 0.763047 0.156309 0.204453
0 0.047813 0.916351 0.095019 0.167298
0 0.313411 0.921149 0.130373 0.157702
0 0.645219 0.752994 0.079371 0.129271
0 0.603314 0.486417 0.027425 0.042577
0 0.553723 0.480118 0.030221 0.043421
0 0.271042 0.574318 0.053529 0.063455
0 0.327681 0.510155 0.035128 0.042706
0 0.450010 0.461645 0.025266 0.037828
0 0.563352 0.412587 0.023800 0.029585
0 0.362053 0.471186 0.024077 0.037106
0 0.535006 0.415621 0.023710 0.035678
0 0.402104 0.465688 0.032708 0.048967