0 0.403460 0.606603 0.045009 0.072777
0 0.559788 0.497835 0.032040 0.049902
0 0.854722 0.726008 0.084241 0.119192
0 0.290963 0.663905 0.068813 0.097631
0 0.613094 0.503379 0.032789 0.045898
0 0.433700 0.512486 0.031047 0.046956
0 0.333883 0.501455 0.036995 0.046458
0 0.076091 0.875470 0.151525 0.243922
0 0.279537 0.562666 0.048063 0.056718
0 0.690258 0.896327 0.112789 0.199783
0 0.106972 0.710683 0.142420 0.151842
0 0.330400 0.887703 0.117349 0.215373
0 0.568561 0.420774 0.019754 0.028846
0 0.690300 0.896450 0.112430 0.201568
0 0.534749 0.421864 0.028722 0.035350
0 0.367367 0.465446 0.025300 0.035422
0 0.451034 0.457127 0.026020 0.033694
0 0.539494 0.424415 0.021284 0.033474