0 0.930269 0.818079 0.113376 0.156064
0 0.305552 0.638620 0.065095 0.091707
0 0.624913 0.525038 0.037524 0.048827
0 0.566199 0.520449 0.035970 0.056709
0 0.348428 0.838040 0.103120 0.209615
0 0.408116 0.588754 0.044488 0.067018
0 0.437401 0.501311 0.028030 0.043110
0 0.338743 0.497297 0.033050 0.044519
0 0.287871 0.550967 0.047914 0.058384
0 0.069868 0.894121 0.139197 0.202033
0 0.541328 0.433480 0.024385 0.033829
0 0.572988 0.426207 0.021409 0.030814
0 0.100099 0.849192 0.189421 0.293662
0 0.370159 0.460201 0.026378 0.032734
0 0.134633 0.671783 0.127356 0.116424
0 0.101127 0.848182 0.188338 0.288176
0 0.453528 0.450506 0.024817 0.032786
0 0.409453 0.451538 0.029026 0.045081