0 0.402715 0.612812 0.049332 0.073832
0 0.324900 0.614113 0.061697 0.074885
0 0.782396 0.659115 0.076188 0.102071
0 0.624630 0.685921 0.064257 0.103658
0 0.749052 0.724094 0.082052 0.123623
0 0.265812 0.750956 0.085395 0.105157
0 0.236289 0.602662 0.068639 0.083934
0 0.699190 0.545673 0.042679 0.056176
0 0.558105 0.491866 0.033254 0.048516
0 0.433750 0.506819 0.029970 0.047571
0 0.636405 0.534246 0.046362 0.079209
0 0.395479 0.475213 0.028610 0.038002
0 0.574828 0.447865 0.023592 0.032489
0 0.014461 0.941165 0.028810 0.090082
0 0.604762 0.438185 0.015668 0.023159
0 0.444570 0.450661 0.030600 0.039616