0 0.319893 0.613067 0.059066 0.081480
0 0.575487 0.550285 0.040067 0.065277
0 0.412498 0.575733 0.039915 0.064960
0 0.296383 0.542164 0.046247 0.057523
0 0.642051 0.552161 0.040619 0.059251
0 0.439586 0.491345 0.026643 0.043636
0 0.982326 0.917273 0.034462 0.135490
0 0.578665 0.435946 0.021152 0.030803
0 0.361647 0.785931 0.088978 0.179287
0 0.545371 0.443198 0.024922 0.034198
0 0.342399 0.489889 0.029399 0.038012
0 0.376413 0.455751 0.027583 0.033599
0 0.455184 0.445586 0.021288 0.034191
0 0.161598 0.776415 0.134706 0.355747