0 0.055805 0.857295 0.111414 0.145040
0 0.313290 0.686050 0.070229 0.088898
0 0.410938 0.581463 0.042736 0.063532
0 0.891086 0.928572 0.133845 0.139336
0 0.701617 0.904082 0.115953 0.191836
0 0.569426 0.529053 0.036735 0.060622
0 0.340097 0.590315 0.053964 0.071742
0 0.747593 0.603840 0.055251 0.072712
0 0.897159 0.800090 0.124177 0.155890
0 0.263358 0.573544 0.056532 0.076995
0 0.585248 0.466786 0.029247 0.038059
0 0.537956 0.418972 0.019021 0.030571
0 0.673649 0.593365 0.061928 0.110234
0 0.437166 0.492070 0.029820 0.042660
0 0.400340 0.465788 0.027454 0.035968
0 0.615078 0.451170 0.018255 0.028147