0 0.780351 0.644320 0.067287 0.086955
0 0.332290 0.658590 0.065234 0.081161
0 0.578227 0.558380 0.040829 0.071121
0 0.085405 0.805177 0.119552 0.128536
0 0.415648 0.566974 0.040826 0.061233
0 0.954424 0.907334 0.090307 0.181124
0 0.346844 0.574167 0.051089 0.064491
0 0.275670 0.563170 0.053247 0.072776
0 0.702107 0.643201 0.074798 0.137385
0 0.622694 0.463241 0.022883 0.029187
0 0.592472 0.475664 0.027674 0.038587
0 0.439518 0.484209 0.028310 0.039504
0 0.539027 0.426813 0.021366 0.032145
0 0.402963 0.461687 0.024455 0.032336