0 0.266039 0.676667 0.105336 0.225538
0 0.407022 0.149901 0.029660 0.044523
0 0.494551 0.573672 0.070767 0.193777
0 0.287423 0.212177 0.033175 0.059336
0 0.239917 0.159150 0.033110 0.056587
0 0.367195 0.062613 0.020000 0.031514
0 0.201054 0.482593 0.097980 0.192322
0 0.201064 0.481970 0.097508 0.191820
0 0.292790 0.130378 0.026496 0.041785
0 0.345209 0.191156 0.026441 0.054443
0 0.339522 0.131309 0.026031 0.043607
0 0.327855 0.067942 0.022462 0.036000
0 0.282625 0.214104 0.045068 0.057506
0 0.469274 0.319194 0.044958 0.091779