0 0.386036 0.584651 0.045986 0.062080
0 0.633864 0.552962 0.044741 0.060721
0 0.196400 0.666104 0.072040 0.088009
0 0.652930 0.796042 0.090230 0.164797
0 0.429923 0.521990 0.034858 0.051468
0 0.367410 0.535378 0.040781 0.052263
0 0.550009 0.463037 0.028064 0.041157
0 0.664328 0.511530 0.035521 0.046599
0 0.122033 0.892792 0.178643 0.209555
0 0.302839 0.918961 0.143843 0.160874
0 0.449616 0.462427 0.031710 0.039929
0 0.301500 0.918345 0.147552 0.162105
0 0.411289 0.444506 0.026123 0.034579
0 0.592984 0.419577 0.017979 0.018775
0 0.312244 0.517018 0.039562 0.057036
0 0.411040 0.436243 0.026469 0.048886
0 0.122018 0.894263 0.175589 0.209893