0 0.215179 0.643010 0.067763 0.080885
0 0.554288 0.476593 0.028786 0.042238
0 0.651218 0.582569 0.049031 0.070393
0 0.326935 0.885500 0.120380 0.219615
0 0.391821 0.574518 0.041330 0.061704
0 0.432544 0.514152 0.034414 0.048832
0 0.680245 0.530804 0.039137 0.052473
0 0.698848 0.912184 0.117501 0.175632
0 0.372556 0.525889 0.039272 0.051358
0 0.161571 0.843973 0.152343 0.227653
0 0.161137 0.842125 0.152390 0.229220
0 0.318464 0.512251 0.036849 0.053062
0 0.597092 0.423109 0.019109 0.022953
0 0.414136 0.440050 0.021704 0.036723