0 0.231107 0.622382 0.062009 0.077125
0 0.672557 0.621610 0.060279 0.081860
0 0.399581 0.560023 0.037574 0.055786
0 0.559685 0.489774 0.030978 0.050735
0 0.378978 0.517110 0.035937 0.047274
0 0.343701 0.820607 0.103479 0.185948
0 0.433357 0.508059 0.033410 0.046190
0 0.699248 0.554487 0.042698 0.052715
0 0.192708 0.796331 0.132631 0.189105
0 0.193099 0.796698 0.131361 0.190153
0 0.326783 0.499859 0.035459 0.052843
0 0.602050 0.431280 0.019584 0.026690
0 0.416034 0.438340 0.020916 0.034480
0 0.328029 0.498632 0.036068 0.052271