0 0.115206 0.707556 0.229049 0.562041
0 0.289766 0.238576 0.034721 0.068419
0 0.342611 0.278471 0.048207 0.156047
0 0.295391 0.498280 0.063666 0.145826
0 0.238474 0.159122 0.034310 0.053525
0 0.420784 0.195326 0.034237 0.057975
0 0.918902 0.545752 0.102812 0.138096
0 0.384133 0.097060 0.029605 0.056968
0 0.333681 0.104652 0.030809 0.053719
0 0.211805 0.929230 0.124962 0.136059
0 0.488594 0.456488 0.059550 0.163424
0 0.488393 0.460250 0.061390 0.162941
0 0.361965 0.047068 0.027183 0.050838
0 0.292081 0.060520 0.023611 0.048012