0 0.266063 0.716196 0.098457 0.226240
0 0.314896 0.469356 0.084306 0.263167
0 0.464574 0.315794 0.047396 0.094971
0 0.238293 0.158496 0.037407 0.052694
0 0.078166 0.798668 0.155575 0.394773
0 0.227948 0.463338 0.081317 0.150485
0 0.293768 0.141362 0.031056 0.063750
0 0.501881 0.613057 0.073354 0.220698
0 0.501260 0.613783 0.072501 0.221145
0 0.333862 0.118639 0.028826 0.048648
0 0.329232 0.061780 0.021978 0.035142
0 0.340323 0.236787 0.044493 0.097993
0 0.394337 0.115484 0.038153 0.076344
0 0.393997 0.116571 0.037396 0.074984
0 0.418517 0.189429 0.037963 0.078834