0 0.251170 0.806836 0.111492 0.264249
0 0.305830 0.513629 0.094581 0.289483
0 0.345350 0.205360 0.036017 0.059923
0 0.239034 0.159328 0.034489 0.054452
0 0.290846 0.116284 0.025464 0.039689
0 0.478347 0.389494 0.048573 0.113630
0 0.284278 0.230116 0.040388 0.088568
0 0.503453 0.662624 0.077884 0.247586
0 0.337213 0.329947 0.056449 0.125927
0 0.339690 0.122564 0.026014 0.046766
0 0.417262 0.171260 0.050039 0.089210
0 0.137082 0.683107 0.126340 0.237376
0 0.319550 0.026839 0.023153 0.045407
0 0.137243 0.682878 0.126666 0.232824