0 0.247763 0.828186 0.113738 0.273208
0 0.305005 0.514849 0.095629 0.289817
0 0.341760 0.137443 0.028698 0.050425
0 0.479631 0.398250 0.050867 0.118669
0 0.280168 0.247395 0.046018 0.095830
0 0.345516 0.220967 0.037326 0.062696
0 0.239400 0.159377 0.034323 0.054923
0 0.120234 0.724543 0.137455 0.250822
0 0.920947 0.503137 0.068599 0.100061
0 0.290627 0.128209 0.025027 0.041442
0 0.503965 0.666261 0.077845 0.249890
0 0.419988 0.177687 0.054319 0.092098
0 0.442766 0.267661 0.049839 0.103894
0 0.336318 0.340837 0.056692 0.132408
0 0.336511 0.341944 0.057853 0.131495