0 0.238298 0.860250 0.121533 0.276242
0 0.303831 0.519406 0.097186 0.292785
0 0.287763 0.144235 0.029977 0.046580
0 0.239639 0.159485 0.034575 0.055576
0 0.481590 0.410877 0.051949 0.120588
0 0.274039 0.279205 0.050003 0.100709
0 0.346054 0.240238 0.035883 0.069666
0 0.344062 0.156618 0.029065 0.051340
0 0.872019 0.587075 0.097667 0.173890
0 0.504399 0.670270 0.077774 0.250580
0 0.423332 0.184397 0.054276 0.095286
0 0.334828 0.349983 0.057202 0.124711
0 0.089827 0.793166 0.154656 0.281555
0 0.089855 0.793183 0.155559 0.284529
0 0.447975 0.279919 0.051408 0.110127
0 0.448204 0.279282 0.050941 0.109805