0 0.230248 0.877651 0.128774 0.244697
0 0.303216 0.523672 0.098458 0.299011
0 0.075794 0.841100 0.151431 0.301375
0 0.832472 0.683970 0.102124 0.207282
0 0.287004 0.157379 0.029288 0.046958
0 0.239635 0.159240 0.034300 0.055211
0 0.481108 0.418482 0.052125 0.121293
0 0.345476 0.167396 0.028085 0.056913
0 0.267920 0.297779 0.051877 0.112325
0 0.504817 0.673891 0.077912 0.252473
0 0.344972 0.251815 0.035045 0.065960
0 0.424935 0.192433 0.052966 0.097680
0 0.334702 0.353939 0.055534 0.127319
0 0.290862 0.061124 0.024415 0.040788
0 0.451810 0.288691 0.049660 0.107766