0 0.227285 0.886839 0.129302 0.225909
0 0.286583 0.163970 0.029767 0.049008
0 0.301410 0.527195 0.100946 0.301135
0 0.071459 0.852369 0.142652 0.283434
0 0.815019 0.749535 0.104350 0.234821
0 0.239494 0.159050 0.033523 0.054427
0 0.481835 0.421983 0.051991 0.122303
0 0.425620 0.195644 0.053051 0.102633
0 0.264270 0.307629 0.055087 0.112759
0 0.345686 0.172540 0.028428 0.057778
0 0.504924 0.674995 0.077639 0.251697
0 0.344529 0.251937 0.032826 0.055270
0 0.334562 0.356634 0.055360 0.132811
0 0.453162 0.291109 0.049224 0.110174