0 0.219154 0.910444 0.127665 0.178858
0 0.783117 0.884342 0.111618 0.230376
0 0.346882 0.185858 0.031475 0.056941
0 0.482009 0.430044 0.052274 0.123326
0 0.256469 0.331178 0.059298 0.117761
0 0.299402 0.537637 0.104379 0.312272
0 0.284454 0.175759 0.032247 0.055817
0 0.239051 0.159281 0.032721 0.055725
0 0.345487 0.266932 0.035074 0.063419
0 0.061687 0.877783 0.122737 0.236392
0 0.426765 0.195290 0.053257 0.098249
0 0.332781 0.358670 0.059513 0.134123
0 0.427300 0.194773 0.053624 0.096063
0 0.455049 0.306719 0.049679 0.099419
0 0.326136 0.054081 0.023020 0.060241
0 0.505396 0.676884 0.077756 0.251470
0 0.170659 0.369779 0.086635 0.090539
0 0.325843 0.052902 0.023435 0.060939
0 0.455336 0.299505 0.050455 0.110109