0 0.209795 0.940776 0.123635 0.118448
0 0.282609 0.191489 0.034178 0.058095
0 0.347993 0.197011 0.032913 0.057139
0 0.483078 0.433382 0.052517 0.129105
0 0.049373 0.909029 0.098533 0.176008
0 0.426910 0.198415 0.053359 0.103193
0 0.296081 0.556285 0.109790 0.318687
0 0.238609 0.159172 0.033640 0.054376
0 0.247399 0.351702 0.066530 0.128929
0 0.331434 0.360876 0.061720 0.129710
0 0.505390 0.679188 0.077581 0.252697
0 0.457263 0.307710 0.049801 0.121383
0 0.343958 0.269098 0.034342 0.054184
0 0.326828 0.058157 0.025044 0.061947
0 0.327233 0.058803 0.024021 0.060457