0 0.281018 0.197870 0.033738 0.060638
0 0.243233 0.366118 0.070163 0.136177
0 0.202319 0.960146 0.111393 0.079243
0 0.347660 0.201803 0.030982 0.062096
0 0.483201 0.435711 0.053184 0.132805
0 0.294844 0.565023 0.110839 0.324480
0 0.042411 0.927112 0.083953 0.145540
0 0.427390 0.198602 0.054646 0.103178
0 0.239150 0.159537 0.032833 0.055069
0 0.331315 0.362736 0.062860 0.130215
0 0.327887 0.066257 0.024124 0.059304
0 0.505551 0.681079 0.077635 0.253683
0 0.458719 0.307392 0.053284 0.118391
0 0.291551 0.096916 0.023398 0.039440
0 0.458001 0.309359 0.049683 0.119406
0 0.343821 0.272450 0.034148 0.050316