0 0.279233 0.205122 0.037956 0.065763
0 0.483169 0.439120 0.054639 0.131568
0 0.239696 0.375573 0.070384 0.136120
0 0.348232 0.203569 0.032901 0.062115
0 0.292193 0.573610 0.114698 0.335244
0 0.459654 0.310220 0.054686 0.119547
0 0.239110 0.159601 0.033729 0.055040
0 0.427173 0.197962 0.054929 0.107689
0 0.330449 0.364489 0.063118 0.134769
0 0.292022 0.103714 0.024300 0.038512
0 0.505745 0.682795 0.078314 0.254957
0 0.328454 0.071403 0.023169 0.057128
0 0.034497 0.943691 0.068484 0.104133
0 0.344229 0.274168 0.034184 0.048541
0 0.458599 0.310742 0.051370 0.120864