0 0.275771 0.236119 0.039124 0.067584
0 0.483300 0.449097 0.053152 0.135526
0 0.348509 0.219177 0.035288 0.066579
0 0.850508 0.646974 0.119056 0.214474
0 0.239214 0.159216 0.034167 0.054622
0 0.460373 0.328270 0.055454 0.119791
0 0.276412 0.628769 0.129691 0.373678
0 0.331045 0.084024 0.028918 0.065997
0 0.429331 0.203278 0.056109 0.108395
0 0.219320 0.428140 0.083598 0.154747
0 0.330184 0.382232 0.062845 0.137254
0 0.291829 0.125321 0.026094 0.042251
0 0.505933 0.686292 0.079097 0.254057
0 0.505735 0.686286 0.078933 0.258348