0 0.810384 0.787039 0.124118 0.284870
0 0.483442 0.453496 0.053055 0.136764
0 0.274239 0.249495 0.039679 0.073877
0 0.211162 0.454487 0.085670 0.168984
0 0.429608 0.205801 0.056307 0.111731
0 0.267034 0.665205 0.137368 0.400357
0 0.349277 0.222791 0.035514 0.065366
0 0.239123 0.159349 0.033816 0.054478
0 0.328152 0.393910 0.063530 0.151699
0 0.291472 0.136140 0.026908 0.043019
0 0.342419 0.289054 0.039226 0.064801
0 0.462558 0.332057 0.051866 0.118665
0 0.506054 0.690882 0.079720 0.258427
0 0.327794 0.393703 0.064761 0.149984
0 0.462031 0.332803 0.052571 0.121843