0 0.793024 0.856034 0.129051 0.287933
0 0.272143 0.258860 0.043276 0.073375
0 0.483914 0.456502 0.054963 0.136464
0 0.239133 0.159475 0.033915 0.055331
0 0.205087 0.471100 0.089783 0.174198
0 0.428973 0.206629 0.058679 0.114823
0 0.326098 0.401393 0.064472 0.156204
0 0.348612 0.224856 0.034255 0.068937
0 0.291433 0.142593 0.027178 0.045390
0 0.342363 0.294365 0.041318 0.073156
0 0.262852 0.687365 0.142693 0.418642
0 0.462443 0.334268 0.053458 0.124488
0 0.332613 0.093922 0.028814 0.071675
0 0.506117 0.694340 0.080672 0.262938
0 0.429500 0.207521 0.060414 0.112032