0 0.271358 0.267431 0.043830 0.077385
0 0.484120 0.462845 0.055763 0.137870
0 0.785074 0.899659 0.126995 0.200313
0 0.239146 0.159695 0.034280 0.055520
0 0.200050 0.483784 0.091796 0.179832
0 0.429753 0.210188 0.058457 0.109714
0 0.342811 0.299687 0.041071 0.074168
0 0.348841 0.227505 0.034101 0.068125
0 0.324312 0.411903 0.066742 0.162633
0 0.255119 0.705975 0.151589 0.431314
0 0.463460 0.336365 0.053491 0.124905
0 0.291809 0.149330 0.027053 0.046541
0 0.463616 0.336491 0.052946 0.124333
0 0.275392 0.410924 0.031533 0.090414