0 0.249360 0.732215 0.157287 0.456923
0 0.268970 0.274089 0.044290 0.079764
0 0.484091 0.466654 0.055984 0.138616
0 0.239126 0.159576 0.033862 0.054816
0 0.341757 0.303717 0.042220 0.078963
0 0.430712 0.210906 0.056840 0.108523
0 0.348846 0.228123 0.034844 0.068472
0 0.464436 0.340373 0.052730 0.124561
0 0.194666 0.498662 0.095430 0.182843
0 0.292245 0.154083 0.027859 0.047844
0 0.322269 0.425460 0.069831 0.164360
0 0.322278 0.424500 0.070301 0.163013
0 0.194934 0.500020 0.095892 0.183286
0 0.506766 0.705917 0.081422 0.266537
0 0.776633 0.950606 0.103653 0.097363