0 0.483808 0.468728 0.056173 0.139254
0 0.342205 0.308230 0.042918 0.082462
0 0.239213 0.159603 0.034232 0.055104
0 0.266934 0.283132 0.044486 0.078346
0 0.188346 0.514883 0.098990 0.193269
0 0.321921 0.435436 0.074904 0.166935
0 0.292023 0.158000 0.028603 0.051871
0 0.349303 0.231089 0.035085 0.068552
0 0.431057 0.209632 0.057539 0.112946
0 0.240933 0.757971 0.167878 0.470345
0 0.465109 0.341762 0.053404 0.125525
0 0.507077 0.717338 0.082614 0.272899
0 0.466130 0.343113 0.053995 0.126269
0 0.241759 0.757484 0.167083 0.470370
0 0.320385 0.031241 0.018727 0.049533