0 0.212602 0.787955 0.194045 0.409123
0 0.484592 0.482899 0.055664 0.144107
0 0.341343 0.317536 0.044895 0.088358
0 0.261618 0.309975 0.046501 0.088560
0 0.313000 0.472374 0.080131 0.188947
0 0.239158 0.159432 0.032997 0.055526
0 0.349431 0.235879 0.036430 0.073480
0 0.432788 0.214631 0.056823 0.108448
0 0.291356 0.179222 0.029268 0.047545
0 0.167460 0.566909 0.109708 0.214213
0 0.507513 0.766743 0.089993 0.318505
0 0.466905 0.348569 0.054968 0.130703
0 0.167598 0.565754 0.109750 0.213286
0 0.468016 0.351687 0.056010 0.128826