0 0.203837 0.803912 0.195969 0.380590
0 0.340947 0.322951 0.046046 0.089230
0 0.258372 0.316974 0.049578 0.094691
0 0.484721 0.488511 0.057960 0.145155
0 0.239260 0.159439 0.034465 0.055260
0 0.349245 0.238328 0.036815 0.075647
0 0.432900 0.214257 0.059053 0.110737
0 0.234194 0.562023 0.036881 0.091834
0 0.467833 0.352481 0.055057 0.133101
0 0.290905 0.185060 0.030464 0.053830
0 0.309839 0.486361 0.084780 0.195785
0 0.309344 0.484296 0.084011 0.196022
0 0.160156 0.583543 0.116085 0.222998
0 0.508316 0.803478 0.090787 0.323563
0 0.159817 0.583905 0.115788 0.223761