0 0.341658 0.327632 0.045101 0.090293
0 0.193622 0.818415 0.204517 0.355634
0 0.256480 0.330922 0.051247 0.092118
0 0.152578 0.602870 0.119534 0.230256
0 0.238982 0.159367 0.034936 0.054603
0 0.484969 0.495923 0.058181 0.150410
0 0.348810 0.240327 0.035851 0.073779
0 0.223558 0.595805 0.044096 0.096165
0 0.290146 0.192217 0.032971 0.055067
0 0.434267 0.216299 0.059064 0.109385
0 0.305833 0.498146 0.089549 0.196903
0 0.152093 0.602581 0.118831 0.228739
0 0.469521 0.355865 0.056164 0.129899
0 0.470314 0.356066 0.057461 0.131637
0 0.510230 0.833325 0.094486 0.330958
0 0.288825 0.129458 0.027382 0.037659