0 0.341371 0.333733 0.046118 0.098754
0 0.182709 0.833213 0.209243 0.324166
0 0.239276 0.159143 0.034494 0.054713
0 0.484802 0.506253 0.058643 0.152454
0 0.348538 0.242479 0.035576 0.071872
0 0.253502 0.341003 0.052326 0.094394
0 0.291087 0.199394 0.033322 0.051595
0 0.302390 0.513162 0.092791 0.207521
0 0.434622 0.217028 0.059332 0.109821
0 0.145717 0.625062 0.128715 0.241767
0 0.470352 0.358104 0.056055 0.129850
0 0.211792 0.631520 0.044519 0.098545
0 0.510743 0.849092 0.099230 0.296986
0 0.287366 0.134283 0.029741 0.038205