0 0.341492 0.339651 0.045053 0.095688
0 0.249033 0.352758 0.056717 0.099621
0 0.239235 0.159488 0.033596 0.054614
0 0.175132 0.849790 0.207609 0.291917
0 0.290925 0.205413 0.033118 0.056105
0 0.136999 0.643762 0.134063 0.249772
0 0.287239 0.136868 0.031191 0.044560
0 0.300046 0.527959 0.094027 0.213516
0 0.484824 0.517555 0.059610 0.150575
0 0.349033 0.246148 0.035552 0.071752
0 0.510176 0.866106 0.100557 0.259056
0 0.471893 0.363186 0.056416 0.134317
0 0.137288 0.644367 0.134465 0.247326
0 0.337783 0.134208 0.033742 0.085833
0 0.176033 0.850533 0.208384 0.295618