0 0.340976 0.347015 0.046272 0.098412
0 0.239382 0.159388 0.033813 0.054448
0 0.294818 0.545886 0.099592 0.218859
0 0.245733 0.363426 0.056025 0.101522
0 0.485150 0.526508 0.061090 0.154300
0 0.124641 0.667699 0.137727 0.263188
0 0.289647 0.211040 0.033452 0.058857
0 0.349248 0.248274 0.035841 0.072889
0 0.169065 0.868988 0.200050 0.256425
0 0.168792 0.870788 0.200298 0.257098
0 0.286835 0.142779 0.030941 0.043676
0 0.472425 0.366183 0.056780 0.136850
0 0.510097 0.891560 0.100056 0.216881
0 0.510427 0.891714 0.100758 0.216572
0 0.338845 0.138275 0.032737 0.084044
0 0.436153 0.223089 0.059515 0.109429