0 0.340641 0.355486 0.046881 0.103035
0 0.240944 0.375679 0.061947 0.104772
0 0.238954 0.159408 0.032889 0.054691
0 0.484532 0.538825 0.060941 0.164213
0 0.114891 0.693589 0.143877 0.276185
0 0.290535 0.563306 0.101302 0.227125
0 0.348636 0.251084 0.036375 0.074362
0 0.288947 0.217875 0.035723 0.059801
0 0.473261 0.371801 0.057349 0.138496
0 0.288036 0.146407 0.030568 0.046979
0 0.161846 0.889645 0.191058 0.216172
0 0.290036 0.563123 0.100866 0.225917
0 0.162156 0.890194 0.193938 0.218115
0 0.473823 0.372211 0.057691 0.137760
0 0.509436 0.920136 0.097944 0.158407
0 0.326830 0.064232 0.020183 0.037741