0 0.190538 0.873195 0.175544 0.252917
0 0.172317 0.556966 0.097152 0.171400
0 0.485905 0.618817 0.072788 0.190001
0 0.278111 0.299277 0.042865 0.080071
0 0.350362 0.311307 0.042504 0.087168
0 0.239353 0.159107 0.034088 0.054803
0 0.323445 0.522501 0.066511 0.161033
0 0.446322 0.245078 0.064123 0.126820
0 0.288457 0.201208 0.034454 0.062540
0 0.189480 0.872135 0.175168 0.252081
0 0.486835 0.455151 0.064797 0.168841
0 0.020098 0.953227 0.039862 0.089340
0 0.333444 0.094600 0.028492 0.064397
0 0.292436 0.094254 0.022916 0.031932