0 0.089336 0.749589 0.143474 0.244027
0 0.486613 0.620376 0.073307 0.189657
0 0.259828 0.374145 0.054764 0.097577
0 0.239385 0.158629 0.032717 0.054795
0 0.288436 0.734458 0.103309 0.248504
0 0.284676 0.246779 0.039396 0.076117
0 0.777013 0.783376 0.126916 0.290683
0 0.457366 0.278103 0.066335 0.142462
0 0.488456 0.454643 0.064569 0.162788
0 0.343248 0.397006 0.050783 0.115311
0 0.292405 0.131311 0.024397 0.038921
0 0.488384 0.454200 0.064994 0.163097
0 0.343198 0.396853 0.051412 0.116406
0 0.344865 0.205947 0.036898 0.110949