0 0.751421 0.851719 0.133504 0.294730
0 0.486691 0.620506 0.072484 0.190460
0 0.238871 0.159005 0.034564 0.053530
0 0.283183 0.252960 0.040590 0.073727
0 0.074101 0.786040 0.147259 0.267689
0 0.278018 0.779904 0.113155 0.273347
0 0.255265 0.386890 0.056250 0.099534
0 0.458512 0.281725 0.066022 0.147461
0 0.488502 0.454308 0.064076 0.164085
0 0.344218 0.208504 0.037835 0.112937
0 0.291740 0.132643 0.025163 0.041529
0 0.341542 0.413067 0.052212 0.122084
0 0.341302 0.413248 0.052536 0.122314
0 0.487938 0.457162 0.065071 0.167674
0 0.364461 0.056897 0.021064 0.028929
0 0.402936 0.427302 0.045677 0.302377