0 0.068017 0.824520 0.136034 0.281416
0 0.267464 0.831180 0.121916 0.296807
0 0.486818 0.619329 0.071800 0.191770
0 0.238877 0.158228 0.035033 0.053715
0 0.247619 0.403432 0.054063 0.098176
0 0.290789 0.137653 0.026988 0.044608
0 0.282360 0.260695 0.042657 0.076058
0 0.460848 0.287503 0.064590 0.144909
0 0.487901 0.457902 0.064686 0.167198
0 0.339094 0.427774 0.056539 0.128541
0 0.344181 0.212885 0.036522 0.114705
0 0.488476 0.454793 0.063468 0.163155
0 0.338493 0.428704 0.056980 0.130146
0 0.731734 0.888200 0.127696 0.222252
0 0.366118 0.059238 0.022080 0.030954