0 0.084341 0.810512 0.160316 0.280910
0 0.223211 0.922058 0.122352 0.153496
0 0.487149 0.620288 0.072414 0.190974
0 0.281004 0.252438 0.038363 0.069605
0 0.398085 0.138563 0.028881 0.044839
0 0.239077 0.158623 0.033940 0.054698
0 0.348204 0.221350 0.035733 0.061486
0 0.217108 0.462444 0.081830 0.148141
0 0.332445 0.364769 0.059784 0.180568
0 0.284234 0.170189 0.030623 0.063427
0 0.487833 0.454378 0.065334 0.164115
0 0.478824 0.393129 0.081625 0.289121
0 0.470858 0.320403 0.068813 0.153542
0 0.340407 0.164759 0.026653 0.053786