0 0.075642 0.847857 0.150750 0.286984
0 0.487041 0.620456 0.072608 0.190902
0 0.215801 0.954868 0.111159 0.089893
0 0.328754 0.380999 0.064667 0.187093
0 0.279162 0.261584 0.040232 0.070750
0 0.348785 0.227465 0.033364 0.058174
0 0.238815 0.158886 0.032995 0.054486
0 0.399920 0.143486 0.030864 0.043649
0 0.283655 0.175690 0.028560 0.060709
0 0.209112 0.485989 0.086230 0.149691
0 0.487587 0.454249 0.065401 0.163996
0 0.470746 0.321084 0.068725 0.153014
0 0.340945 0.166530 0.026998 0.060040
0 0.479111 0.396099 0.080243 0.282799