0 0.051305 0.908982 0.101604 0.176464
0 0.487070 0.620524 0.072999 0.190821
0 0.274159 0.289355 0.045868 0.082849
0 0.321326 0.428246 0.072952 0.213309
0 0.405278 0.159098 0.032419 0.049432
0 0.239020 0.159460 0.033534 0.055338
0 0.280238 0.195516 0.036660 0.069379
0 0.480056 0.395506 0.081435 0.283167
0 0.184236 0.549074 0.099454 0.177793
0 0.350235 0.243330 0.036134 0.069410
0 0.486751 0.453317 0.067149 0.164990
0 0.470876 0.318398 0.068423 0.149556
0 0.286750 0.132851 0.027270 0.042856
0 0.341363 0.173753 0.027727 0.065422