0 0.268804 0.310744 0.048168 0.089350
0 0.486937 0.620308 0.072231 0.190689
0 0.032135 0.954096 0.063875 0.086639
0 0.411180 0.168762 0.035612 0.053984
0 0.919959 0.452843 0.150453 0.233570
0 0.278586 0.210512 0.037325 0.074497
0 0.238888 0.158852 0.033725 0.054623
0 0.162569 0.598991 0.111767 0.196278
0 0.487556 0.454217 0.065417 0.162698
0 0.351303 0.263229 0.036512 0.063414
0 0.285710 0.143148 0.028808 0.049388
0 0.311778 0.467528 0.084775 0.230839
0 0.479708 0.401022 0.080312 0.271967
0 0.378490 0.103423 0.019217 0.028494
0 0.470693 0.317770 0.068132 0.146648
0 0.343646 0.195085 0.030257 0.064704