0 0.486965 0.620322 0.072524 0.190493
0 0.266651 0.320531 0.050456 0.094067
0 0.912560 0.473786 0.171657 0.244324
0 0.411865 0.172505 0.034081 0.055793
0 0.151155 0.629857 0.119946 0.210014
0 0.350843 0.265864 0.035296 0.069191
0 0.307919 0.489707 0.087637 0.243211
0 0.239055 0.159285 0.033797 0.054851
0 0.279543 0.219748 0.036570 0.071591
0 0.485966 0.414337 0.068999 0.244855
0 0.487067 0.453196 0.066785 0.165825
0 0.285739 0.147231 0.030297 0.048673
0 0.380688 0.108954 0.018241 0.029371
0 0.343490 0.194530 0.028414 0.065754
0 0.470459 0.324517 0.067963 0.152559