0 0.303271 0.511860 0.090717 0.256115
0 0.486703 0.620404 0.071975 0.190914
0 0.886507 0.493720 0.156668 0.264344
0 0.137701 0.658272 0.125086 0.222726
0 0.239053 0.159195 0.032952 0.054307
0 0.351117 0.272713 0.036948 0.071453
0 0.262187 0.333491 0.053032 0.096116
0 0.414159 0.178299 0.036054 0.054214
0 0.485866 0.413387 0.068772 0.246489
0 0.486888 0.453132 0.066833 0.165644
0 0.285067 0.153667 0.029113 0.045683
0 0.278011 0.226622 0.038307 0.077594
0 0.470085 0.321603 0.067897 0.154106
0 0.382515 0.110205 0.019085 0.026628