0 0.892025 0.501755 0.204788 0.299998
0 0.259216 0.346043 0.054472 0.102445
0 0.486743 0.620525 0.072785 0.190621
0 0.124706 0.691540 0.134864 0.236634
0 0.350992 0.283876 0.037654 0.067288
0 0.239162 0.159078 0.032829 0.053861
0 0.277023 0.235934 0.039583 0.079014
0 0.296389 0.539532 0.098611 0.271559
0 0.285046 0.158701 0.030407 0.047515
0 0.488080 0.454397 0.064182 0.164057
0 0.469486 0.320785 0.068033 0.152375
0 0.416278 0.183398 0.034626 0.054323
0 0.478650 0.398388 0.080719 0.278061
0 0.383561 0.116194 0.019694 0.026133
0 0.486864 0.414909 0.066197 0.242605