0 0.865567 0.554855 0.228174 0.343284
0 0.486713 0.620423 0.073062 0.190378
0 0.350879 0.303099 0.040160 0.075243
0 0.238987 0.159142 0.033074 0.054648
0 0.274781 0.254296 0.041252 0.081647
0 0.093790 0.764689 0.152057 0.271919
0 0.487687 0.454706 0.064718 0.163238
0 0.283606 0.170852 0.029586 0.052735
0 0.420165 0.194053 0.037255 0.057234
0 0.249868 0.374949 0.056541 0.106138
0 0.470092 0.322147 0.067894 0.153777
0 0.479569 0.405889 0.079888 0.263524
0 0.280344 0.599084 0.114409 0.304192
0 0.279961 0.599465 0.115181 0.305187
0 0.387052 0.120423 0.025236 0.032690
0 0.213697 0.512100 0.020980 0.068990
0 0.249072 0.390079 0.054038 0.077828