0 0.841536 0.606611 0.251039 0.422280
0 0.486702 0.620208 0.072319 0.190362
0 0.262540 0.674799 0.129889 0.358831
0 0.350293 0.321884 0.041078 0.080757
0 0.238893 0.159234 0.033446 0.055125
0 0.486187 0.416382 0.067812 0.241394
0 0.273425 0.272458 0.040112 0.086378
0 0.487221 0.454074 0.065960 0.164390
0 0.422855 0.201954 0.035207 0.057067
0 0.283060 0.182940 0.030760 0.055630
0 0.389637 0.126942 0.023913 0.037012
0 0.241363 0.400688 0.060227 0.112304
0 0.470282 0.321956 0.066781 0.151376
0 0.297464 0.131962 0.025866 0.044784
0 0.071800 0.845817 0.143334 0.304125
0 0.315043 0.044812 0.017911 0.033723
0 0.346417 0.222210 0.033456 0.075508