0 0.820543 0.611918 0.242618 0.517723
0 0.487007 0.620045 0.072147 0.190782
0 0.350026 0.332638 0.042723 0.084179
0 0.272204 0.281820 0.041228 0.089503
0 0.238949 0.159125 0.033123 0.054574
0 0.281490 0.190123 0.031969 0.052067
0 0.392061 0.131700 0.025726 0.030828
0 0.485832 0.413839 0.068526 0.246131
0 0.238459 0.412369 0.063311 0.118808
0 0.297360 0.136843 0.025690 0.043819
0 0.063601 0.864051 0.126836 0.266844
0 0.487031 0.453699 0.066374 0.164656
0 0.249740 0.723405 0.142837 0.386456
0 0.470745 0.321986 0.066356 0.149711
0 0.063128 0.864679 0.126093 0.268048
0 0.249228 0.723177 0.142710 0.388948
0 0.424590 0.206027 0.036011 0.057553