0 0.817559 0.641613 0.276113 0.586051
0 0.486892 0.620379 0.071633 0.191368
0 0.349890 0.342361 0.043312 0.089869
0 0.055114 0.883240 0.109982 0.230779
0 0.297333 0.139880 0.026525 0.044913
0 0.232615 0.428313 0.068938 0.124782
0 0.279842 0.196172 0.033779 0.057975
0 0.238957 0.159456 0.033507 0.055307
0 0.485955 0.411924 0.068546 0.250065
0 0.235915 0.777553 0.155222 0.423129
0 0.393068 0.136683 0.024475 0.032139
0 0.426086 0.209400 0.036901 0.059559
0 0.487162 0.453871 0.066479 0.164651
0 0.470933 0.323339 0.066986 0.154967
0 0.177836 0.607212 0.027608 0.085608
0 0.269060 0.293201 0.043903 0.096559
0 0.346755 0.233317 0.034109 0.074692