0 0.486845 0.620583 0.071673 0.191752
0 0.347806 0.354541 0.045331 0.090230
0 0.046105 0.907108 0.091452 0.183178
0 0.804772 0.674589 0.274590 0.636077
0 0.278872 0.205373 0.036152 0.057646
0 0.265643 0.303241 0.044430 0.098476
0 0.296939 0.146856 0.026286 0.046589
0 0.239283 0.159243 0.034517 0.055833
0 0.219288 0.800536 0.166290 0.393579
0 0.426428 0.213063 0.040845 0.059808
0 0.487302 0.453645 0.065784 0.162440
0 0.486333 0.416721 0.067472 0.237634
0 0.228361 0.445401 0.074182 0.137484
0 0.394655 0.137592 0.025302 0.036976
0 0.471162 0.336682 0.065591 0.131916
0 0.346318 0.236614 0.033913 0.082504