0 0.796361 0.674045 0.292546 0.635161
0 0.346479 0.365458 0.044964 0.092762
0 0.203071 0.820027 0.177637 0.349742
0 0.487039 0.620344 0.071261 0.191613
0 0.279103 0.212566 0.034237 0.056019
0 0.264107 0.313354 0.046873 0.102790
0 0.396690 0.144785 0.026524 0.038281
0 0.223065 0.462069 0.075927 0.139433
0 0.238811 0.159238 0.032910 0.055723
0 0.481470 0.408063 0.077942 0.258654
0 0.296733 0.153101 0.027158 0.049195
0 0.486470 0.453708 0.066623 0.163440
0 0.428584 0.214689 0.039746 0.061155
0 0.222567 0.463761 0.076069 0.138710
0 0.346567 0.245981 0.033468 0.081580
0 0.471153 0.320922 0.066365 0.154056