0 0.345873 0.381803 0.047117 0.096708
0 0.186942 0.849098 0.186185 0.292904
0 0.486583 0.620729 0.071178 0.190241
0 0.296325 0.158123 0.027942 0.045706
0 0.260179 0.324602 0.048387 0.105517
0 0.217239 0.481366 0.078869 0.145776
0 0.430039 0.216669 0.040932 0.061245
0 0.484571 0.409059 0.070645 0.255388
0 0.186447 0.849822 0.188039 0.295911
0 0.239204 0.158459 0.034129 0.055952
0 0.397824 0.147344 0.026639 0.040481
0 0.278378 0.217304 0.035007 0.059196
0 0.485917 0.450931 0.068298 0.169880
0 0.026105 0.955421 0.051770 0.086113
0 0.144156 0.699345 0.035030 0.099582
0 0.346503 0.250172 0.034388 0.081219
0 0.471290 0.319954 0.065855 0.146056
0 0.308618 0.063960 0.019207 0.039440