0 0.486958 0.619914 0.072033 0.191573
0 0.295564 0.171109 0.029818 0.051973
0 0.342978 0.408057 0.048670 0.104935
0 0.275898 0.234813 0.037871 0.065732
0 0.434450 0.221220 0.042460 0.065730
0 0.400382 0.152902 0.029280 0.037625
0 0.161258 0.915473 0.171539 0.165717
0 0.203102 0.517595 0.089505 0.158045
0 0.481868 0.409658 0.077201 0.255205
0 0.239164 0.159036 0.034946 0.055028
0 0.304519 0.073810 0.018769 0.039023
0 0.486502 0.452663 0.066881 0.166027
0 0.254363 0.346036 0.054694 0.112022
0 0.116147 0.765128 0.046040 0.119457
0 0.346273 0.260267 0.036309 0.086533
0 0.768921 0.734516 0.264845 0.509386
0 0.472182 0.338841 0.063960 0.114323
0 0.332763 0.098130 0.020762 0.034738