0 0.486971 0.620495 0.071931 0.190377
0 0.195248 0.537915 0.093622 0.171997
0 0.275508 0.242353 0.036710 0.068103
0 0.435016 0.227191 0.040815 0.060191
0 0.340552 0.424602 0.051064 0.114033
0 0.239144 0.158542 0.033456 0.054073
0 0.402195 0.157358 0.026661 0.038913
0 0.295401 0.176492 0.029909 0.052039
0 0.768078 0.750490 0.244540 0.479695
0 0.486221 0.413766 0.067694 0.244747
0 0.147223 0.956498 0.145226 0.083188
0 0.487158 0.453057 0.066168 0.164906
0 0.302838 0.079384 0.019583 0.041301
0 0.340099 0.443379 0.050547 0.076620
0 0.346228 0.266043 0.037916 0.087255
0 0.249843 0.360445 0.056420 0.118957
0 0.094303 0.815816 0.033022 0.106854
0 0.470359 0.319870 0.067160 0.150876
0 0.339368 0.139362 0.027839 0.060886
0 0.100096 0.809853 0.044407 0.119233