0 0.186920 0.560523 0.098842 0.179362
0 0.435849 0.229297 0.042679 0.063271
0 0.486615 0.620360 0.071942 0.189925
0 0.274646 0.252563 0.037613 0.066061
0 0.301047 0.084311 0.022794 0.040637
0 0.337619 0.441159 0.052332 0.117727
0 0.344824 0.274822 0.037649 0.087239
0 0.238724 0.158705 0.035164 0.054857
0 0.245826 0.373077 0.057236 0.124080
0 0.402546 0.160232 0.026964 0.036964
0 0.295472 0.182651 0.031531 0.053362
0 0.487799 0.454517 0.065066 0.163493
0 0.472505 0.336491 0.065192 0.107109
0 0.481546 0.409895 0.076497 0.255220
0 0.083126 0.836231 0.054620 0.169712
0 0.339582 0.139314 0.027359 0.061289
0 0.769243 0.769303 0.222180 0.441391