0 0.168490 0.608560 0.109987 0.194452
0 0.486831 0.620513 0.072266 0.190829
0 0.272056 0.270774 0.038350 0.072985
0 0.332742 0.477995 0.059125 0.126607
0 0.437151 0.233738 0.043112 0.066332
0 0.236902 0.399011 0.064719 0.130041
0 0.298285 0.099129 0.025028 0.044842
0 0.239167 0.159089 0.033335 0.054691
0 0.487731 0.453482 0.065035 0.163391
0 0.293551 0.199693 0.031401 0.052581
0 0.470556 0.320742 0.067458 0.148780
0 0.404330 0.168958 0.028312 0.041075
0 0.385659 0.123062 0.026990 0.042363
0 0.343441 0.290676 0.041137 0.094946
0 0.480769 0.405875 0.078405 0.261955
0 0.340021 0.135959 0.028837 0.076144
0 0.261156 0.556658 0.022487 0.078187