0 0.158433 0.634429 0.116181 0.207797
0 0.917637 0.499624 0.067393 0.114208
0 0.231057 0.413666 0.070152 0.136721
0 0.486212 0.621164 0.072675 0.190548
0 0.269282 0.281796 0.039164 0.075349
0 0.329763 0.497794 0.060397 0.134327
0 0.470563 0.320840 0.066257 0.144820
0 0.239335 0.158712 0.033582 0.054682
0 0.293555 0.203916 0.031905 0.060605
0 0.487208 0.454738 0.065369 0.160590
0 0.437558 0.236747 0.043300 0.068041
0 0.405291 0.168062 0.028979 0.044385
0 0.298009 0.105024 0.024976 0.039242
0 0.385781 0.124318 0.027506 0.044401
0 0.339915 0.140558 0.026628 0.072752