0 0.897753 0.538244 0.098478 0.147494
0 0.135168 0.689239 0.127224 0.232311
0 0.486541 0.621260 0.073505 0.190425
0 0.264248 0.302911 0.041923 0.080893
0 0.292102 0.222713 0.032675 0.063128
0 0.239312 0.158319 0.033317 0.055075
0 0.321823 0.543425 0.066202 0.146043
0 0.471382 0.331214 0.065175 0.115615
0 0.488013 0.454834 0.065032 0.161232
0 0.218774 0.441966 0.076625 0.149497
0 0.438598 0.240022 0.043186 0.066826
0 0.407234 0.176167 0.028429 0.042195
0 0.341495 0.312269 0.043261 0.102479
0 0.297458 0.117934 0.024344 0.046463
0 0.764929 0.913933 0.186395 0.165225
0 0.389010 0.133748 0.024489 0.036093
0 0.765147 0.915307 0.185087 0.167286
0 0.371274 0.101762 0.020396 0.035415
0 0.335714 0.119834 0.025976 0.042377