0 0.825262 0.704564 0.107221 0.218766
0 0.486345 0.620706 0.071605 0.189535
0 0.075047 0.846986 0.149459 0.295972
0 0.293008 0.157059 0.027984 0.051148
0 0.285552 0.266994 0.035898 0.080158
0 0.251817 0.355012 0.049716 0.094896
0 0.294820 0.690511 0.096471 0.213854
0 0.239562 0.159486 0.032840 0.055277
0 0.439821 0.248898 0.038604 0.072657
0 0.333783 0.365380 0.049874 0.114964
0 0.182518 0.533016 0.091579 0.184395
0 0.487947 0.453975 0.065063 0.163119
0 0.471202 0.336591 0.065379 0.109652
0 0.411627 0.189037 0.031327 0.044938
0 0.350008 0.260269 0.038666 0.093094
0 0.393877 0.145805 0.024683 0.041110
0 0.340638 0.151930 0.033930 0.092026