0 0.062479 0.879091 0.124652 0.238065
0 0.486479 0.620407 0.071025 0.190802
0 0.244913 0.376174 0.053926 0.099955
0 0.281520 0.285788 0.038844 0.083215
0 0.803417 0.806273 0.110781 0.261726
0 0.239025 0.159034 0.033778 0.056000
0 0.290223 0.171306 0.029714 0.062325
0 0.481203 0.408632 0.080020 0.255005
0 0.276148 0.769655 0.111495 0.250006
0 0.441324 0.249293 0.041126 0.074528
0 0.167468 0.567689 0.099233 0.193762
0 0.330470 0.389612 0.051425 0.128435
0 0.412189 0.189190 0.030317 0.045490
0 0.349475 0.275817 0.040784 0.090536
0 0.395828 0.148664 0.026047 0.041992
0 0.485284 0.445007 0.070014 0.178770
0 0.471505 0.337640 0.064792 0.110691
0 0.341413 0.150179 0.034553 0.081775
0 0.377502 0.117202 0.023024 0.036676
0 0.351165 0.071474 0.021818 0.035072