0 0.056105 0.895216 0.111473 0.206216
0 0.241876 0.386338 0.056808 0.106275
0 0.486429 0.620488 0.071045 0.191036
0 0.793501 0.861906 0.113511 0.273324
0 0.238869 0.158471 0.033326 0.055126
0 0.278892 0.294833 0.040487 0.083314
0 0.288494 0.181229 0.032027 0.062385
0 0.326099 0.403431 0.057127 0.128599
0 0.265588 0.817457 0.116812 0.276332
0 0.481204 0.408536 0.080140 0.254656
0 0.349056 0.282777 0.041891 0.099082
0 0.441357 0.250181 0.041952 0.074719
0 0.395932 0.150881 0.026050 0.037969
0 0.413409 0.191575 0.029183 0.046435
0 0.159411 0.582889 0.103548 0.198113
0 0.485128 0.444534 0.070378 0.179633
0 0.341771 0.150714 0.033871 0.079450
0 0.471601 0.339620 0.065012 0.114500