0 0.048623 0.915012 0.096340 0.168143
0 0.238708 0.396200 0.058190 0.105190
0 0.486404 0.620371 0.071008 0.191096
0 0.325370 0.415987 0.057370 0.138301
0 0.239029 0.158681 0.033602 0.054695
0 0.253547 0.856632 0.125058 0.278073
0 0.480973 0.409019 0.079891 0.253902
0 0.277737 0.305236 0.043052 0.090686
0 0.786205 0.889675 0.119982 0.217223
0 0.396398 0.153686 0.025249 0.039250
0 0.439682 0.250857 0.038571 0.074576
0 0.414267 0.194860 0.028191 0.044722
0 0.151549 0.602152 0.107916 0.206244
0 0.287183 0.191800 0.032523 0.064471
0 0.348750 0.289102 0.041723 0.101422
0 0.484748 0.444213 0.070555 0.180816
0 0.380070 0.120589 0.023312 0.037485
0 0.471707 0.339877 0.065160 0.113973
0 0.351925 0.079199 0.018157 0.030464
0 0.151465 0.603956 0.108040 0.204439