0 0.236374 0.405203 0.058917 0.110991
0 0.486663 0.620505 0.071425 0.191140
0 0.040349 0.933751 0.080261 0.129359
0 0.238963 0.158512 0.033982 0.055240
0 0.143819 0.621713 0.111955 0.213694
0 0.245335 0.880190 0.123734 0.239621
0 0.323516 0.428550 0.060404 0.142761
0 0.481113 0.409326 0.080553 0.253109
0 0.275602 0.317127 0.043619 0.087629
0 0.285761 0.202415 0.030981 0.071523
0 0.415182 0.200890 0.028946 0.037267
0 0.348076 0.294946 0.042081 0.100464
0 0.396882 0.155421 0.025387 0.039970
0 0.438773 0.252011 0.037162 0.073744
0 0.471630 0.340583 0.065534 0.113732
0 0.484959 0.443948 0.070769 0.181003
0 0.379960 0.121644 0.021113 0.037871
0 0.351545 0.080336 0.017947 0.032900
0 0.347650 0.212522 0.032470 0.053591