0 0.234787 0.902774 0.128291 0.189546
0 0.486774 0.620443 0.071821 0.190947
0 0.233287 0.417003 0.058529 0.110373
0 0.134955 0.642288 0.114733 0.222544
0 0.238841 0.158702 0.034220 0.055790
0 0.271935 0.325027 0.046045 0.085165
0 0.284327 0.214186 0.034846 0.071706
0 0.481162 0.409662 0.080198 0.252958
0 0.319476 0.446920 0.057562 0.154805
0 0.032470 0.953461 0.064590 0.088577
0 0.347798 0.304759 0.042644 0.104155
0 0.415691 0.199614 0.029097 0.041099
0 0.471510 0.342222 0.064708 0.115651
0 0.339620 0.148896 0.030046 0.067041
0 0.350899 0.082430 0.018697 0.034445
0 0.485682 0.448712 0.069679 0.172122
0 0.348642 0.216943 0.032483 0.058755
0 0.380990 0.122371 0.024417 0.038565
0 0.397595 0.157961 0.025371 0.040567
0 0.439949 0.252826 0.037595 0.074186