0 0.221170 0.454156 0.068346 0.124442
0 0.486707 0.620894 0.071549 0.189724
0 0.264249 0.356422 0.049207 0.093929
0 0.898519 0.514780 0.086872 0.140241
0 0.301096 0.522515 0.079097 0.177662
0 0.239015 0.158808 0.033260 0.055850
0 0.481637 0.410010 0.080498 0.253412
0 0.096676 0.725414 0.136650 0.260585
0 0.342935 0.094113 0.023472 0.033295
0 0.486140 0.448212 0.069262 0.173779
0 0.344903 0.334582 0.045501 0.123039
0 0.350334 0.229816 0.036220 0.080865
0 0.416393 0.201188 0.030306 0.043238
0 0.471439 0.341477 0.065268 0.114703
0 0.277609 0.258267 0.036254 0.082833