0 0.216689 0.463714 0.070628 0.126175
0 0.486619 0.620651 0.071747 0.190282
0 0.295266 0.547242 0.079309 0.188865
0 0.888867 0.540929 0.109278 0.149840
0 0.262743 0.356705 0.051276 0.104607
0 0.239116 0.159486 0.033535 0.056115
0 0.481396 0.409493 0.080099 0.253255
0 0.344081 0.346345 0.048419 0.122478
0 0.350701 0.237997 0.034875 0.072840
0 0.085695 0.750934 0.141810 0.272752
0 0.341164 0.097346 0.024453 0.040665
0 0.485322 0.444984 0.070108 0.179745
0 0.416801 0.201399 0.030863 0.043547
0 0.471910 0.342148 0.065361 0.116263
0 0.275685 0.266984 0.039601 0.084383
0 0.383144 0.131419 0.023291 0.044836
0 0.440030 0.255825 0.036083 0.074581
0 0.355293 0.043932 0.022276 0.032071