0 0.486535 0.620764 0.071675 0.190026
0 0.209137 0.485604 0.073399 0.130470
0 0.257538 0.370631 0.050799 0.112660
0 0.239397 0.158670 0.033180 0.056312
0 0.342362 0.363789 0.052349 0.133579
0 0.281235 0.599902 0.091745 0.213997
0 0.070039 0.803128 0.139802 0.298039
0 0.853634 0.600227 0.114433 0.186069
0 0.481750 0.408837 0.077904 0.254396
0 0.487235 0.453192 0.066614 0.163390
0 0.471444 0.339518 0.063235 0.112426
0 0.417058 0.199125 0.031537 0.050883
0 0.351113 0.249596 0.036408 0.078996
0 0.070436 0.801206 0.139033 0.297585
0 0.440455 0.255277 0.036056 0.075544
0 0.272318 0.278769 0.041951 0.089046