0 0.486543 0.620798 0.071610 0.189861
0 0.256916 0.377128 0.051996 0.117449
0 0.341701 0.376333 0.051367 0.134118
0 0.205412 0.498702 0.075988 0.136311
0 0.269980 0.633907 0.103333 0.224213
0 0.239266 0.158727 0.033210 0.056336
0 0.064904 0.832482 0.129604 0.307766
0 0.836182 0.639433 0.117176 0.209105
0 0.481644 0.408631 0.079039 0.256320
0 0.351513 0.256418 0.037660 0.081179
0 0.271611 0.284916 0.044030 0.089569
0 0.486823 0.452228 0.067651 0.166078
0 0.470962 0.335919 0.064609 0.109722
0 0.417155 0.200497 0.031364 0.048485
0 0.440509 0.255358 0.036027 0.075043
0 0.337818 0.107430 0.024269 0.039196