0 0.262697 0.667896 0.103208 0.242021
0 0.201282 0.509079 0.077833 0.138365
0 0.486373 0.620564 0.071431 0.190047
0 0.256020 0.387002 0.055666 0.115895
0 0.339190 0.385480 0.055258 0.139915
0 0.239053 0.158841 0.033223 0.056154
0 0.819669 0.685707 0.118564 0.228168
0 0.482009 0.408369 0.079346 0.256078
0 0.351594 0.265605 0.037140 0.075400
0 0.060321 0.846518 0.120436 0.298649
0 0.485593 0.446109 0.069840 0.177218
0 0.060795 0.846895 0.121170 0.295835
0 0.417520 0.200481 0.031327 0.048368
0 0.471438 0.335334 0.063727 0.111161
0 0.440772 0.255563 0.036360 0.074962
0 0.364340 0.058782 0.022283 0.032520
0 0.348712 0.198461 0.032505 0.055826
0 0.060527 0.846922 0.120802 0.295488