0 0.192181 0.534976 0.081538 0.148260
0 0.238928 0.748804 0.119030 0.279003
0 0.486357 0.620629 0.071159 0.189983
0 0.788147 0.804248 0.123735 0.284097
0 0.335368 0.414762 0.058842 0.151518
0 0.481484 0.408579 0.079325 0.254396
0 0.239322 0.158564 0.032952 0.056157
0 0.049356 0.871746 0.098563 0.246212
0 0.920456 0.483963 0.047670 0.080690
0 0.250161 0.401167 0.057565 0.114162
0 0.267776 0.299495 0.044581 0.098631
0 0.349065 0.207028 0.034181 0.057242
0 0.351007 0.274349 0.038565 0.078475
0 0.417986 0.202943 0.031103 0.044895
0 0.366150 0.065841 0.022014 0.031046
0 0.385659 0.139241 0.024905 0.044998
0 0.441048 0.255530 0.037520 0.075059