0 0.2 0.54296875 0.040625 0.04921875
0 0.26015625 0.55078125 0.04296875 0.0453125
0 0.28125 0.4859375 0.03046875 0.03671875
0 0.34609375 0.4640625 0.025 0.03046875
0 0.34140625 0.4359375 0.02109375 0.02109375
0 0.7796875 0.68828125 0.059375 0.06640625
0 0.66171875 0.5515625 0.0375 0.040625
0 0.57578125 0.50078125 0.03046875 0.0359375
2 0.6203125 0.48515625 0.04453125 0.07109375
0 0.54921875 0.46171875 0.01875 0.0234375
0 0.578125 0.46015625 0.01953125 0.02421875
0 0.55234375 0.42890625 0.01484375 0.0140625
0 0.5390625 0.41484375 0.0109375 0.0125
0 0.53046875 0.40625 0.01171875 0.0109375