0 0.06328125 0.6453125 0.07734375 0.07734375
2 0.2484375 0.49140625 0.07734375 0.09375
0 0.3390625 0.47421875 0.02421875 0.02890625
0 0.309375 0.4609375 0.02421875 0.025
0 0.359375 0.4265625 0.01953125 0.01640625
0 0.3828125 0.409375 0.015625 0.015625
0 0.4171875 0.39765625 0.01328125 0.0125
0 0.71171875 0.60703125 0.04765625 0.05234375
0 0.6328125 0.5125 0.0328125 0.0390625
2 0.590625 0.4546875 0.04453125 0.06640625
2 0.53125 0.3984375 0.01640625 0.0265625
0 0.54609375 0.4203125 0.0140625 0.015625