0 0.16953125 0.64453125 0.071875 0.075
0 0.2609375 0.5484375 0.0453125 0.05078125
0 0.28671875 0.4765625 0.02734375 0.03046875
0 0.3203125 0.49609375 0.0296875 0.03203125
0 0.34921875 0.4625 0.02265625 0.025
0 0.3703125 0.440625 0.015625 0.015625
0 0.38671875 0.42890625 0.0171875 0.0203125
0 0.79453125 0.815625 0.08671875 0.10078125
0 0.7796875 0.68203125 0.06484375 0.071875
0 0.6125 0.55703125 0.03828125 0.04296875
0 0.63046875 0.51328125 0.03046875 0.0390625
0 0.57109375 0.496875 0.0234375 0.02734375
0 0.5953125 0.47265625 0.02109375 0.02734375
0 0.5484375 0.46328125 0.0203125 0.02109375
0 0.5640625 0.44609375 0.015625 0.0171875
0 0.53359375 0.43203125 0.015625 0.0171875
0 0.546875 0.42421875 0.0125 0.01328125