0 0.700372 0.656503 0.062969 0.099853
0 0.958139 0.893652 0.082738 0.180976
0 0.337950 0.587408 0.044983 0.063666
0 0.037231 0.886435 0.074050 0.151043
0 0.563877 0.512437 0.033822 0.052649
0 0.370523 0.703243 0.071808 0.118694
0 0.433837 0.507376 0.032578 0.052699
0 0.696099 0.532822 0.042078 0.058574
0 0.627376 0.532300 0.042672 0.062118
0 0.661283 0.815451 0.106989 0.237085
0 0.406050 0.431276 0.050684 0.103571
0 0.406329 0.430351 0.051057 0.102506
0 0.660918 0.816032 0.106713 0.236079
0 0.306361 0.531461 0.041343 0.062981
0 0.454630 0.452922 0.024548 0.030816
0 0.576458 0.448812 0.022984 0.030371