0 0.086574 0.953788 0.162559 0.092424
0 0.056217 0.824803 0.112068 0.129913
0 0.569913 0.534140 0.039944 0.060625
0 0.377548 0.677994 0.066181 0.108696
0 0.717475 0.557586 0.048438 0.069551
0 0.347987 0.574350 0.042390 0.059059
0 0.741529 0.728128 0.083765 0.124803
0 0.436025 0.501247 0.029162 0.047253
0 0.642626 0.560707 0.043681 0.069392
0 0.407919 0.429345 0.049294 0.101234
0 0.407718 0.428923 0.048640 0.101270
0 0.580373 0.460820 0.024367 0.034328
0 0.717610 0.910008 0.142353 0.179985
0 0.605543 0.440108 0.015115 0.025947
0 0.313272 0.518989 0.038230 0.058216
0 0.718097 0.910111 0.143013 0.179779
0 0.455749 0.448552 0.023551 0.028760