0 0.125449 0.921977 0.149714 0.152554
0 0.742317 0.585054 0.057976 0.079596
0 0.806876 0.837619 0.113008 0.186927
0 0.288440 0.956121 0.114142 0.087759
0 0.356600 0.559188 0.038234 0.059637
0 0.578558 0.564063 0.041855 0.070526
0 0.383259 0.654275 0.062784 0.100373
0 0.094295 0.774368 0.102095 0.114749
0 0.661511 0.588051 0.050214 0.079654
0 0.409919 0.426521 0.048612 0.098707
0 0.585026 0.469052 0.025611 0.034706
0 0.411020 0.427058 0.047581 0.098551
0 0.437576 0.496270 0.028163 0.047399
0 0.318753 0.513722 0.032034 0.052540