0 0.165020 0.870322 0.129078 0.156991
0 0.298786 0.929325 0.121390 0.141349
0 0.363453 0.550718 0.041304 0.056064
0 0.893486 0.943508 0.124406 0.110371
0 0.588881 0.602107 0.049339 0.083926
0 0.128887 0.734065 0.087899 0.098921
0 0.774755 0.623743 0.067223 0.092132
0 0.386872 0.636168 0.060512 0.092754
0 0.440028 0.488579 0.026759 0.042077
0 0.411882 0.424018 0.048095 0.096375
0 0.592853 0.481309 0.027741 0.038994
0 0.688043 0.632147 0.064027 0.100772
0 0.412755 0.424148 0.050513 0.098558
0 0.574021 0.442900 0.022037 0.034693
0 0.616292 0.454854 0.019635 0.033717
0 0.327000 0.500950 0.031318 0.050252