0 0.333980 0.844550 0.096592 0.142048
0 0.224341 0.769507 0.097558 0.118650
0 0.399648 0.603975 0.049243 0.084418
0 0.771430 0.774208 0.102961 0.165558
0 0.371562 0.530732 0.037828 0.052940
0 0.625212 0.714029 0.071219 0.133391
0 0.870119 0.735656 0.100509 0.138069
0 0.414297 0.419567 0.045174 0.091434
0 0.182312 0.670830 0.069838 0.086091
0 0.609188 0.512637 0.034519 0.048568
0 0.415197 0.418976 0.047256 0.091259
0 0.581938 0.457565 0.024355 0.029907
0 0.443307 0.477815 0.025421 0.039108
0 0.633278 0.471848 0.022672 0.037080