0 0.346398 0.803804 0.087698 0.135975
0 0.403464 0.591251 0.046844 0.079397
0 0.244579 0.730357 0.090478 0.106054
0 0.620360 0.533674 0.036756 0.055288
0 0.204456 0.645906 0.063302 0.080457
0 0.851631 0.895815 0.142351 0.204110
0 0.657436 0.814728 0.097549 0.181733
0 0.378997 0.522863 0.036887 0.049334
0 0.941168 0.825227 0.116800 0.179582
0 0.587235 0.467273 0.025810 0.036944
0 0.417143 0.416231 0.040931 0.088662
0 0.643802 0.485964 0.024986 0.037664
0 0.443957 0.472842 0.026323 0.040324
0 0.416299 0.415909 0.042179 0.089591
0 0.461760 0.439124 0.021794 0.032868