0 0.631842 0.556910 0.047316 0.062458
0 0.356365 0.767525 0.081140 0.118724
0 0.406141 0.577139 0.046741 0.076076
0 0.265344 0.698719 0.078262 0.099749
0 0.703221 0.921807 0.120793 0.154683
0 0.655411 0.497678 0.027800 0.044118
0 0.221508 0.622686 0.058655 0.073939
0 0.383578 0.513541 0.033817 0.043690
0 0.987096 0.908779 0.024867 0.132883
0 0.419130 0.415068 0.040939 0.087611
0 0.594989 0.480465 0.028209 0.038855
0 0.419360 0.413634 0.042102 0.087877
0 0.444175 0.470170 0.027086 0.036752
0 0.630285 0.462163 0.022405 0.025586