0 0.380004 0.686485 0.062978 0.095899
0 0.699756 0.679675 0.069880 0.105748
0 0.417547 0.542332 0.037510 0.065050
0 0.305410 0.628885 0.064749 0.077121
0 0.704459 0.556602 0.038937 0.062536
0 0.422875 0.408899 0.038695 0.081033
0 0.622008 0.531376 0.034698 0.053231
0 0.652129 0.491869 0.027328 0.040663
0 0.263413 0.571975 0.040029 0.059116
0 0.390094 0.494873 0.038941 0.041194
0 0.570626 0.434647 0.023612 0.031638
0 0.546263 0.445689 0.026260 0.035576
0 0.447822 0.459343 0.023304 0.036993
0 0.589879 0.404204 0.024850 0.040162
0 0.363008 0.463225 0.025370 0.035201