0 0.384428 0.666247 0.056401 0.089917
0 0.419568 0.535119 0.037085 0.062557
0 0.737324 0.751183 0.087283 0.129043
0 0.632438 0.554240 0.043930 0.061898
0 0.317548 0.610509 0.053585 0.073824
0 0.726131 0.583367 0.047113 0.072990
0 0.423978 0.407122 0.036657 0.080235
0 0.275690 0.558785 0.039250 0.054472
0 0.549242 0.456165 0.029125 0.041911
0 0.664235 0.506934 0.034393 0.046511
0 0.395836 0.489845 0.030704 0.041433
0 0.573817 0.443693 0.022017 0.030379
0 0.593660 0.408684 0.026205 0.044523
0 0.454770 0.444619 0.041193 0.057657