0 0.327603 0.593763 0.053160 0.066922
0 0.390270 0.647094 0.055979 0.084319
0 0.650050 0.580462 0.043446 0.069579
0 0.795118 0.859602 0.118188 0.176592
0 0.420729 0.527726 0.037073 0.062492
0 0.754472 0.620532 0.056373 0.079192
0 0.554163 0.467701 0.029658 0.046734
0 0.398026 0.484309 0.030142 0.042120
0 0.679243 0.525938 0.036823 0.053921
0 0.424229 0.403350 0.035188 0.076263
0 0.288178 0.546787 0.039407 0.053751
0 0.597193 0.413105 0.028272 0.048980
0 0.579854 0.453166 0.023115 0.032193
0 0.597070 0.412910 0.028206 0.048482