0 0.336526 0.578977 0.048763 0.065439
0 0.395127 0.630638 0.051376 0.079264
0 0.670113 0.618149 0.051530 0.078819
0 0.423374 0.515881 0.035099 0.055682
0 0.792052 0.667349 0.064841 0.100311
0 0.876835 0.947187 0.154236 0.104465
0 0.584961 0.464954 0.026265 0.039532
0 0.401114 0.480797 0.027805 0.037125
0 0.289076 0.957098 0.114927 0.081833
0 0.295972 0.536498 0.033623 0.049198
0 0.559283 0.484430 0.031286 0.052542
0 0.695541 0.546383 0.041203 0.059700
0 0.426286 0.400612 0.035763 0.074849
0 0.095176 0.958985 0.141990 0.081088
0 0.602759 0.418179 0.030784 0.050821
0 0.602919 0.419040 0.029447 0.051607
0 0.449448 0.449622 0.026666 0.034690