0 0.400245 0.613504 0.047904 0.071973
0 0.695994 0.664240 0.064070 0.096604
0 0.302771 0.928887 0.113285 0.141144
0 0.425909 0.514074 0.034828 0.054733
0 0.342385 0.565342 0.050142 0.064376
0 0.718470 0.572401 0.046367 0.065679
0 0.841390 0.727794 0.082164 0.116921
0 0.591979 0.473935 0.025949 0.038056
0 0.126493 0.928811 0.146923 0.136763
0 0.564965 0.503926 0.034951 0.060019
0 0.306861 0.522802 0.032465 0.043941
0 0.427890 0.398787 0.035000 0.073713
0 0.402970 0.475381 0.029807 0.037101
0 0.606411 0.423275 0.032554 0.056636
0 0.545144 0.441050 0.023574 0.039447
0 0.606186 0.422610 0.033047 0.054499
0 0.451668 0.447452 0.020840 0.031317
0 0.570212 0.428965 0.021517 0.034527
0 0.380138 0.446808 0.024891 0.043159