0 0.406903 0.588414 0.044945 0.067539
0 0.781251 0.815724 0.098084 0.158225
0 0.356772 0.546113 0.041730 0.057609
0 0.777537 0.643885 0.067596 0.093034
0 0.194394 0.833923 0.113410 0.148714
0 0.584347 0.560298 0.044028 0.075903
0 0.333558 0.839753 0.096515 0.153668
0 0.430646 0.498882 0.029929 0.046340
0 0.608442 0.503990 0.034214 0.051749
0 0.321060 0.508904 0.030378 0.039107
0 0.431016 0.395693 0.033379 0.070358
0 0.551798 0.464144 0.027670 0.043839
0 0.618737 0.435405 0.037440 0.062315
0 0.969342 0.910516 0.060320 0.158797
0 0.579723 0.440447 0.026157 0.035510
0 0.618812 0.436053 0.037276 0.062756
0 0.408216 0.467040 0.028565 0.037833
0 0.529327 0.397301 0.022286 0.027781
0 0.453183 0.436343 0.021394 0.035978