0 0.410951 0.565459 0.045105 0.061818
0 0.242657 0.746621 0.090666 0.118087
0 0.631272 0.547384 0.040950 0.058640
0 0.366148 0.526231 0.039564 0.053464
0 0.355638 0.761623 0.083084 0.127235
0 0.879943 0.767609 0.104895 0.144085
0 0.561790 0.500172 0.032660 0.046701
0 0.614097 0.657912 0.059541 0.111489
0 0.588157 0.461607 0.025907 0.036981
0 0.412396 0.458704 0.026064 0.032697
0 0.334870 0.492491 0.026955 0.038110
0 0.055393 0.808764 0.110436 0.326693
0 0.632792 0.451321 0.045395 0.071009
0 0.055194 0.809287 0.109415 0.328778
0 0.434148 0.486520 0.027288 0.041956
0 0.432264 0.393061 0.031697 0.068467
0 0.455306 0.434549 0.022874 0.035649