0 0.415514 0.556601 0.040188 0.059997
0 0.371448 0.520410 0.037536 0.049118
0 0.946904 0.872458 0.105064 0.183032
0 0.364724 0.729272 0.072076 0.116723
0 0.261399 0.713189 0.077033 0.102249
0 0.646315 0.573391 0.042572 0.067543
0 0.636259 0.733302 0.081371 0.154706
0 0.568212 0.521987 0.034571 0.052827
0 0.535281 0.413170 0.023497 0.034207
0 0.595144 0.473893 0.026701 0.037091
0 0.436236 0.480851 0.027306 0.041733
0 0.642551 0.465693 0.048858 0.082678
0 0.072810 0.795461 0.145159 0.362397
0 0.414158 0.454696 0.024303 0.031955
0 0.433552 0.392998 0.030537 0.067415
0 0.339784 0.486185 0.025906 0.038117
0 0.642627 0.463163 0.048397 0.077927