0 0.111047 0.702886 0.221716 0.322723
0 0.604873 0.641611 0.053358 0.091762
0 0.728475 0.722883 0.083001 0.120622
0 0.383700 0.657970 0.058917 0.091442
0 0.300690 0.642630 0.061564 0.085437
0 0.421882 0.529920 0.036137 0.052306
0 0.678795 0.500966 0.065578 0.102540
0 0.624332 0.520218 0.035865 0.052653
0 0.541375 0.435088 0.023699 0.036889
0 0.384157 0.497975 0.032191 0.047624
0 0.355351 0.468423 0.025197 0.034319
0 0.418991 0.446781 0.023204 0.032255
0 0.614242 0.437828 0.018488 0.028137
0 0.063526 0.900263 0.126271 0.189148
0 0.440294 0.461494 0.023186 0.037841
0 0.436578 0.389888 0.031246 0.066292