0 0.120370 0.653717 0.236718 0.249698
0 0.780790 0.812564 0.109303 0.160039
0 0.422641 0.522374 0.039725 0.050772
0 0.626994 0.713946 0.067585 0.115871
0 0.391407 0.636755 0.057083 0.084591
0 0.312188 0.624435 0.054233 0.080368
0 0.543553 0.444464 0.028585 0.039819
0 0.638169 0.542206 0.041734 0.058364
0 0.387542 0.491070 0.032692 0.043022
0 0.084164 0.869406 0.167947 0.249969
0 0.695422 0.520171 0.073901 0.115043
0 0.695451 0.517779 0.072135 0.116805
0 0.359886 0.462214 0.027090 0.034156
0 0.619765 0.446732 0.022457 0.031851