0 0.715107 0.539674 0.080835 0.126504
0 0.426723 0.513812 0.035076 0.048263
0 0.654578 0.571875 0.047702 0.068815
0 0.153672 0.613320 0.204823 0.204010
0 0.322999 0.606098 0.054056 0.074134
0 0.395322 0.619566 0.051319 0.078383
0 0.662761 0.823120 0.090173 0.176609
0 0.389694 0.488050 0.031274 0.043943
0 0.547544 0.454508 0.028703 0.044916
0 0.277198 0.970340 0.097971 0.058857
0 0.869064 0.920588 0.166296 0.158825
0 0.098885 0.841015 0.197312 0.302610
0 0.438607 0.390332 0.031119 0.070728
0 0.363376 0.456917 0.026036 0.031188
0 0.626829 0.453294 0.021799 0.035801