0 0.135379 0.798480 0.269350 0.389965
0 0.327080 0.855374 0.094448 0.147724
0 0.740319 0.719720 0.082118 0.126966
0 0.807712 0.638437 0.133145 0.198525
0 0.220068 0.560319 0.147071 0.160124
0 0.407195 0.576611 0.048111 0.070210
0 0.432157 0.495478 0.032014 0.045346
0 0.561063 0.503292 0.035971 0.058796
0 0.345510 0.565125 0.045139 0.066818
0 0.655598 0.486968 0.033191 0.047977
0 0.399900 0.472071 0.026211 0.035145
0 0.619041 0.449362 0.018144 0.029718
0 0.440253 0.381804 0.027419 0.060714
0 0.374661 0.446668 0.025619 0.034055