0 0.155385 0.776648 0.282183 0.426032
0 0.253523 0.525442 0.119576 0.121092
0 0.880504 0.921276 0.149476 0.157448
0 0.357536 0.548489 0.038823 0.060367
0 0.349325 0.774348 0.074669 0.122222
0 0.415461 0.553960 0.041061 0.070147
0 0.681762 0.517544 0.037368 0.056028
0 0.577727 0.558874 0.042463 0.078989
0 0.435331 0.484771 0.029385 0.042930
0 0.910843 0.774591 0.177074 0.318308
0 0.635356 0.469665 0.022992 0.034882
0 0.566413 0.419159 0.019892 0.024361
0 0.595443 0.421989 0.020226 0.028123
0 0.405260 0.463434 0.027299 0.038003
0 0.442754 0.382817 0.028068 0.061476
0 0.379917 0.437701 0.023829 0.030998
0 0.911484 0.777265 0.176487 0.324344