0 0.251580 0.648646 0.171884 0.291395
0 0.379015 0.670915 0.053524 0.089190
0 0.375937 0.515320 0.034461 0.051798
0 0.779510 0.634502 0.068150 0.101010
0 0.305227 0.950368 0.110981 0.098730
0 0.424800 0.520309 0.036047 0.056120
0 0.685153 0.528355 0.037327 0.054661
0 0.441212 0.468787 0.027287 0.036085
0 0.581965 0.449333 0.024142 0.029340
0 0.674900 0.862780 0.112556 0.229476
0 0.617687 0.447350 0.022913 0.034865
0 0.298388 0.516585 0.093465 0.156281
0 0.297142 0.487863 0.092395 0.097403
0 0.413233 0.447435 0.025275 0.036120
0 0.675471 0.861699 0.112846 0.230020