0 0.265969 0.628045 0.150354 0.260431
0 0.315577 0.922011 0.115134 0.152197
0 0.385379 0.653296 0.054172 0.084126
0 0.822315 0.683813 0.082035 0.121000
0 0.704687 0.550042 0.041939 0.061172
0 0.426292 0.514582 0.038737 0.052485
0 0.737976 0.958870 0.119457 0.082260
0 0.305188 0.480977 0.085502 0.097559
0 0.588439 0.460838 0.025672 0.032895
0 0.380585 0.509288 0.031370 0.045502
0 0.625986 0.455797 0.023812 0.041887
0 0.442128 0.463630 0.028773 0.042270
0 0.306273 0.501477 0.087131 0.141275
0 0.414871 0.443604 0.024446 0.036098