0 0.295161 0.637673 0.065164 0.088982
0 0.408124 0.604393 0.046227 0.072378
0 0.029885 0.860379 0.059442 0.198725
0 0.358990 0.767754 0.077212 0.118053
0 0.423595 0.528261 0.034592 0.054966
0 0.587673 0.549783 0.041907 0.057984
0 0.924092 0.972728 0.124752 0.054545
0 0.936489 0.835394 0.127022 0.203650
0 0.538933 0.443715 0.022346 0.031589
0 0.583569 0.459624 0.024346 0.036602
0 0.351998 0.505979 0.052267 0.110375
0 0.627289 0.459455 0.021850 0.028323
0 0.447934 0.457138 0.022696 0.040465
0 0.409053 0.458130 0.027717 0.035966
0 0.371132 0.435437 0.049841 0.083300