0 0.332338 0.577638 0.051158 0.068761
0 0.420410 0.563566 0.037911 0.061188
0 0.389622 0.655690 0.053160 0.083133
0 0.104416 0.950128 0.138172 0.099743
0 0.296071 0.933613 0.124053 0.132775
0 0.611460 0.510602 0.035356 0.051849
0 0.669616 0.511458 0.034786 0.047657
0 0.665534 0.756589 0.086679 0.140165
0 0.550602 0.497235 0.029109 0.045087
0 0.432462 0.502254 0.029994 0.047527
0 0.373476 0.477115 0.052516 0.105908
0 0.452977 0.438266 0.022946 0.043060
0 0.416429 0.445539 0.027417 0.036440
0 0.103350 0.727509 0.160619 0.216339
0 0.102065 0.727299 0.161606 0.214985