0 0.333744 0.843597 0.098321 0.151053
0 0.174516 0.855104 0.111552 0.136947
0 0.399518 0.621771 0.047861 0.077022
0 0.563765 0.540465 0.036642 0.056873
0 0.704759 0.552670 0.041898 0.059675
0 0.345901 0.552471 0.049000 0.064688
0 0.424405 0.546450 0.037400 0.054595
0 0.634720 0.552231 0.043155 0.061149
0 0.760552 0.966050 0.105335 0.066929
0 0.376066 0.462399 0.042983 0.102266
0 0.434853 0.490268 0.028147 0.038999
0 0.158438 0.667109 0.130023 0.180053
0 0.582496 0.447908 0.021883 0.031150
0 0.539508 0.427409 0.020804 0.034470
0 0.418732 0.442853 0.026044 0.034935
0 0.158166 0.665402 0.128729 0.176098
0 0.454729 0.436809 0.020017 0.038248