0 0.403640 0.606325 0.045739 0.073594
0 0.347801 0.798486 0.088469 0.136556
0 0.352389 0.541620 0.043462 0.059941
0 0.203121 0.806648 0.097207 0.128204
0 0.728060 0.581258 0.050437 0.065965
0 0.572068 0.575160 0.041518 0.064715
0 0.650813 0.577809 0.047877 0.071086
0 0.377322 0.456759 0.038991 0.094134
0 0.428144 0.537063 0.035295 0.052119
0 0.540843 0.435228 0.023466 0.038601
0 0.588995 0.456029 0.022185 0.033983
0 0.436664 0.484917 0.027119 0.039047
0 0.383051 0.447047 0.048489 0.114668
0 0.180657 0.641577 0.114815 0.166590
0 0.180484 0.642530 0.116053 0.166651
0 0.463135 0.421951 0.021779 0.037641