0 0.301377 0.630811 0.060818 0.072787
0 0.396345 0.633481 0.054473 0.082661
0 0.564432 0.512270 0.034874 0.064907
0 0.110763 0.940051 0.138343 0.114922
0 0.328776 0.911461 0.111924 0.175164
0 0.420537 0.544885 0.035047 0.055719
0 0.020903 0.906045 0.041697 0.105535
0 0.638853 0.539435 0.038859 0.059295
0 0.382003 0.497520 0.033372 0.046653
0 0.438422 0.499895 0.029721 0.046978
0 0.561235 0.417375 0.022559 0.027735
0 0.592520 0.419416 0.015609 0.018765
0 0.386261 0.438075 0.038480 0.078305
0 0.269256 0.548708 0.067650 0.112315
0 0.269093 0.550426 0.067549 0.112180
0 0.464970 0.419801 0.021588 0.029429