0 0.151728 0.895319 0.121917 0.155375
0 0.401313 0.615973 0.050425 0.077277
0 0.313493 0.613946 0.053723 0.072249
0 0.421136 0.536896 0.035405 0.052184
0 0.041513 0.881326 0.082659 0.155603
0 0.570861 0.537670 0.039592 0.069782
0 0.653945 0.566170 0.046241 0.067671
0 0.344708 0.858763 0.098849 0.160279
0 0.279149 0.539525 0.064159 0.104361
0 0.596153 0.424338 0.019125 0.025443
0 0.564036 0.423442 0.019127 0.029231
0 0.440324 0.497111 0.028384 0.041489
0 0.385186 0.489648 0.032716 0.047206
0 0.429215 0.423018 0.020858 0.031421
0 0.387941 0.436169 0.036500 0.081346