0 0.236875 0.742897 0.083426 0.108891
0 0.119395 0.744562 0.106686 0.110778
0 0.728422 0.687930 0.073792 0.107466
0 0.411034 0.576592 0.043043 0.065734
0 0.339131 0.572764 0.044308 0.061575
0 0.607846 0.659844 0.062652 0.122397
0 0.371728 0.754203 0.062293 0.077917
0 0.614608 0.444057 0.019797 0.027506
0 0.576515 0.445526 0.023026 0.032347
0 0.427984 0.514314 0.031513 0.047390
0 0.375817 0.734095 0.067471 0.113375
0 0.444381 0.476553 0.028033 0.043032
0 0.303583 0.513011 0.055179 0.093849
0 0.444579 0.469645 0.030186 0.057802
0 0.391623 0.436079 0.035370 0.085700