0 0.417672 0.555295 0.039522 0.063537
0 0.840707 0.866161 0.131179 0.185719
0 0.389022 0.681862 0.055292 0.095223
0 0.587886 0.464190 0.024416 0.037932
0 0.170254 0.683828 0.083538 0.091540
0 0.273871 0.679033 0.066084 0.089292
0 0.353278 0.547156 0.037850 0.051369
0 0.630252 0.461655 0.025645 0.032151
0 0.401666 0.464914 0.028505 0.036390
0 0.431810 0.506825 0.031656 0.046172
0 0.528203 0.395523 0.017221 0.026923
0 0.666281 0.845604 0.102378 0.228321
0 0.315594 0.498344 0.050349 0.084114
0 0.445887 0.466959 0.029550 0.049497
0 0.393422 0.419490 0.031487 0.056432
0 0.666270 0.846310 0.102090 0.228145