0 0.041991 0.881138 0.083617 0.146315
0 0.299057 0.635659 0.057102 0.081118
0 0.603465 0.491909 0.027228 0.041688
0 0.650141 0.487410 0.029885 0.041235
0 0.422740 0.538947 0.039084 0.055981
0 0.399934 0.644020 0.051358 0.085509
0 0.209081 0.638495 0.071216 0.080695
0 0.362102 0.528775 0.034669 0.047296
0 0.531496 0.406407 0.020572 0.035664
0 0.408894 0.458191 0.029698 0.033511
0 0.294844 0.979275 0.101543 0.038329
0 0.435686 0.496036 0.026695 0.043286
0 0.329482 0.486344 0.047713 0.077323
0 0.328085 0.486808 0.047037 0.080913