0 0.662843 0.501132 0.034102 0.044125
0 0.612380 0.509446 0.033232 0.050078
0 0.405459 0.628312 0.048001 0.078020
0 0.309431 0.615261 0.047775 0.077305
0 0.059931 0.828197 0.117773 0.129528
0 0.304974 0.945277 0.115669 0.109447
0 0.224888 0.623813 0.066394 0.080541
0 0.424671 0.531441 0.038818 0.056568
0 0.367897 0.520030 0.036245 0.047800
0 0.592833 0.421374 0.013228 0.019595
0 0.438254 0.490954 0.025397 0.043840
0 0.533956 0.412681 0.021517 0.033513
0 0.334175 0.480926 0.044788 0.075210
0 0.410313 0.451102 0.025409 0.037851
0 0.333809 0.480421 0.044617 0.075986