0 0.329181 0.585225 0.042376 0.065390
0 0.696390 0.541254 0.044374 0.060382
0 0.412547 0.600397 0.043947 0.071224
0 0.127235 0.745387 0.090616 0.108774
0 0.640577 0.555857 0.038425 0.060788
0 0.430536 0.516714 0.035389 0.052307
0 0.336462 0.881140 0.098133 0.178765
0 0.252635 0.587220 0.056325 0.060683
0 0.244383 0.591500 0.045800 0.063161
0 0.538108 0.423893 0.020852 0.038195
0 0.378937 0.506330 0.033321 0.044416
0 0.415642 0.445040 0.024311 0.033020
0 0.342879 0.471712 0.039552 0.068966
0 0.601001 0.430583 0.018807 0.026666