0 0.175125 0.687816 0.074437 0.090070
0 0.108097 0.948076 0.153356 0.103725
0 0.418910 0.576823 0.039793 0.065095
0 0.747353 0.600800 0.056495 0.080221
0 0.683139 0.626835 0.055105 0.089980
0 0.343803 0.560947 0.038685 0.060232
0 0.360393 0.788003 0.079695 0.133587
0 0.543433 0.439767 0.024166 0.040401
0 0.273252 0.568535 0.049596 0.060453
0 0.386395 0.491978 0.032491 0.044550
0 0.433352 0.508477 0.033437 0.047906
0 0.418805 0.438691 0.024608 0.034608
0 0.609727 0.444689 0.015358 0.023856
0 0.613687 0.445770 0.017459 0.023523
0 0.350608 0.462944 0.038573 0.063001