0 0.714652 0.683819 0.067323 0.107447
0 0.195957 0.663364 0.067671 0.088107
0 0.137431 0.918211 0.159656 0.160652
0 0.781332 0.642345 0.071595 0.095256
0 0.421442 0.566573 0.038029 0.065796
0 0.547568 0.449044 0.024714 0.046132
0 0.350735 0.549531 0.036057 0.057947
0 0.368687 0.755210 0.079023 0.122632
0 0.278503 0.560644 0.042714 0.055961
0 0.619058 0.450121 0.019454 0.029627
0 0.435160 0.500347 0.032830 0.047292
0 0.390250 0.485259 0.032225 0.042427
0 0.421318 0.435553 0.024873 0.030505
0 0.592405 0.418852 0.013113 0.020773