0 0.044703 0.860072 0.089391 0.145813
0 0.824619 0.874346 0.114931 0.188222
0 0.206486 0.810966 0.111115 0.137269
0 0.228834 0.625897 0.059423 0.077540
0 0.555658 0.473669 0.029415 0.057948
0 0.893033 0.774654 0.114192 0.150965
0 0.298614 0.537160 0.044913 0.051493
0 0.362668 0.528774 0.030708 0.051520
0 0.426417 0.551269 0.037222 0.058118
0 0.382975 0.701972 0.065912 0.105787
0 0.636472 0.472602 0.023915 0.033623
0 0.395865 0.473410 0.030530 0.041466
0 0.596637 0.427980 0.018432 0.025861
0 0.439832 0.485426 0.030241 0.041483
0 0.423568 0.431435 0.022687 0.029912