0 0.187393 0.657082 0.078900 0.082673
0 0.307422 0.630793 0.062410 0.080538
0 0.733255 0.590135 0.049222 0.070936
0 0.048293 0.883786 0.096353 0.155595
0 0.408708 0.604245 0.045544 0.073459
0 0.436841 0.509303 0.030295 0.049473
0 0.084374 0.966499 0.135430 0.067003
0 0.290391 0.549335 0.034981 0.052507
0 0.643099 0.483069 0.028527 0.036909
0 0.616095 0.648875 0.064191 0.132331
0 0.616459 0.648811 0.063674 0.132672
0 0.410776 0.450695 0.027335 0.038095
0 0.387988 0.486339 0.029274 0.042207
0 0.336114 0.492594 0.033976 0.046093