0 0.126500 0.747188 0.104293 0.111862
0 0.335360 0.582491 0.050967 0.065809
0 0.234621 0.604020 0.062369 0.072283
0 0.417232 0.573286 0.040747 0.066798
0 0.864401 0.750360 0.092343 0.130574
0 0.188564 0.828463 0.109245 0.139327
0 0.560990 0.461297 0.024012 0.038739
0 0.246436 0.967803 0.122367 0.064394
0 0.684189 0.529238 0.042677 0.063412
0 0.440602 0.498402 0.031892 0.045658
0 0.737927 0.923961 0.129637 0.152079
0 0.398607 0.473280 0.025055 0.039651
0 0.172485 0.849045 0.078423 0.101831
0 0.309823 0.526535 0.028171 0.053549
0 0.350281 0.475096 0.030653 0.037743