0 0.153261 0.715991 0.093853 0.102051
0 0.565904 0.476877 0.024065 0.037968
0 0.341620 0.570370 0.048961 0.063471
0 0.263515 0.932518 0.131613 0.134964
0 0.420739 0.565312 0.038129 0.063573
0 0.217016 0.782470 0.096838 0.118459
0 0.200768 0.802443 0.070011 0.085176
0 0.942686 0.852908 0.113738 0.173122
0 0.240118 0.590047 0.045296 0.066609
0 0.705641 0.562664 0.042140 0.053336
0 0.316384 0.519615 0.029960 0.047439
0 0.703323 0.554519 0.047898 0.066448
0 0.591007 0.420825 0.015369 0.021276
0 0.203921 0.786243 0.075097 0.117353
0 0.247837 0.586506 0.056588 0.064679
0 0.443570 0.490709 0.028138 0.035616
0 0.354552 0.473312 0.029079 0.036771
0 0.256934 0.586595 0.040016 0.063897