0 0.175947 0.689286 0.087250 0.094749
0 0.283608 0.902997 0.128897 0.186472
0 0.348793 0.558762 0.043555 0.058163
0 0.572429 0.490753 0.026716 0.044877
0 0.423229 0.554755 0.038382 0.061593
0 0.238520 0.743329 0.087621 0.113386
0 0.257567 0.578194 0.054165 0.066098
0 0.727298 0.585397 0.057529 0.079248
0 0.226573 0.757125 0.064557 0.093414
0 0.321884 0.515598 0.028231 0.046717
0 0.358888 0.470476 0.028988 0.035091
0 0.444558 0.486077 0.025586 0.036498
0 0.404471 0.463820 0.022696 0.034286
0 0.592985 0.424321 0.016332 0.026101