0 0.308186 0.843280 0.105011 0.164284
0 0.194763 0.666994 0.078680 0.092419
0 0.354917 0.549543 0.040806 0.057924
0 0.257368 0.712956 0.075127 0.097116
0 0.756898 0.622757 0.069727 0.095400
0 0.578350 0.511149 0.028836 0.050762
0 0.424451 0.548840 0.038717 0.060309
0 0.267991 0.566851 0.053849 0.067406
0 0.445540 0.483394 0.029548 0.040313
0 0.597153 0.427197 0.021336 0.028850
0 0.328170 0.507330 0.031851 0.039993
0 0.406904 0.459807 0.021507 0.037863
0 0.755229 0.622478 0.073228 0.095066
0 0.362062 0.464908 0.028300 0.035680