0 0.598000 0.564640 0.036316 0.065534
0 0.286143 0.661534 0.064813 0.084299
0 0.286804 0.544859 0.046939 0.055432
0 0.366446 0.530474 0.039744 0.052333
0 0.428868 0.535074 0.035204 0.054126
0 0.339201 0.754499 0.086260 0.131009
0 0.097489 0.954910 0.145390 0.089676
0 0.854583 0.737551 0.106222 0.141764
0 0.609818 0.444647 0.020576 0.028545
0 0.224990 0.628208 0.067993 0.081515
0 0.854358 0.737220 0.105367 0.140508
0 0.335804 0.772642 0.079447 0.098023
0 0.446568 0.478480 0.031049 0.037272
0 0.562172 0.413749 0.018572 0.028457