0 0.367945 0.671565 0.066816 0.099938
0 0.200161 0.823556 0.103972 0.134924
0 0.318476 0.605545 0.054904 0.074782
0 0.258628 0.583641 0.044911 0.065144
0 0.379694 0.509378 0.035129 0.045053
0 0.434138 0.516317 0.034483 0.050440
0 0.659152 0.742789 0.071965 0.126065
0 0.631903 0.470224 0.024658 0.033921
0 0.308952 0.518996 0.040582 0.047797
0 0.450456 0.468704 0.024414 0.035599
0 0.535996 0.414893 0.023355 0.040560
0 0.538412 0.419567 0.017433 0.027624
0 0.417912 0.443698 0.017927 0.035584
0 0.572758 0.433836 0.024418 0.028006