0 0.114193 0.745333 0.113291 0.118420
0 0.302687 0.642523 0.061384 0.082174
0 0.558241 0.483307 0.028200 0.045351
0 0.357172 0.539813 0.036033 0.054873
0 0.611075 0.495368 0.033671 0.043068
0 0.398352 0.577438 0.045668 0.067353
0 0.101606 0.954849 0.140376 0.086067
0 0.727958 0.587542 0.046701 0.066457
0 0.311337 0.523585 0.039029 0.052322
0 0.441173 0.491828 0.030001 0.043224
0 0.400150 0.474990 0.030970 0.039646
0 0.101709 0.967821 0.155001 0.064358
0 0.538728 0.425593 0.023768 0.039730
0 0.340557 0.484017 0.031936 0.037970