0 0.667654 0.591322 0.052295 0.070996
0 0.337417 0.583428 0.046502 0.064048
0 0.203260 0.642317 0.077202 0.089086
0 0.223596 0.789083 0.096095 0.129907
0 0.590712 0.586415 0.043269 0.078805
0 0.412415 0.541370 0.040686 0.062103
0 0.590086 0.463062 0.026138 0.038461
0 0.376425 0.511031 0.031514 0.047778
0 0.330977 0.500270 0.031963 0.047794
0 0.933411 0.840880 0.124252 0.162880
0 0.445221 0.476793 0.026858 0.040428
0 0.550987 0.469424 0.025935 0.040196
0 0.354911 0.469909 0.027347 0.041200
0 0.409510 0.454331 0.028287 0.034046