0 0.608228 0.635298 0.053027 0.096264
0 0.220699 0.624102 0.070970 0.079874
0 0.342525 0.571886 0.046468 0.062785
0 0.415252 0.534154 0.037274 0.058100
0 0.694168 0.633294 0.066159 0.088510
0 0.276523 0.978394 0.106252 0.043211
0 0.241018 0.750003 0.092798 0.115065
0 0.597320 0.478751 0.029348 0.040184
0 0.445694 0.474906 0.028469 0.041783
0 0.380282 0.504110 0.029239 0.042632
0 0.335341 0.495327 0.032274 0.042220
0 0.541887 0.443907 0.022634 0.036899
0 0.555416 0.485145 0.028209 0.046069
0 0.985098 0.938486 0.029234 0.116267
0 0.010691 0.928650 0.021334 0.079870