0 0.233365 0.608642 0.067146 0.075556
0 0.261883 0.720764 0.077246 0.104449
0 0.725604 0.688059 0.075839 0.103852
0 0.627429 0.700449 0.067311 0.127188
0 0.349545 0.558817 0.038393 0.060650
0 0.285265 0.944162 0.124084 0.111676
0 0.604808 0.492442 0.033423 0.047223
0 0.417415 0.527937 0.037853 0.058241
0 0.560787 0.503562 0.031782 0.050531
0 0.033181 0.895799 0.066028 0.132065
0 0.544958 0.452427 0.024275 0.036292
0 0.384191 0.498282 0.031596 0.046778
0 0.446813 0.471424 0.029025 0.040630
0 0.340727 0.490939 0.031364 0.045182
0 0.463548 0.429432 0.021835 0.046576
0 0.604621 0.434561 0.021310 0.028780