0 0.277846 0.690502 0.070454 0.099174
0 0.300153 0.914953 0.121804 0.164435
0 0.051181 0.858668 0.102362 0.148708
0 0.246016 0.594980 0.062042 0.073146
0 0.773292 0.766367 0.097356 0.135365
0 0.355025 0.551430 0.037354 0.059891
0 0.419372 0.523002 0.034469 0.056697
0 0.662080 0.805895 0.087257 0.171356
0 0.547559 0.466591 0.028332 0.040484
0 0.566521 0.524171 0.036197 0.055129
0 0.615326 0.509484 0.034947 0.049333
0 0.385301 0.496188 0.031080 0.043927
0 0.612836 0.441461 0.018945 0.027985
0 0.446652 0.469443 0.027532 0.039170
0 0.414624 0.445697 0.026132 0.036560
0 0.463675 0.426323 0.021523 0.039630
0 0.344633 0.487425 0.030222 0.041243