0 0.290269 0.669314 0.066186 0.088216
0 0.318072 0.868066 0.110159 0.162000
0 0.360602 0.542071 0.035833 0.053983
0 0.574976 0.551219 0.036880 0.062718
0 0.256356 0.583968 0.058403 0.069639
0 0.066974 0.810060 0.131270 0.129869
0 0.628214 0.532220 0.040979 0.055917
0 0.843136 0.882619 0.133766 0.188005
0 0.420596 0.516792 0.036516 0.053040
0 0.550812 0.478633 0.031345 0.041024
0 0.712222 0.925340 0.110338 0.149321
0 0.618563 0.449017 0.021877 0.030645
0 0.592308 0.467948 0.027059 0.033999
0 0.445937 0.468869 0.028662 0.042221
0 0.464592 0.424929 0.020679 0.038836
0 0.388972 0.489151 0.034166 0.043389
0 0.349039 0.481832 0.031326 0.042009