0 0.333654 0.815651 0.094882 0.132607
0 0.266426 0.572962 0.055551 0.063144
0 0.098821 0.770453 0.119944 0.114920
0 0.364244 0.535828 0.037110 0.052563
0 0.300951 0.649587 0.063741 0.082659
0 0.642163 0.558962 0.045214 0.063553
0 0.584978 0.585457 0.043174 0.077539
0 0.557176 0.495321 0.033433 0.050904
0 0.422706 0.510825 0.035920 0.055748
0 0.627780 0.460445 0.023578 0.032270
0 0.923454 0.963204 0.132734 0.073161
0 0.599332 0.481555 0.028390 0.036987
0 0.393324 0.482751 0.026433 0.038053
0 0.350936 0.474166 0.028186 0.039888
0 0.465040 0.422387 0.020655 0.041275
0 0.447676 0.464099 0.026710 0.041143