0 0.336626 0.589355 0.048707 0.066828
0 0.646227 0.559680 0.044437 0.056394
0 0.688790 0.910468 0.111201 0.177893
0 0.372245 0.684389 0.066514 0.092854
0 0.772274 0.788313 0.104205 0.147624
0 0.593480 0.617077 0.050861 0.080373
0 0.192359 0.654231 0.078262 0.080995
0 0.430745 0.491854 0.028304 0.047543
0 0.676087 0.516261 0.034943 0.049322
0 0.109299 0.952797 0.137703 0.089433
0 0.298814 0.538049 0.046083 0.052849
0 0.380171 0.509767 0.031644 0.045450
0 0.600584 0.475456 0.033390 0.056089
0 0.450360 0.454198 0.026164 0.037199