0 0.693209 0.636983 0.069790 0.080727
0 0.383308 0.645137 0.057803 0.083970
0 0.163537 0.894810 0.134661 0.158703
0 0.715742 0.567036 0.049442 0.072051
0 0.385790 0.497452 0.031165 0.044251
0 0.432967 0.486891 0.030833 0.045170
0 0.638185 0.756865 0.077059 0.138624
0 0.224878 0.612866 0.070433 0.069224
0 0.348313 0.567098 0.044748 0.064925
0 0.310364 0.523747 0.040854 0.051351
0 0.618784 0.516194 0.034918 0.053225
0 0.610716 0.441484 0.023818 0.028997
0 0.453410 0.448407 0.022235 0.032611
0 0.369734 0.456439 0.027115 0.033342