0 0.192183 0.842753 0.117488 0.141273
0 0.354773 0.556482 0.042237 0.063839
0 0.724021 0.693147 0.072661 0.095646
0 0.743636 0.596943 0.056111 0.078664
0 0.679486 0.884419 0.103160 0.193830
0 0.390520 0.629733 0.059780 0.077477
0 0.434026 0.484113 0.030753 0.046191
0 0.631135 0.539460 0.036591 0.055822
0 0.238571 0.599695 0.062743 0.069346
0 0.316814 0.517398 0.039923 0.044490
0 0.615913 0.448023 0.021539 0.030108
0 0.647194 0.509193 0.031415 0.050715
0 0.390142 0.490312 0.026621 0.037567
0 0.454044 0.446715 0.022588 0.033969