0 0.771163 0.776929 0.091578 0.127501
0 0.780090 0.642837 0.070846 0.095298
0 0.216646 0.798379 0.106405 0.134877
0 0.360557 0.551006 0.042615 0.057319
0 0.646433 0.567708 0.039815 0.065591
0 0.435573 0.478654 0.028220 0.044838
0 0.393982 0.610885 0.048875 0.066944
0 0.250456 0.589105 0.058058 0.066556
0 0.665035 0.525345 0.037379 0.055778
0 0.732167 0.971371 0.107487 0.054454
0 0.321916 0.512561 0.040298 0.047437
0 0.625391 0.459232 0.023522 0.030288
0 0.392415 0.487780 0.026627 0.037920
0 0.541165 0.425757 0.015798 0.027980