0 0.901195 0.784991 0.114629 0.153164
0 0.368436 0.535323 0.037761 0.052445
0 0.402044 0.589927 0.047242 0.066903
0 0.272201 0.563987 0.051846 0.059794
0 0.437502 0.474122 0.026596 0.040513
0 0.249029 0.731144 0.094825 0.102324
0 0.695301 0.647901 0.064011 0.094582
0 0.713428 0.581176 0.049803 0.071974
0 0.330905 0.501970 0.037786 0.044530
0 0.544782 0.439265 0.023399 0.035411
0 0.644366 0.482369 0.028620 0.037835
0 0.396979 0.479390 0.024542 0.037417
0 0.381283 0.442754 0.026486 0.035588
0 0.593015 0.416576 0.016632 0.022210