0 0.947891 0.878112 0.103294 0.179602
0 0.338278 0.576570 0.045119 0.062831
0 0.661823 0.494207 0.031458 0.048360
0 0.422199 0.524986 0.037211 0.047884
0 0.556759 0.474078 0.027691 0.049775
0 0.220456 0.802900 0.103889 0.140511
0 0.624659 0.518066 0.035129 0.051341
0 0.631786 0.694208 0.065459 0.125595
0 0.330014 0.499124 0.035978 0.042991
0 0.395776 0.487581 0.030657 0.043262
0 0.361530 0.467435 0.027571 0.041374
0 0.444554 0.451810 0.024591 0.035729
0 0.462519 0.422761 0.022314 0.036490
0 0.617461 0.448674 0.019803 0.029385