0 0.424082 0.517556 0.037692 0.050660
0 0.238318 0.768952 0.092541 0.117400
0 0.345723 0.566953 0.046347 0.062378
0 0.562869 0.490448 0.030949 0.055656
0 0.669127 0.798597 0.087897 0.178866
0 0.676741 0.509187 0.034874 0.052037
0 0.639593 0.543889 0.039219 0.060087
0 0.546016 0.444125 0.022078 0.038341
0 0.628047 0.460361 0.022999 0.032890
0 0.397883 0.481977 0.026414 0.038780
0 0.333249 0.498162 0.033655 0.045245
0 0.364031 0.462469 0.025858 0.036145
0 0.445181 0.448279 0.023920 0.032187
0 0.462542 0.422269 0.021438 0.031812