0 0.299424 0.654399 0.066123 0.085104
0 0.281351 0.940117 0.137091 0.114049
0 0.432216 0.499055 0.032622 0.047320
0 0.573439 0.522845 0.036556 0.057487
0 0.691348 0.536494 0.038923 0.052089
0 0.629609 0.680082 0.068426 0.135088
0 0.813794 0.669792 0.081253 0.114656
0 0.366673 0.525435 0.036718 0.050148
0 0.615538 0.494138 0.030773 0.041505
0 0.537026 0.428230 0.021158 0.031288
0 0.871007 0.897959 0.160049 0.203066
0 0.352401 0.476739 0.031468 0.043292
0 0.449568 0.437334 0.020704 0.040071
0 0.408634 0.463536 0.028587 0.040356