0 0.369956 0.520477 0.037150 0.048327
0 0.098053 0.946468 0.155935 0.105677
0 0.307130 0.639511 0.063110 0.080821
0 0.583070 0.550847 0.041235 0.067532
0 0.711791 0.562921 0.046648 0.066073
0 0.541008 0.436113 0.024302 0.035496
0 0.665450 0.777960 0.088600 0.188414
0 0.019609 0.911289 0.039088 0.105339
0 0.290274 0.918706 0.138188 0.161682
0 0.433034 0.495562 0.032469 0.045198
0 0.627071 0.512938 0.035300 0.047865
0 0.869326 0.736341 0.103752 0.149268
0 0.354322 0.471801 0.029821 0.042181
0 0.450441 0.436467 0.020996 0.036057
0 0.410415 0.462179 0.027783 0.037328