0 0.204089 0.804946 0.112377 0.140478
0 0.385533 0.499059 0.033453 0.046251
0 0.704949 0.648999 0.063582 0.093972
0 0.101649 0.765867 0.114941 0.116905
0 0.336564 0.593139 0.051296 0.075485
0 0.878434 0.762519 0.102560 0.137074
0 0.559197 0.488149 0.031979 0.051956
0 0.676278 0.804659 0.092703 0.176063
0 0.342768 0.790535 0.097072 0.155380
0 0.438471 0.482034 0.028564 0.038116
0 0.566922 0.426375 0.018044 0.026584
0 0.366081 0.460217 0.030530 0.039403
0 0.453311 0.428449 0.023470 0.034691
0 0.416371 0.448233 0.024174 0.034711