0 0.249282 0.722522 0.081609 0.099898
0 0.316192 0.611206 0.057608 0.077526
0 0.378230 0.517505 0.036649 0.050482
0 0.257522 0.579258 0.048916 0.066235
0 0.343057 0.818130 0.088767 0.150554
0 0.546733 0.448059 0.023414 0.040031
0 0.399635 0.614401 0.051298 0.087342
0 0.704584 0.663278 0.058811 0.098116
0 0.446929 0.458908 0.025826 0.035794
0 0.629380 0.467978 0.023547 0.027194
0 0.027119 0.821534 0.054126 0.309693
0 0.027271 0.822160 0.054297 0.311193
0 0.460144 0.413029 0.023582 0.031275
0 0.386129 0.437264 0.024058 0.032122
0 0.405683 0.460190 0.025764 0.037706