0 0.071135 0.769145 0.142270 0.367149
0 0.333225 0.583791 0.052778 0.067013
0 0.386675 0.502968 0.036233 0.049783
0 0.280792 0.670661 0.068097 0.084987
0 0.254684 0.922054 0.116780 0.151528
0 0.365690 0.738362 0.071015 0.122577
0 0.407446 0.584438 0.048765 0.083891
0 0.560577 0.497666 0.030242 0.048855
0 0.280994 0.551682 0.041881 0.055870
0 0.671188 0.521106 0.032717 0.036972
0 0.670269 0.514036 0.034803 0.051830
0 0.611736 0.436204 0.020656 0.027762
0 0.448549 0.451885 0.024407 0.034292
0 0.463013 0.410813 0.022014 0.030766