0 0.680438 0.516116 0.037311 0.050824
0 0.321220 0.604108 0.053792 0.069758
0 0.943490 0.871074 0.112104 0.175654
0 0.394401 0.646051 0.054183 0.089730
0 0.668476 0.832884 0.089852 0.175471
0 0.315553 0.767000 0.067024 0.081340
0 0.356042 0.545114 0.040067 0.058197
0 0.399780 0.478625 0.029618 0.044014
0 0.421429 0.544301 0.038968 0.066055
0 0.120700 0.709255 0.240509 0.431593
0 0.317903 0.512910 0.036776 0.045285
0 0.326144 0.740128 0.068173 0.091122
0 0.532703 0.419314 0.016912 0.026173
0 0.120605 0.709236 0.240723 0.434271