0 0.406982 0.601936 0.048521 0.079309
0 0.158940 0.622692 0.243103 0.318739
0 0.339303 0.575012 0.046583 0.063300
0 0.801470 0.663092 0.075259 0.097636
0 0.350284 0.678922 0.067900 0.092716
0 0.103832 0.944690 0.151727 0.107227
0 0.297187 0.968863 0.101067 0.062274
0 0.369101 0.524577 0.038201 0.051978
0 0.547472 0.458444 0.022628 0.036885
0 0.336818 0.495649 0.037097 0.046065
0 0.609122 0.434476 0.023232 0.027998
0 0.428766 0.521427 0.035702 0.063462
0 0.573710 0.431441 0.023589 0.034975
0 0.407641 0.467722 0.029236 0.039580