0 0.192318 0.589483 0.201498 0.271848
0 0.314956 0.927561 0.104894 0.144404
0 0.148261 0.901501 0.140414 0.173472
0 0.345070 0.561950 0.046750 0.058033
0 0.359085 0.653207 0.055103 0.083536
0 0.410176 0.587413 0.045009 0.071263
0 0.944413 0.856333 0.110346 0.174146
0 0.558723 0.490721 0.028890 0.046847
0 0.019046 0.934533 0.037968 0.109312
0 0.378187 0.512614 0.041690 0.049338
0 0.622470 0.448930 0.022014 0.031421
0 0.431674 0.513675 0.033225 0.060280
0 0.583845 0.448149 0.023522 0.039371
0 0.410343 0.462474 0.027454 0.038137
0 0.539694 0.419210 0.018279 0.031292
0 0.343282 0.487817 0.036433 0.041687