0 0.206870 0.575685 0.187752 0.254102
0 0.325365 0.898879 0.097365 0.157095
0 0.035972 0.914662 0.071686 0.157522
0 0.170932 0.861290 0.129179 0.156395
0 0.364607 0.641513 0.055533 0.081876
0 0.565029 0.514649 0.033157 0.052249
0 0.351074 0.554679 0.041060 0.056435
0 0.413554 0.580177 0.043444 0.072381
0 0.632063 0.462433 0.024365 0.030847
0 0.380287 0.509369 0.036396 0.048177
0 0.431962 0.511067 0.032306 0.057794
0 0.591084 0.459989 0.023273 0.042629
0 0.410929 0.460206 0.028766 0.037486
0 0.541190 0.428315 0.019169 0.028596
0 0.344466 0.485187 0.033992 0.042084