0 0.219624 0.563677 0.174038 0.239859
0 0.050362 0.879248 0.100300 0.162436
0 0.335358 0.863719 0.089298 0.144973
0 0.191255 0.826412 0.115198 0.143315
0 0.354287 0.550686 0.040715 0.056232
0 0.367554 0.631124 0.052885 0.078147
0 0.414188 0.573396 0.042520 0.069557
0 0.384061 0.500361 0.035547 0.051592
0 0.574997 0.542324 0.037499 0.057529
0 0.641946 0.473925 0.025692 0.036613
0 0.433202 0.507511 0.032680 0.056896
0 0.545170 0.438478 0.021093 0.033784
0 0.598866 0.474887 0.028185 0.046943
0 0.412483 0.457687 0.025446 0.035097