0 0.232022 0.551153 0.165394 0.228556
0 0.062937 0.838639 0.125664 0.147256
0 0.343934 0.832198 0.084784 0.134385
0 0.209043 0.795504 0.105333 0.134236
0 0.417365 0.567717 0.039473 0.066894
0 0.356733 0.548030 0.038846 0.056312
0 0.372722 0.620320 0.052630 0.073797
0 0.385415 0.498488 0.035041 0.046796
0 0.653188 0.488469 0.028154 0.040474
0 0.587210 0.577839 0.043557 0.069079
0 0.548342 0.448707 0.025314 0.034223
0 0.609345 0.490829 0.031993 0.055227
0 0.434103 0.504649 0.032240 0.059605
0 0.414001 0.453764 0.024972 0.035997