0 0.223003 0.770122 0.100509 0.119822
0 0.085115 0.803398 0.126021 0.134897
0 0.351879 0.804814 0.078858 0.127340
0 0.242356 0.540918 0.153751 0.220855
0 0.360745 0.540288 0.040030 0.051592
0 0.603988 0.631230 0.052481 0.092207
0 0.377284 0.612562 0.048256 0.075265
0 0.419321 0.561261 0.040065 0.067011
0 0.667252 0.505915 0.031461 0.045072
0 0.551185 0.462861 0.027148 0.042889
0 0.619746 0.508524 0.034237 0.059188
0 0.386749 0.495526 0.035639 0.044655
0 0.435915 0.499242 0.033470 0.055937
0 0.592077 0.419020 0.015926 0.019639