0 0.184684 0.678317 0.081888 0.090625
0 0.379844 0.701319 0.061443 0.094265
0 0.595423 0.601015 0.047649 0.077471
0 0.283113 0.504427 0.115403 0.177677
0 0.104507 0.936390 0.141111 0.122372
0 0.391762 0.575416 0.045436 0.062667
0 0.278357 0.672794 0.072418 0.090357
0 0.813794 0.685529 0.072714 0.101347
0 0.310523 0.954107 0.109768 0.091786
0 0.428769 0.535272 0.035699 0.058094
0 0.758917 0.744041 0.090578 0.161821
0 0.373886 0.516207 0.033649 0.045065
0 0.628898 0.463971 0.021152 0.027052
0 0.579607 0.450674 0.024786 0.028605
0 0.398332 0.474226 0.029307 0.038537
0 0.422004 0.438001 0.024949 0.038819