0 0.198215 0.663040 0.076485 0.089080
0 0.383893 0.687328 0.057518 0.090783
0 0.130138 0.916016 0.131434 0.162351
0 0.286174 0.658419 0.068730 0.085124
0 0.882087 0.768054 0.098581 0.140710
0 0.317557 0.933649 0.114204 0.132702
0 0.616921 0.664348 0.059950 0.099431
0 0.837059 0.873935 0.127406 0.225907
0 0.393920 0.571275 0.042932 0.062173
0 0.288412 0.498667 0.111060 0.168043
0 0.377171 0.511726 0.034818 0.047947
0 0.430526 0.529908 0.032733 0.055925
0 0.587514 0.463191 0.025911 0.030892
0 0.638253 0.475033 0.024010 0.035117
0 0.538290 0.417646 0.015764 0.026510
0 0.460792 0.416746 0.023508 0.033750