0 0.328646 0.915766 0.107977 0.166400
0 0.387919 0.671738 0.057229 0.088452
0 0.211262 0.645733 0.072990 0.083253
0 0.155022 0.876931 0.118877 0.153036
0 0.296269 0.492899 0.109593 0.165668
0 0.396408 0.564871 0.040889 0.060980
0 0.293537 0.645919 0.066595 0.085036
0 0.431376 0.527329 0.031785 0.053210
0 0.650858 0.490517 0.026153 0.039343
0 0.958785 0.894472 0.081885 0.182760
0 0.380320 0.508586 0.033711 0.046380
0 0.938853 0.962860 0.118480 0.074281
0 0.651115 0.758188 0.081376 0.139935
0 0.539381 0.426775 0.019024 0.029042
0 0.594400 0.479656 0.031894 0.034553
0 0.461312 0.417885 0.022717 0.030610
0 0.942110 0.899899 0.114622 0.191247