0 0.394996 0.647180 0.052040 0.081264
0 0.350628 0.841101 0.092262 0.146997
0 0.305459 0.623746 0.061033 0.077817
0 0.306419 0.480726 0.097073 0.150415
0 0.233247 0.617696 0.062745 0.075098
0 0.433328 0.517477 0.030909 0.052381
0 0.401479 0.553814 0.037455 0.055656
0 0.683742 0.530501 0.038274 0.053532
0 0.194217 0.807831 0.100823 0.132446
0 0.544273 0.443786 0.023950 0.033383
0 0.384288 0.501102 0.032906 0.043660
0 0.617089 0.519196 0.035159 0.046543
0 0.460773 0.416196 0.024329 0.032419
0 0.445239 0.472724 0.027467 0.045756
0 0.372744 0.451747 0.032556 0.038825