0 0.401326 0.626397 0.048382 0.075246
0 0.317522 0.603063 0.054976 0.071943
0 0.254261 0.593404 0.058780 0.074238
0 0.551999 0.468621 0.027227 0.040640
0 0.735215 0.593970 0.054394 0.077598
0 0.366618 0.779387 0.080370 0.126315
0 0.103709 0.953643 0.142360 0.092714
0 0.435559 0.511472 0.029861 0.051696
0 0.656151 0.585950 0.044495 0.058903
0 0.405200 0.546586 0.037249 0.056117
0 0.224910 0.756264 0.086890 0.113464
0 0.315947 0.473734 0.090947 0.142000
0 0.316065 0.474352 0.089934 0.145403
0 0.387362 0.493284 0.032067 0.038242