0 0.327339 0.585785 0.050176 0.069055
0 0.153266 0.920406 0.127444 0.153310
0 0.378918 0.729182 0.069145 0.105892
0 0.325091 0.466216 0.087786 0.136026
0 0.563742 0.504893 0.032255 0.049939
0 0.830398 0.708917 0.085069 0.120543
0 0.268348 0.575411 0.050109 0.066360
0 0.404042 0.605026 0.045581 0.076784
0 0.724043 0.707168 0.073540 0.110539
0 0.247806 0.715092 0.075892 0.099971
0 0.437474 0.503161 0.028299 0.050575
0 0.391681 0.488479 0.030522 0.039700
0 0.403883 0.577743 0.047731 0.125828
0 0.408468 0.537694 0.033061 0.051866