0 0.383311 0.708859 0.062942 0.100309
0 0.174743 0.884541 0.115593 0.153864
0 0.331086 0.576714 0.047747 0.064614
0 0.788109 0.821882 0.102386 0.157749
0 0.275888 0.569241 0.049072 0.062116
0 0.328583 0.462284 0.084504 0.130679
0 0.405600 0.596756 0.044925 0.070250
0 0.912924 0.813447 0.117080 0.161638
0 0.572683 0.528373 0.034685 0.054137
0 0.252112 0.696425 0.057303 0.094446
0 0.437390 0.502363 0.029070 0.047209
0 0.394460 0.486568 0.029055 0.037837
0 0.409588 0.534929 0.032740 0.051717
0 0.533743 0.415826 0.020961 0.025013
0 0.260752 0.689896 0.072052 0.092543