0 0.397886 0.658006 0.052782 0.079960
0 0.225285 0.788606 0.092427 0.124188
0 0.285146 0.652090 0.058681 0.080845
0 0.616244 0.659516 0.057135 0.098256
0 0.341173 0.556754 0.043170 0.060243
0 0.325954 0.921344 0.113025 0.156199
0 0.335995 0.453836 0.080428 0.125353
0 0.292966 0.547092 0.041049 0.055430
0 0.563859 0.413746 0.016050 0.024720
0 0.410933 0.579473 0.041184 0.060153
0 0.411001 0.527747 0.034631 0.054513
0 0.398371 0.477552 0.025889 0.036744
0 0.540928 0.434986 0.021134 0.032402
0 0.440057 0.492767 0.027363 0.044499