0 0.365807 0.749298 0.071792 0.113242
0 0.173836 0.674822 0.077676 0.082601
0 0.411765 0.602708 0.039899 0.071170
0 0.324556 0.600620 0.051795 0.068864
0 0.242681 0.725806 0.095786 0.135907
0 0.384387 0.414553 0.048794 0.083545
0 0.783966 0.601557 0.201180 0.307746
0 0.586103 0.464652 0.026204 0.041184
0 0.368517 0.531777 0.037169 0.054147
0 0.432077 0.531995 0.032656 0.055506
0 0.602742 0.434168 0.020845 0.026666
0 0.411058 0.446841 0.029492 0.051302
0 0.431953 0.537782 0.031897 0.036197
0 0.410423 0.454274 0.028663 0.039975