0 0.611791 0.501500 0.031312 0.044335
0 0.330892 0.577250 0.048643 0.071391
0 0.430294 0.526111 0.034657 0.050917
0 0.207327 0.813331 0.108204 0.143304
0 0.275637 0.566775 0.049015 0.064177
0 0.872336 0.905423 0.148248 0.185541
0 0.302921 0.930973 0.123451 0.138054
0 0.586102 0.393164 0.032203 0.061510
0 0.554490 0.380868 0.024229 0.062711
0 0.043290 0.873618 0.086225 0.203485
0 0.451971 0.433785 0.018199 0.033853
0 0.043423 0.872387 0.086003 0.198835
0 0.364898 0.460553 0.028443 0.033931
0 0.404900 0.466475 0.021832 0.034746