0 0.174749 0.914450 0.141324 0.164791
0 0.410244 0.589186 0.048857 0.078930
0 0.361073 0.766111 0.074635 0.113536
0 0.256758 0.723354 0.073887 0.101894
0 0.362995 0.526256 0.041972 0.063619
0 0.560447 0.505382 0.031332 0.051408
0 0.433470 0.524761 0.031528 0.053345
0 0.049214 0.861888 0.097914 0.160004
0 0.287060 0.981450 0.106282 0.037101
0 0.844993 0.751523 0.309130 0.480132
0 0.564720 0.413331 0.017949 0.026497
0 0.534177 0.415349 0.019478 0.029755
0 0.298155 0.530251 0.041795 0.063472
0 0.651681 0.459693 0.045733 0.104264
0 0.652778 0.461287 0.045900 0.101623