0 0.189698 0.891422 0.129643 0.167174
0 0.057888 0.833055 0.115371 0.152022
0 0.413299 0.583011 0.047084 0.077656
0 0.366797 0.753363 0.072640 0.114738
0 0.263695 0.710618 0.071582 0.095420
0 0.290542 0.970288 0.117240 0.057125
0 0.433729 0.521550 0.031410 0.051534
0 0.569042 0.529291 0.036776 0.056842
0 0.362829 0.526397 0.040690 0.062910
0 0.667024 0.474327 0.048432 0.105818
0 0.302317 0.525331 0.039118 0.059778
0 0.727776 0.594203 0.037800 0.069506
0 0.667037 0.475184 0.047248 0.109765
0 0.568228 0.416400 0.016328 0.027603
0 0.535565 0.421214 0.021626 0.033585
0 0.538442 0.423331 0.016962 0.029625
0 0.863845 0.770628 0.271083 0.418838