0 0.200598 0.868042 0.121292 0.161526
0 0.413773 0.574906 0.046050 0.072392
0 0.067510 0.805140 0.132706 0.146062
0 0.894896 0.808543 0.209033 0.372872
0 0.293991 0.960055 0.119885 0.079890
0 0.367179 0.740303 0.068195 0.106035
0 0.770727 0.637403 0.067441 0.088358
0 0.271085 0.695850 0.068933 0.094181
0 0.578007 0.565840 0.038496 0.064691
0 0.305390 0.519799 0.039812 0.058172
0 0.362737 0.526125 0.039619 0.062828
0 0.434647 0.515467 0.031376 0.050980
0 0.682627 0.493175 0.051939 0.118640
0 0.571902 0.423788 0.022015 0.031262
0 0.539814 0.431396 0.019744 0.030153