0 0.214755 0.840936 0.115147 0.147768
0 0.815540 0.693802 0.080341 0.109003
0 0.415750 0.571609 0.047168 0.072522
0 0.592571 0.609213 0.044967 0.078249
0 0.088153 0.782176 0.124019 0.136448
0 0.296535 0.947813 0.125125 0.103618
0 0.277855 0.683154 0.066904 0.092482
0 0.372016 0.727257 0.063884 0.102538
0 0.362668 0.526124 0.040310 0.062565
0 0.699286 0.513766 0.060724 0.134022
0 0.436223 0.513153 0.029322 0.052763
0 0.308839 0.517030 0.038303 0.060511
0 0.542753 0.439528 0.022969 0.035826
0 0.577184 0.427490 0.020486 0.036697
0 0.699030 0.511815 0.061848 0.134082