0 0.375143 0.715160 0.060977 0.097845
0 0.418230 0.563985 0.043526 0.071483
0 0.224498 0.822099 0.108272 0.137594
0 0.303209 0.937856 0.121903 0.124161
0 0.881075 0.775569 0.104041 0.146804
0 0.284398 0.673525 0.064833 0.088987
0 0.106882 0.758891 0.115674 0.129929
0 0.613127 0.671763 0.054278 0.100891
0 0.544877 0.450168 0.024407 0.040656
0 0.362359 0.526263 0.041973 0.063486
0 0.312726 0.513025 0.037361 0.059233
0 0.721147 0.532326 0.071721 0.149905
0 0.579092 0.434726 0.021389 0.035468
0 0.437314 0.511253 0.029643 0.051358
0 0.721085 0.532896 0.071855 0.149554