0 0.234340 0.801973 0.105893 0.138333
0 0.378259 0.704821 0.060266 0.097124
0 0.310413 0.927488 0.117838 0.143826
0 0.290278 0.664536 0.062967 0.086924
0 0.952101 0.890813 0.094834 0.180137
0 0.122336 0.740044 0.107232 0.121911
0 0.420231 0.555686 0.042993 0.065594
0 0.641784 0.766973 0.076249 0.142610
0 0.548180 0.463735 0.028119 0.043843
0 0.750386 0.564403 0.083790 0.169054
0 0.362195 0.526115 0.040336 0.063592
0 0.316462 0.510985 0.036947 0.054793
0 0.439854 0.508223 0.029910 0.051451
0 0.584360 0.444521 0.021924 0.034046