0 0.326697 0.894621 0.105712 0.181387
0 0.254258 0.759215 0.094302 0.118061
0 0.388849 0.670048 0.055051 0.088306
0 0.164506 0.689210 0.090733 0.103818
0 0.424341 0.543521 0.039421 0.060352
0 0.564950 0.524884 0.036769 0.053139
0 0.303097 0.638315 0.058353 0.078170
0 0.896734 0.723806 0.199531 0.290457
0 0.324265 0.499295 0.036753 0.050483
0 0.361911 0.526330 0.041893 0.063010
0 0.602089 0.474485 0.026444 0.042972
0 0.767776 0.584648 0.042632 0.061749
0 0.441608 0.498519 0.028683 0.050177
0 0.539742 0.423854 0.017919 0.040315