0 0.337552 0.856708 0.098603 0.167824
0 0.395575 0.650877 0.051176 0.081112
0 0.269161 0.732888 0.086010 0.110842
0 0.312705 0.624074 0.053580 0.072785
0 0.587441 0.603073 0.049234 0.077920
0 0.426172 0.535901 0.039801 0.055076
0 0.619510 0.505776 0.034983 0.051267
0 0.187267 0.663173 0.078673 0.093557
0 0.328484 0.493987 0.033713 0.051924
0 0.610397 0.448986 0.018427 0.027864
0 0.362591 0.525612 0.041431 0.061762
0 0.546461 0.443292 0.026770 0.048370
0 0.176204 0.667382 0.057660 0.088278
0 0.570627 0.427067 0.017948 0.029479
0 0.905204 0.803620 0.189591 0.255754
0 0.905103 0.789513 0.189643 0.281890
0 0.613438 0.449809 0.019826 0.026470