0 0.353424 0.801682 0.087553 0.143635
0 0.285302 0.706545 0.080052 0.101651
0 0.403949 0.623399 0.047710 0.074728
0 0.430829 0.523206 0.037567 0.057572
0 0.321563 0.603937 0.050036 0.071190
0 0.681562 0.906071 0.111792 0.186155
0 0.561360 0.492729 0.033128 0.054845
0 0.662528 0.577402 0.048454 0.076412
0 0.362170 0.527029 0.040184 0.062141
0 0.215019 0.629518 0.069893 0.089003
0 0.548442 0.447163 0.019920 0.039559
0 0.583925 0.451335 0.021093 0.035299
0 0.638934 0.477593 0.022158 0.033468
0 0.635322 0.474779 0.025594 0.037606