0 0.413996 0.587472 0.041809 0.064072
0 0.302371 0.667518 0.064622 0.089981
0 0.332730 0.587021 0.043671 0.064065
0 0.374474 0.723465 0.071602 0.115043
0 0.897951 0.922683 0.150663 0.150364
0 0.576079 0.535097 0.036598 0.059056
0 0.629284 0.699039 0.070850 0.130857
0 0.626279 0.521209 0.033625 0.056445
0 0.303103 0.972099 0.093120 0.053550
0 0.086677 0.957049 0.139693 0.084818
0 0.708833 0.565024 0.046219 0.064006
0 0.433652 0.506853 0.034583 0.050882
0 0.250111 0.589810 0.054594 0.072648
0 0.362692 0.526525 0.040385 0.062913
0 0.527853 0.392681 0.020172 0.036725