0 0.417634 0.576398 0.040301 0.063217
0 0.335425 0.582923 0.045123 0.066108
0 0.306782 0.654827 0.058167 0.086813
0 0.381575 0.697609 0.065900 0.107895
0 0.312824 0.946145 0.095294 0.104956
0 0.110052 0.943127 0.150107 0.113747
0 0.729152 0.930664 0.127442 0.138672
0 0.262411 0.574245 0.051907 0.071728
0 0.599175 0.608697 0.048629 0.080635
0 0.656327 0.574008 0.044744 0.073839
0 0.765050 0.637027 0.065461 0.086903
0 0.591067 0.422884 0.016689 0.022993
0 0.365554 0.524488 0.045789 0.065000
0 0.529718 0.409748 0.020921 0.035507
0 0.435916 0.501179 0.032512 0.047599
0 0.561894 0.421408 0.019290 0.027451