0 0.387556 0.676519 0.061229 0.102399
0 0.420572 0.567494 0.038468 0.060596
0 0.322695 0.924659 0.092771 0.150681
0 0.140789 0.918302 0.139604 0.157586
0 0.337884 0.576750 0.043402 0.063831
0 0.706369 0.660478 0.066442 0.106087
0 0.311645 0.641750 0.054298 0.083010
0 0.867836 0.763831 0.103780 0.133833
0 0.273108 0.563354 0.047604 0.064481
0 0.569524 0.434955 0.022777 0.031652
0 0.534287 0.419335 0.021666 0.038047
0 0.653676 0.757023 0.080577 0.120839
0 0.362754 0.525601 0.039289 0.063122
0 0.439002 0.499804 0.031317 0.045136
0 0.597112 0.430453 0.023278 0.035629
0 0.018102 0.902099 0.036074 0.114317
0 0.599754 0.434087 0.019780 0.029549