0 0.389852 0.668371 0.060095 0.098515
0 0.156176 0.899944 0.134255 0.160928
0 0.329760 0.901016 0.088296 0.148359
0 0.316495 0.636770 0.054981 0.081483
0 0.421796 0.562220 0.037249 0.055131
0 0.338962 0.574947 0.043292 0.065562
0 0.940776 0.870691 0.117660 0.174348
0 0.744889 0.722330 0.080924 0.131902
0 0.605084 0.442931 0.018770 0.026384
0 0.573572 0.442938 0.022470 0.032454
0 0.692916 0.879995 0.105852 0.203539
0 0.276129 0.557764 0.044776 0.060043
0 0.362773 0.525538 0.038949 0.063194
0 0.535886 0.427814 0.022527 0.038393
0 0.439353 0.495753 0.031462 0.049737
0 0.030255 0.883729 0.060175 0.149686
0 0.700940 0.921882 0.090803 0.121935