0 0.395115 0.646561 0.055435 0.099528
0 0.322261 0.606109 0.051413 0.075282
0 0.330543 0.504933 0.035257 0.049317
0 0.878344 0.913992 0.147378 0.169697
0 0.191832 0.650588 0.090878 0.123275
0 0.376610 0.504008 0.034420 0.055212
0 0.620718 0.430251 0.047450 0.090545
0 0.574195 0.431792 0.032253 0.046567
0 0.445666 0.474775 0.029582 0.039393
0 0.531726 0.421312 0.020504 0.029961
0 0.416367 0.433376 0.029814 0.045147
0 0.572449 0.409327 0.031914 0.075137
0 0.411441 0.430926 0.039829 0.049049
0 0.627325 0.447583 0.033341 0.056493