0 0.283493 0.671389 0.069865 0.084999
0 0.201574 0.806366 0.112819 0.139580
0 0.365203 0.769246 0.078072 0.121956
0 0.412633 0.576291 0.048307 0.087832
0 0.100225 0.949922 0.148206 0.095276
0 0.955722 0.874266 0.087614 0.190351
0 0.633766 0.464178 0.025534 0.032520
0 0.343037 0.594884 0.055101 0.081802
0 0.632641 0.733727 0.075250 0.134507
0 0.026311 0.818190 0.052498 0.304412
0 0.259105 0.566316 0.072393 0.115718
0 0.574237 0.439970 0.022695 0.033934
0 0.026564 0.817476 0.052764 0.303528
0 0.534747 0.423103 0.020467 0.030108
0 0.259013 0.567070 0.071136 0.114612
0 0.101756 0.973485 0.146248 0.053029
0 0.582294 0.385031 0.026922 0.050478
0 0.343837 0.579229 0.055536 0.108547
0 0.431009 0.517876 0.031809 0.058195