0 0.205748 0.798572 0.110473 0.135825
0 0.283738 0.671119 0.069712 0.085896
0 0.369782 0.745314 0.072745 0.111320
0 0.662369 0.499168 0.031956 0.042607
0 0.056710 0.792314 0.113208 0.364578
0 0.272188 0.975545 0.110386 0.048911
0 0.414712 0.571261 0.043529 0.086821
0 0.102836 0.970049 0.146086 0.056971
0 0.272403 0.551148 0.066970 0.105925
0 0.342905 0.591291 0.050445 0.074463
0 0.593893 0.473292 0.027147 0.037557
0 0.542940 0.450354 0.023332 0.035040
0 0.591677 0.396050 0.029766 0.064163
0 0.629728 0.459037 0.021324 0.031382
0 0.101557 0.958922 0.150504 0.078968
0 0.272083 0.550526 0.066739 0.104933
0 0.590689 0.395845 0.031964 0.064034