0 0.064855 0.775220 0.129685 0.358617
0 0.207861 0.794879 0.109236 0.129163
0 0.371177 0.737932 0.070221 0.107114
0 0.283855 0.670902 0.069912 0.086084
0 0.277427 0.546762 0.064248 0.105471
0 0.275495 0.966317 0.112747 0.067366
0 0.677088 0.513408 0.032968 0.042907
0 0.414827 0.570363 0.043801 0.087626
0 0.634992 0.466426 0.022098 0.033851
0 0.100888 0.957223 0.150967 0.083227
0 0.602937 0.486909 0.028689 0.045322
0 0.546748 0.463498 0.029369 0.039659
0 0.344299 0.588448 0.051869 0.071011
0 0.593706 0.398412 0.033448 0.066735
0 0.594578 0.398461 0.031619 0.067194
0 0.567163 0.416871 0.026412 0.032673
0 0.103060 0.972213 0.153213 0.055574