0 0.073060 0.778953 0.146120 0.389923
0 0.209064 0.793443 0.110400 0.128914
0 0.690043 0.532092 0.039593 0.050140
0 0.372845 0.729263 0.066157 0.103055
0 0.283867 0.670600 0.069856 0.086114
0 0.278160 0.957133 0.116581 0.085734
0 0.281527 0.542730 0.063227 0.102579
0 0.612180 0.504302 0.035011 0.049191
0 0.414749 0.570112 0.043749 0.088235
0 0.344001 0.583844 0.047927 0.069587
0 0.550594 0.476449 0.028812 0.041262
0 0.098867 0.968581 0.154670 0.058241
0 0.644285 0.475943 0.024579 0.038309
0 0.596671 0.402835 0.038200 0.071642
0 0.597227 0.402358 0.035314 0.072297
0 0.097192 0.957594 0.159772 0.081333
0 0.389164 0.485640 0.033293 0.053293