0 0.080635 0.773535 0.160886 0.397709
0 0.210581 0.791442 0.110136 0.127456
0 0.281453 0.948605 0.119344 0.102789
0 0.283987 0.670462 0.069888 0.086097
0 0.414887 0.569639 0.043250 0.088514
0 0.625804 0.526012 0.038396 0.055324
0 0.375978 0.723058 0.063675 0.104885
0 0.654253 0.489311 0.026338 0.039467
0 0.347008 0.581143 0.046237 0.063514
0 0.556730 0.494546 0.032552 0.051374
0 0.285489 0.539337 0.063037 0.099629
0 0.707765 0.551107 0.041991 0.056886
0 0.098227 0.962167 0.155156 0.073586
0 0.601293 0.406073 0.038214 0.075690
0 0.600093 0.405644 0.039949 0.074411
0 0.533831 0.416419 0.023167 0.034827
0 0.389730 0.486073 0.034012 0.052014
0 0.572612 0.426856 0.021662 0.035137