0 0.282808 0.942090 0.123330 0.115819
0 0.211576 0.789277 0.109721 0.127358
0 0.376698 0.717466 0.064132 0.102278
0 0.283938 0.670735 0.069920 0.086119
0 0.347278 0.577941 0.045662 0.061187
0 0.414800 0.569763 0.043913 0.087692
0 0.561296 0.515299 0.032781 0.053108
0 0.728679 0.575441 0.048389 0.062178
0 0.641692 0.552242 0.042132 0.060051
0 0.608861 0.413020 0.033528 0.079036
0 0.101100 0.969901 0.149513 0.058836
0 0.665065 0.502574 0.029865 0.044486
0 0.086203 0.767771 0.172406 0.409294
0 0.604383 0.410601 0.042183 0.082022
0 0.289345 0.535388 0.060524 0.100513
0 0.389759 0.485520 0.034045 0.050372
0 0.536746 0.424833 0.022689 0.032597
0 0.099123 0.953962 0.154627 0.091616