0 0.660943 0.585729 0.049512 0.073197
0 0.378366 0.709973 0.062957 0.099252
0 0.288155 0.934328 0.118869 0.131345
0 0.213534 0.786776 0.107569 0.125052
0 0.753414 0.605862 0.058315 0.074870
0 0.284275 0.670738 0.070023 0.085729
0 0.092752 0.759033 0.185325 0.412106
0 0.415058 0.569889 0.044279 0.088247
0 0.568377 0.541611 0.036603 0.059568
0 0.349403 0.576536 0.045018 0.061959
0 0.609226 0.416360 0.045092 0.084592
0 0.101900 0.969577 0.147173 0.060194
0 0.292281 0.531878 0.059079 0.096450
0 0.678047 0.519267 0.031288 0.047950
0 0.609145 0.416447 0.044691 0.085745
0 0.538835 0.431209 0.023684 0.038422
0 0.580400 0.446705 0.023182 0.033141
0 0.390372 0.482997 0.033033 0.049038
0 0.293126 0.531813 0.059345 0.095271