0 0.290727 0.927307 0.121653 0.143514
0 0.098309 0.754799 0.196291 0.423878
0 0.578777 0.574704 0.041513 0.070542
0 0.214211 0.784835 0.106676 0.124365
0 0.784676 0.644932 0.066657 0.087905
0 0.690927 0.627771 0.066427 0.088798
0 0.284230 0.670357 0.070089 0.085451
0 0.379924 0.704850 0.062051 0.096690
0 0.414398 0.569650 0.043352 0.088678
0 0.351594 0.575922 0.044851 0.062683
0 0.693551 0.538884 0.036208 0.051855
0 0.615406 0.420893 0.050672 0.087865
0 0.101415 0.969532 0.147686 0.059773
0 0.584639 0.454929 0.023500 0.038941
0 0.297700 0.526305 0.059734 0.095799
0 0.615255 0.421438 0.049806 0.086277
0 0.542592 0.445391 0.021564 0.031426
0 0.364459 0.531528 0.033396 0.048614