0 0.723643 0.686465 0.074665 0.104951
0 0.296300 0.922774 0.115021 0.154451
0 0.215429 0.783888 0.106412 0.124268
0 0.382930 0.697102 0.060580 0.094379
0 0.825222 0.689795 0.079792 0.098173
0 0.284360 0.669908 0.069857 0.085837
0 0.592332 0.618280 0.048890 0.086409
0 0.414472 0.569544 0.043174 0.087707
0 0.103318 0.756945 0.205918 0.447742
0 0.353328 0.573416 0.045604 0.062725
0 0.710378 0.556757 0.040839 0.058394
0 0.619893 0.426676 0.052895 0.096291
0 0.100322 0.970410 0.150422 0.058325
0 0.547564 0.455984 0.028408 0.038958
0 0.590422 0.466619 0.024117 0.040758
0 0.300594 0.521182 0.054528 0.091849
0 0.620118 0.428612 0.051944 0.093679
0 0.300538 0.521319 0.055051 0.092291
0 0.364104 0.528805 0.033188 0.049309