0 0.301367 0.916064 0.111506 0.167195
0 0.775549 0.773530 0.097300 0.140042
0 0.385235 0.690599 0.057868 0.092486
0 0.284474 0.669969 0.069498 0.085635
0 0.215975 0.782250 0.106644 0.123770
0 0.877723 0.757070 0.097030 0.132388
0 0.609914 0.680834 0.058914 0.109670
0 0.414579 0.569503 0.043356 0.087791
0 0.353706 0.570421 0.043815 0.061823
0 0.733886 0.588210 0.047406 0.070224
0 0.549130 0.465046 0.028194 0.048888
0 0.626888 0.434125 0.056272 0.104329
0 0.100406 0.970273 0.150693 0.058121
0 0.303344 0.515615 0.055918 0.089018
0 0.598592 0.478049 0.028179 0.044318
0 0.303202 0.517516 0.055415 0.089955
0 0.108933 0.754194 0.217151 0.456553
0 0.626527 0.434555 0.057779 0.104372
0 0.365148 0.526167 0.034000 0.049271