0 0.310363 0.890680 0.105226 0.164967
0 0.388308 0.680396 0.057403 0.093555
0 0.218580 0.777974 0.105762 0.123513
0 0.414680 0.569861 0.043249 0.087334
0 0.284150 0.669984 0.069287 0.084018
0 0.984586 0.920333 0.030125 0.119293
0 0.560324 0.501254 0.031560 0.047948
0 0.359123 0.564255 0.045791 0.060909
0 0.681261 0.905590 0.104305 0.187388
0 0.799171 0.666861 0.071139 0.098889
0 0.101129 0.966020 0.150317 0.064693
0 0.641142 0.451076 0.067236 0.118559
0 0.311286 0.510552 0.052225 0.084284
0 0.641381 0.451565 0.067160 0.119741
0 0.540826 0.433553 0.023338 0.030558
0 0.617140 0.508277 0.030860 0.054247
0 0.117292 0.743831 0.233864 0.465680
0 0.432607 0.514339 0.029846 0.053392