0 0.390864 0.670017 0.055886 0.088666
0 0.318318 0.863241 0.101011 0.152444
0 0.220846 0.774373 0.102849 0.121626
0 0.284303 0.669492 0.070247 0.084966
0 0.643907 0.558358 0.037295 0.060499
0 0.414352 0.570372 0.042730 0.089082
0 0.911936 0.803890 0.109091 0.148476
0 0.576447 0.552695 0.039988 0.062180
0 0.105834 0.953605 0.140923 0.090303
0 0.547822 0.451563 0.025017 0.042482
0 0.360398 0.558786 0.041285 0.060107
0 0.661584 0.472542 0.082114 0.143164
0 0.123991 0.704480 0.247475 0.414126
0 0.124063 0.705077 0.247587 0.417625
0 0.316852 0.502313 0.050756 0.082693
0 0.593898 0.422210 0.018261 0.022870
0 0.316769 0.501349 0.050358 0.083617
0 0.433215 0.514991 0.029908 0.055091
0 0.107401 0.968642 0.142748 0.062716