0 0.131107 0.676353 0.260709 0.375387
0 0.326022 0.837853 0.094356 0.142416
0 0.286841 0.667882 0.069566 0.085254
0 0.394000 0.660421 0.054826 0.085209
0 0.222339 0.771673 0.101900 0.122163
0 0.556240 0.480301 0.027613 0.042366
0 0.690266 0.501746 0.101369 0.170166
0 0.602724 0.638351 0.051667 0.089395
0 0.414639 0.570942 0.042699 0.088204
0 0.687135 0.632482 0.055439 0.086441
0 0.363608 0.554591 0.041463 0.059918
0 0.105627 0.954367 0.141790 0.086545
0 0.601113 0.432640 0.022282 0.030766
0 0.322855 0.498073 0.045778 0.077912
0 0.396666 0.474391 0.029147 0.048190
0 0.322963 0.497819 0.046875 0.078083
0 0.432378 0.519892 0.030056 0.061305