0 0.134944 0.664237 0.268703 0.361232
0 0.561761 0.497067 0.029734 0.047504
0 0.329801 0.827884 0.093223 0.138520
0 0.287953 0.664596 0.069481 0.085304
0 0.223733 0.770194 0.100714 0.117386
0 0.394787 0.656001 0.052389 0.084489
0 0.721107 0.688865 0.067529 0.103223
0 0.707904 0.521902 0.115312 0.191858
0 0.607210 0.438509 0.022837 0.026945
0 0.623820 0.702288 0.061284 0.117079
0 0.415063 0.570452 0.042850 0.086598
0 0.105826 0.963773 0.141429 0.068843
0 0.364177 0.552649 0.042750 0.058304
0 0.324305 0.492864 0.045966 0.076563
0 0.324406 0.493205 0.045719 0.078291
0 0.537331 0.418090 0.019798 0.038078
0 0.432138 0.520540 0.030751 0.062525