0 0.141502 0.643228 0.262884 0.334998
0 0.332621 0.819139 0.090171 0.138644
0 0.767565 0.767520 0.088694 0.137280
0 0.655575 0.805969 0.085273 0.157554
0 0.568078 0.519485 0.033490 0.052940
0 0.290072 0.663971 0.066605 0.086042
0 0.224153 0.768082 0.099941 0.114922
0 0.396979 0.650941 0.052412 0.081253
0 0.415036 0.570374 0.043434 0.085750
0 0.612462 0.444785 0.021535 0.027911
0 0.104897 0.954225 0.143637 0.086300
0 0.729064 0.547088 0.137240 0.222962
0 0.729387 0.546931 0.135836 0.224079
0 0.364324 0.549550 0.040674 0.056571
0 0.327826 0.491189 0.044550 0.078652
0 0.365319 0.537419 0.043024 0.080117
0 0.432313 0.520148 0.031373 0.060868