0 0.336341 0.806758 0.089004 0.132787
0 0.154396 0.634045 0.248747 0.323174
0 0.291626 0.660330 0.067437 0.085761
0 0.225288 0.767671 0.100505 0.118763
0 0.840796 0.890649 0.124808 0.186017
0 0.576864 0.549778 0.038257 0.063873
0 0.756162 0.576876 0.163528 0.263066
0 0.705307 0.929577 0.109113 0.138523
0 0.398458 0.646107 0.051170 0.079004
0 0.414850 0.569064 0.044259 0.084376
0 0.105559 0.955398 0.141458 0.084246
0 0.617385 0.449334 0.025132 0.031531
0 0.330497 0.485566 0.045387 0.073538
0 0.365673 0.546435 0.040094 0.054140
0 0.366420 0.536204 0.042382 0.076396
0 0.432173 0.520094 0.030969 0.059912