0 0.067274 0.818624 0.134547 0.153404
0 0.352505 0.553772 0.040622 0.063979
0 0.353085 0.838777 0.088061 0.140031
0 0.417592 0.570385 0.041562 0.075554
0 0.596006 0.444407 0.042842 0.108361
0 0.543086 0.456550 0.021802 0.031559
0 0.250480 0.585977 0.067204 0.101081
0 0.393843 0.474748 0.026864 0.046300
0 0.654525 0.459938 0.068321 0.127441
0 0.100655 0.977537 0.101372 0.044926
0 0.250458 0.585737 0.066606 0.100678
0 0.667319 0.491349 0.042881 0.068762
0 0.449385 0.457173 0.025525 0.031417
0 0.350583 0.478887 0.029789 0.040766