0 0.166236 0.621535 0.234042 0.306211
0 0.293623 0.654231 0.067611 0.081534
0 0.338909 0.796329 0.088561 0.133010
0 0.226262 0.765646 0.100984 0.117978
0 0.588514 0.586264 0.043624 0.075961
0 0.793754 0.618858 0.198447 0.308930
0 0.398391 0.640733 0.050578 0.083818
0 0.105344 0.951194 0.143690 0.091117
0 0.414651 0.568273 0.043945 0.083433
0 0.333838 0.483654 0.045142 0.071358
0 0.624476 0.460094 0.024688 0.031488
0 0.366400 0.544323 0.039404 0.054232
0 0.542247 0.440648 0.025855 0.048723
0 0.925715 0.967821 0.102794 0.064357
0 0.571111 0.422883 0.021481 0.031857