0 0.178118 0.607875 0.222266 0.284290
0 0.841442 0.673141 0.259372 0.385498
0 0.297070 0.649897 0.064404 0.080370
0 0.227748 0.763429 0.100202 0.117509
0 0.342113 0.786342 0.086200 0.128753
0 0.605157 0.634359 0.052592 0.093609
0 0.400589 0.638112 0.050612 0.082025
0 0.631654 0.468251 0.025356 0.032910
0 0.105653 0.952512 0.142862 0.088990
0 0.336666 0.482670 0.045113 0.072335
0 0.414230 0.568805 0.044030 0.084823
0 0.368999 0.539943 0.039497 0.054050
0 0.547043 0.453325 0.027185 0.051288
0 0.555433 0.385998 0.032499 0.049697