0 0.187605 0.598185 0.209573 0.275463
0 0.345307 0.779688 0.083588 0.129848
0 0.229116 0.758387 0.098884 0.114038
0 0.300009 0.646212 0.063403 0.081948
0 0.870050 0.744881 0.259040 0.493596
0 0.400696 0.635426 0.049374 0.081008
0 0.627193 0.704001 0.066428 0.124631
0 0.369519 0.539726 0.040777 0.054870
0 0.638990 0.475981 0.025984 0.038456
0 0.414616 0.567625 0.043396 0.084997
0 0.551232 0.466571 0.029790 0.052905
0 0.338071 0.479609 0.043468 0.072368
0 0.105289 0.955540 0.141574 0.083126
0 0.579553 0.442212 0.018071 0.028252
0 0.088611 0.948094 0.175337 0.097685
0 0.557557 0.392229 0.035303 0.054745