0 0.197609 0.591319 0.200901 0.262498
0 0.347256 0.769887 0.082727 0.121534
0 0.302251 0.638951 0.062917 0.082073
0 0.231670 0.754563 0.096445 0.113341
0 0.647068 0.488182 0.031343 0.040536
0 0.401150 0.633862 0.048744 0.079045
0 0.662757 0.813038 0.088583 0.161403
0 0.340598 0.477613 0.042294 0.072527
0 0.024330 0.927574 0.048509 0.134735
0 0.414595 0.567678 0.044527 0.085554
0 0.370132 0.538799 0.039506 0.055131
0 0.101280 0.952553 0.148990 0.088977
0 0.556454 0.485405 0.032043 0.052482
0 0.585756 0.450657 0.021382 0.029621
0 0.431925 0.513696 0.029208 0.048292