0 0.206548 0.581007 0.191446 0.252412
0 0.304462 0.634393 0.062351 0.075260
0 0.349429 0.762805 0.081158 0.118597
0 0.657810 0.499740 0.032145 0.042653
0 0.234884 0.748326 0.096092 0.110913
0 0.401337 0.632704 0.048772 0.077922
0 0.036269 0.914451 0.072443 0.155844
0 0.562907 0.505786 0.033065 0.060999
0 0.343170 0.474290 0.040944 0.069289
0 0.103224 0.958611 0.145439 0.077141
0 0.722204 0.939020 0.127992 0.121959
0 0.414289 0.568215 0.043763 0.083998
0 0.372243 0.537483 0.037701 0.055807
0 0.592182 0.461324 0.019691 0.034984
0 0.432226 0.520149 0.030769 0.060585
0 0.531486 0.406163 0.019769 0.027543
0 0.102659 0.971930 0.154109 0.056140
0 0.551201 0.459670 0.025792 0.046700