0 0.064064 0.840178 0.128032 0.149240
0 0.352493 0.740592 0.081625 0.114266
0 0.311717 0.625589 0.056990 0.075406
0 0.402693 0.629699 0.045937 0.074510
0 0.243836 0.734522 0.092670 0.108038
0 0.231292 0.559990 0.169085 0.226863
0 0.596339 0.602059 0.050911 0.095252
0 0.696705 0.548606 0.042736 0.056419
0 0.105934 0.970649 0.140781 0.057629
0 0.618105 0.506969 0.031918 0.048832
0 0.567766 0.509061 0.035746 0.062834
0 0.415015 0.567131 0.043275 0.084984
0 0.535874 0.424185 0.022168 0.031427
0 0.375838 0.533674 0.040771 0.054868
0 0.348282 0.466313 0.038575 0.061452
0 0.232637 0.561915 0.168697 0.226768