0 0.189534 0.665328 0.088427 0.102033
0 0.640071 0.514044 0.094944 0.196664
0 0.433961 0.515445 0.034334 0.058738
0 0.307576 0.917660 0.099051 0.148940
0 0.400114 0.645080 0.051318 0.081633
0 0.237752 0.756743 0.097005 0.117523
0 0.565703 0.533201 0.035772 0.059425
0 0.379709 0.507421 0.033400 0.053442
0 0.541150 0.446420 0.023078 0.029757
0 0.744030 0.555412 0.145883 0.227884
0 0.299267 0.534520 0.049804 0.079911
0 0.571842 0.444679 0.019796 0.032467
0 0.299145 0.534968 0.051078 0.082469
0 0.744029 0.555017 0.145518 0.228355
0 0.457063 0.436572 0.022269 0.031325