0 0.329490 0.846954 0.085553 0.131906
0 0.405673 0.622507 0.047098 0.072539
0 0.384878 0.500217 0.033086 0.048286
0 0.575361 0.559450 0.038029 0.064090
0 0.435107 0.506886 0.033702 0.058768
0 0.207972 0.644319 0.083123 0.096926
0 0.658680 0.539978 0.109900 0.228474
0 0.256514 0.718821 0.088939 0.100916
0 0.779627 0.588804 0.171905 0.274269
0 0.543782 0.456987 0.023731 0.028329
0 0.457010 0.434832 0.022582 0.030903
0 0.578193 0.452142 0.021567 0.032045
0 0.307168 0.523461 0.047899 0.074021
0 0.413584 0.444021 0.023426 0.041305
0 0.307481 0.523029 0.047955 0.074127
0 0.526898 0.395622 0.017515 0.026202