0 0.410941 0.604605 0.043826 0.070580
0 0.346670 0.792041 0.077411 0.113199
0 0.828893 0.638490 0.210840 0.329006
0 0.224248 0.626605 0.075570 0.092931
0 0.584656 0.594140 0.044338 0.075989
0 0.273887 0.687940 0.077542 0.094501
0 0.681880 0.577863 0.134437 0.268837
0 0.386142 0.493992 0.034404 0.045436
0 0.547410 0.469711 0.027637 0.030934
0 0.581699 0.460083 0.023975 0.035810
0 0.438862 0.498815 0.028461 0.053462
0 0.314754 0.514098 0.046360 0.070391
0 0.528770 0.400478 0.018695 0.027151
0 0.415606 0.438670 0.023833 0.042252
0 0.314568 0.513497 0.045576 0.068453
0 0.574398 0.395317 0.017706 0.026976