0 0.361240 0.746779 0.070753 0.104549
0 0.414894 0.586794 0.040298 0.062736
0 0.597190 0.635999 0.049980 0.091253
0 0.288248 0.665257 0.067542 0.089139
0 0.234118 0.607846 0.062554 0.087169
0 0.588723 0.471203 0.025691 0.037411
0 0.549076 0.482201 0.029430 0.033746
0 0.439976 0.490951 0.030436 0.053003
0 0.390766 0.485032 0.028778 0.041995
0 0.873683 0.697307 0.251680 0.421982
0 0.711021 0.621011 0.168794 0.330222
0 0.577306 0.396671 0.018758 0.025521
0 0.710978 0.620252 0.168775 0.329107
0 0.322237 0.507736 0.045116 0.068186
0 0.323028 0.507564 0.045706 0.067083
0 0.530043 0.409074 0.020518 0.029134