0 0.173386 0.878957 0.123420 0.155360
0 0.318683 0.615181 0.052211 0.074942
0 0.335085 0.841123 0.109930 0.206915
0 0.743439 0.585998 0.063381 0.091268
0 0.425377 0.550962 0.037101 0.052769
0 0.674838 0.607955 0.049623 0.075369
0 0.593371 0.476439 0.027929 0.039559
0 0.103220 0.791709 0.108355 0.140581
0 0.448684 0.459437 0.025041 0.041769
0 0.658692 0.502989 0.032828 0.042955
0 0.406269 0.464390 0.026173 0.035163
0 0.563012 0.403246 0.021236 0.043222
0 0.600988 0.432700 0.021163 0.028293
0 0.031304 0.868367 0.062363 0.250466
0 0.369744 0.453713 0.027826 0.041677
0 0.451312 0.454958 0.024000 0.039778