0 0.204090 0.820772 0.106857 0.137726
0 0.326560 0.600026 0.049707 0.064885
0 0.430409 0.537550 0.037006 0.052358
0 0.349874 0.789366 0.097321 0.176586
0 0.705399 0.657222 0.060755 0.092498
0 0.050156 0.840736 0.100311 0.259980
0 0.774302 0.618902 0.073522 0.109924
0 0.668145 0.519283 0.041100 0.052404
0 0.132580 0.755284 0.092321 0.134523
0 0.599955 0.487788 0.031957 0.048850
0 0.606834 0.438403 0.025032 0.029121
0 0.565437 0.408615 0.021094 0.040334
0 0.410421 0.459631 0.024153 0.037473
0 0.449252 0.457707 0.023631 0.034908