0 0.230187 0.773513 0.093685 0.118056
0 0.336108 0.586554 0.047960 0.062902
0 0.684624 0.536329 0.041136 0.058689
0 0.813408 0.661780 0.089954 0.127135
0 0.743619 0.722715 0.075074 0.116436
0 0.610429 0.507382 0.036437 0.057864
0 0.433213 0.526569 0.033237 0.052567
0 0.359797 0.746216 0.090154 0.156819
0 0.613572 0.443504 0.021451 0.030086
0 0.065910 0.796870 0.130799 0.236416
0 0.413087 0.455370 0.025349 0.038381
0 0.568967 0.412574 0.023207 0.045085
0 0.066301 0.796992 0.131628 0.236558
0 0.451330 0.453263 0.025206 0.036211
0 0.454005 0.449031 0.022877 0.035435
0 0.376975 0.448531 0.024834 0.038083
0 0.407105 0.453192 0.036097 0.037348