0 0.251707 0.736159 0.084693 0.109403
0 0.340503 0.573481 0.048238 0.061066
0 0.803325 0.818506 0.099627 0.162978
0 0.435028 0.516483 0.033134 0.052438
0 0.623090 0.530438 0.036750 0.055308
0 0.372608 0.706756 0.076723 0.146218
0 0.702494 0.559456 0.047533 0.066954
0 0.866210 0.719794 0.111515 0.162030
0 0.084131 0.757476 0.146004 0.216291
0 0.619209 0.451249 0.025632 0.034571
0 0.084623 0.759243 0.148426 0.216130
0 0.454773 0.445666 0.021635 0.030393
0 0.572017 0.420150 0.025066 0.046723
0 0.865724 0.720207 0.110975 0.162494