0 0.758359 0.710743 0.081782 0.112555
0 0.758797 0.606451 0.057771 0.077627
0 0.195910 0.695496 0.255221 0.440138
0 0.400864 0.593922 0.048595 0.074017
0 0.559834 0.489997 0.030616 0.046922
0 0.376100 0.507524 0.035050 0.043502
0 0.622886 0.688621 0.059832 0.105153
0 0.022925 0.813584 0.045672 0.293409
0 0.567471 0.420750 0.018895 0.026289
0 0.022322 0.813019 0.044403 0.285659
0 0.442176 0.492540 0.035921 0.048408
0 0.599065 0.416048 0.023584 0.040075
0 0.463990 0.413864 0.018118 0.030124
0 0.430456 0.427098 0.019138 0.027273