0 0.269483 0.703282 0.075450 0.101511
0 0.636601 0.559285 0.046861 0.069135
0 0.350245 0.557635 0.040306 0.060234
0 0.890946 0.933034 0.130398 0.132556
0 0.932250 0.798232 0.135501 0.200573
0 0.725431 0.584228 0.053641 0.074369
0 0.380303 0.680940 0.070336 0.123351
0 0.437686 0.506249 0.028394 0.047128
0 0.116106 0.726997 0.130880 0.196431
0 0.627807 0.462871 0.024877 0.032364
0 0.455235 0.439206 0.022055 0.037454
0 0.860642 0.698702 0.078606 0.145888
0 0.381743 0.439933 0.025405 0.039565
0 0.417420 0.448982 0.023838 0.033180