0 0.658475 0.589751 0.052106 0.077671
0 0.286051 0.673411 0.067912 0.087914
0 0.356372 0.548700 0.039011 0.057779
0 0.752292 0.619701 0.066398 0.088064
0 0.388016 0.657869 0.067418 0.120715
0 0.439802 0.497815 0.029738 0.045018
0 0.930737 0.774948 0.099045 0.173108
0 0.580049 0.433596 0.027846 0.055269
0 0.141761 0.698590 0.117795 0.179629
0 0.636428 0.472428 0.025726 0.035204
0 0.970554 0.877723 0.057752 0.194830
0 0.455806 0.437886 0.021198 0.035669
0 0.970693 0.876411 0.057656 0.199029
0 0.142306 0.699769 0.119142 0.179695