0 0.405940 0.593701 0.044480 0.076074
0 0.250664 0.532677 0.151342 0.208146
0 0.246258 0.726163 0.086522 0.110675
0 0.568745 0.523858 0.036553 0.055667
0 0.703307 0.550992 0.043673 0.060088
0 0.895615 0.751076 0.156396 0.254388
0 0.398305 0.440248 0.058716 0.120724
0 0.451777 0.438079 0.021009 0.034057
0 0.534279 0.417383 0.019939 0.029001
0 0.674640 0.895751 0.105586 0.190773
0 0.397981 0.439187 0.057693 0.120576
0 0.596095 0.410473 0.021729 0.039420
0 0.674146 0.897839 0.105678 0.192964
0 0.619467 0.447748 0.019182 0.030677