0 0.184500 0.649697 0.056108 0.083266
0 0.642193 0.551738 0.044568 0.060210
0 0.595707 0.624070 0.051792 0.092850
0 0.788692 0.651538 0.067105 0.094418
0 0.290964 0.966869 0.109050 0.066262
0 0.381174 0.502183 0.029078 0.046221
0 0.543991 0.455810 0.023827 0.041200
0 0.675229 0.501306 0.046746 0.087214
0 0.351315 0.442597 0.064257 0.110254
0 0.260670 0.664819 0.109048 0.185104
0 0.448029 0.463214 0.029237 0.042419
0 0.260900 0.665297 0.110017 0.184635
0 0.588075 0.443522 0.022377 0.037421
0 0.432605 0.393754 0.033753 0.068716
0 0.610194 0.430438 0.021360 0.039282
0 0.675177 0.499910 0.046046 0.087544