0 0.678170 0.609745 0.057836 0.082799
0 0.323942 0.893715 0.102286 0.164998
0 0.877572 0.762830 0.095989 0.138303
0 0.644155 0.774624 0.080712 0.152305
0 0.227074 0.613446 0.063387 0.072999
0 0.549659 0.479900 0.026315 0.046849
0 0.361320 0.437582 0.060048 0.108971
0 0.599120 0.468202 0.026317 0.040294
0 0.451034 0.453532 0.035151 0.039560
0 0.391886 0.484202 0.028534 0.043881
0 0.303229 0.599280 0.082296 0.145160
0 0.706504 0.538484 0.058548 0.107807
0 0.439669 0.387861 0.038761 0.068922
0 0.705945 0.537928 0.058648 0.107272
0 0.303060 0.598909 0.083027 0.141268
0 0.622094 0.444270 0.024695 0.045549