0 0.828125 0.8525390625 0.1142578125 0.142578125
0 0.59375 0.59375 0.052734375 0.0927734375
0 0.2255859375 0.798828125 0.1044921875 0.171875
0 0.62890625 0.5205078125 0.037109375 0.0517578125
0 0.0966796875 0.7978515625 0.123046875 0.1650390625
0 0.677734375 0.609375 0.0537109375 0.0732421875
0 0.796875 0.6328125 0.08984375 0.1474609375
0 0.326171875 0.515625 0.033203125 0.046875
0 0.40234375 0.46484375 0.037109375 0.072265625
0 0.4560546875 0.44140625 0.021484375 0.0361328125
0 0.5517578125 0.474609375 0.02734375 0.0419921875
0 0.7421875 0.603515625 0.0390625 0.0830078125