0 0.6328125 0.5341796875 0.0361328125 0.0556640625
0 0.70703125 0.640625 0.0615234375 0.0791015625
0 0.62109375 0.732421875 0.068359375 0.1123046875
0 0.1435546875 0.7294921875 0.0947265625 0.119140625
0 0.5703125 0.5205078125 0.037109375 0.0654296875
0 0.427734375 0.537109375 0.033203125 0.056640625
0 0.90234375 0.7392578125 0.1201171875 0.1572265625
0 0.3671875 0.462890625 0.025390625 0.03515625
0 0.3154296875 0.6142578125 0.0830078125 0.1669921875
0 0.466796875 0.412109375 0.0224609375 0.0322265625
0 0.5439453125 0.4453125 0.021484375 0.02734375
0 0.3154296875 0.6142578125 0.0830078125 0.16796875
0 0.7236328125 0.55078125 0.0615234375 0.111328125
0 0.6884765625 0.5390625 0.0244140625 0.072265625
0 0.72265625 0.548828125 0.0615234375 0.109375
0 0.4189453125 0.423828125 0.0146484375 0.0322265625