0 0.416015625 0.58984375 0.0419921875 0.06640625
0 0.0546875 0.7802734375 0.1083984375 0.3681640625
0 0.7060546875 0.5478515625 0.044921875 0.0625
0 0.546875 0.4599609375 0.0263671875 0.0390625
0 0.19140625 0.8447265625 0.1162109375 0.154296875
0 0.3486328125 0.5498046875 0.0390625 0.0556640625
0 0.2109375 0.6103515625 0.072265625 0.10546875
0 0.443359375 0.4755859375 0.029296875 0.0498046875
0 0.734375 0.9560546875 0.1240234375 0.0859375
0 0.62109375 0.47265625 0.0283203125 0.0419921875
0 0.39453125 0.4892578125 0.025390625 0.037109375
0 0.412109375 0.4697265625 0.02734375 0.0654296875
0 0.3203125 0.5029296875 0.05078125 0.0830078125
0 0.4609375 0.4169921875 0.0234375 0.044921875