0 0.0908203125 0.744140625 0.181640625 0.421875
0 0.3310546875 0.9228515625 0.109375 0.154296875
0 0.427734375 0.546875 0.037109375 0.056640625
0 0.6572265625 0.515625 0.0361328125 0.056640625
0 0.259765625 0.7216796875 0.080078125 0.1083984375
0 0.365234375 0.51953125 0.033203125 0.048828125
0 0.560546875 0.5078125 0.033203125 0.052734375
0 0.787109375 0.6435546875 0.0693359375 0.0947265625
0 0.2421875 0.5712890625 0.0556640625 0.087890625
0 0.447265625 0.458984375 0.02734375 0.0458984375
0 0.5419921875 0.4296875 0.0185546875 0.0263671875
0 0.3359375 0.4892578125 0.041015625 0.080078125
0 0.62109375 0.4521484375 0.021484375 0.0322265625
0 0.41796875 0.4462890625 0.0224609375 0.0400390625