0 0.580078125 0.52734375 0.0361328125 0.0556640625
0 0.40625 0.5673828125 0.04296875 0.068359375
0 0.6611328125 0.87109375 0.091796875 0.1484375
0 0.4423828125 0.46875 0.02734375 0.0400390625
0 0.642578125 0.5283203125 0.041015625 0.0595703125
0 0.8662109375 0.74609375 0.2666015625 0.4892578125
0 0.91796875 0.6181640625 0.162109375 0.2373046875
0 0.595703125 0.462890625 0.0283203125 0.04296875
0 0.642578125 0.537109375 0.04296875 0.0830078125
0 0.40625 0.3974609375 0.033203125 0.068359375
0 0.40625 0.396484375 0.033203125 0.068359375
0 0.5361328125 0.4169921875 0.0185546875 0.02734375