0 0.62890625 0.75 0.0703125 0.1123046875
0 0.6279296875 0.5107421875 0.0419921875 0.0654296875
0 0.4287109375 0.51171875 0.0361328125 0.0517578125
0 0.412109375 0.4638671875 0.0244140625 0.0458984375
0 0.3671875 0.681640625 0.060546875 0.10546875
0 0.572265625 0.50390625 0.0341796875 0.048828125
0 0.8056640625 0.720703125 0.224609375 0.3515625
0 0.888671875 0.69140625 0.22265625 0.4638671875
0 0.8056640625 0.71875 0.2255859375 0.3544921875
0 0.5341796875 0.41015625 0.0234375 0.0322265625
0 0.396484375 0.40625 0.037109375 0.0791015625
0 0.462890625 0.4306640625 0.0234375 0.0302734375
0 0.3974609375 0.40625 0.0400390625 0.0791015625
0 0.5888671875 0.451171875 0.025390625 0.033203125