0 0.9013671875 0.78515625 0.111328125 0.1181640625
0 0.576171875 0.5537109375 0.037109375 0.05859375
0 0.6259765625 0.517578125 0.0361328125 0.0498046875
0 0.6484375 0.7939453125 0.06640625 0.107421875
0 0.083984375 0.8076171875 0.1220703125 0.16796875
0 0.75 0.5302734375 0.1494140625 0.216796875
0 0.7294921875 0.673828125 0.09765625 0.1669921875
0 0.75 0.5302734375 0.1484375 0.216796875
0 0.3720703125 0.462890625 0.0205078125 0.02734375
0 0.2841796875 0.5771484375 0.048828125 0.068359375
0 0.44921875 0.423828125 0.0263671875 0.0556640625
0 0.291015625 0.5732421875 0.0380859375 0.0654296875