0 0.341796875 0.7978515625 0.083984375 0.1318359375
0 0.568359375 0.53515625 0.0380859375 0.0625
0 0.421875 0.544921875 0.033203125 0.056640625
0 0.111328125 0.7392578125 0.22265625 0.462890625
0 0.6337890625 0.541015625 0.0361328125 0.0595703125
0 0.3173828125 0.6171875 0.05859375 0.078125
0 0.939453125 0.83984375 0.119140625 0.1650390625
0 0.2763671875 0.5625 0.041015625 0.0595703125
0 0.3359375 0.453125 0.0791015625 0.130859375
0 0.4482421875 0.458984375 0.0224609375 0.033203125
0 0.73046875 0.7490234375 0.1435546875 0.296875
0 0.732421875 0.5947265625 0.04296875 0.056640625
0 0.3720703125 0.5087890625 0.044921875 0.0791015625
0 0.41015625 0.4482421875 0.02734375 0.0419921875
0 0.28125 0.5595703125 0.05078125 0.0693359375
0 0.62890625 0.4658203125 0.017578125 0.0302734375