0 0.341796875 0.576171875 0.0478515625 0.0654296875
0 0.12890625 0.6650390625 0.2568359375 0.3740234375
0 0.373046875 0.69140625 0.0615234375 0.0947265625
0 0.697265625 0.6533203125 0.0615234375 0.0927734375
0 0.837890625 0.7041015625 0.0927734375 0.1376953125
0 0.609375 0.6611328125 0.05859375 0.1123046875
0 0.431640625 0.5146484375 0.029296875 0.044921875
0 0.2978515625 0.537109375 0.033203125 0.0517578125
0 0.08984375 0.953125 0.138671875 0.08984375
0 0.658203125 0.5009765625 0.0244140625 0.04296875
0 0.3486328125 0.44140625 0.0693359375 0.1162109375
0 0.60546875 0.4482421875 0.0244140625 0.0322265625
0 0.5458984375 0.4365234375 0.017578125 0.03515625