0 0.8583984375 0.6396484375 0.2548828125 0.34765625
0 0.6201171875 0.66796875 0.05859375 0.08984375
0 0.267578125 0.7158203125 0.07421875 0.1162109375
0 0.5673828125 0.5087890625 0.03125 0.046875
0 0.3671875 0.736328125 0.078125 0.1416015625
0 0.6513671875 0.564453125 0.0439453125 0.0625
0 0.8818359375 0.939453125 0.1455078125 0.115234375
0 0.4501953125 0.4462890625 0.0224609375 0.033203125
0 0.3857421875 0.4619140625 0.0244140625 0.03515625
0 0.6474609375 0.4384765625 0.064453125 0.1142578125
0 0.544921875 0.4404296875 0.021484375 0.03515625
0 0.3271484375 0.5205078125 0.0283203125 0.046875
0 0.0771484375 0.7998046875 0.080078125 0.1259765625
0 0.095703125 0.7802734375 0.119140625 0.16796875
0 0.6943359375 0.5283203125 0.0322265625 0.0458984375
0 0.5859375 0.4345703125 0.033203125 0.044921875
0 0.388671875 0.4580078125 0.025390625 0.037109375
0 0.609375 0.48046875 0.041015625 0.0712890625