0 0.23046875 0.556640625 0.162109375 0.232421875
0 0.244140625 0.744140625 0.0947265625 0.1083984375
0 0.6650390625 0.525390625 0.044921875 0.0556640625
0 0.80859375 0.6845703125 0.068359375 0.1025390625
0 0.40625 0.57421875 0.04296875 0.05859375
0 0.578125 0.52734375 0.037109375 0.0498046875
0 0.443359375 0.47265625 0.025390625 0.037109375
0 0.380859375 0.513671875 0.0341796875 0.044921875
0 0.3359375 0.4931640625 0.03125 0.0419921875
0 0.462890625 0.4228515625 0.017578125 0.029296875
0 0.4033203125 0.45703125 0.041015625 0.0625