0 0.595703125 0.5986328125 0.046875 0.0751953125
0 0.37890625 0.7021484375 0.0673828125 0.0986328125
0 0.4189453125 0.560546875 0.037109375 0.0615234375
0 0.83984375 0.673828125 0.2548828125 0.3759765625
0 0.5576171875 0.5009765625 0.0361328125 0.05859375
0 0.3955078125 0.4794921875 0.029296875 0.0400390625
0 0.275390625 0.6201171875 0.1005859375 0.1875
0 0.275390625 0.62109375 0.1005859375 0.1875
0 0.330078125 0.5 0.029296875 0.0419921875
0 0.17578125 0.6494140625 0.099609375 0.1455078125
0 0.6220703125 0.462890625 0.021484375 0.02734375
0 0.453125 0.4521484375 0.0244140625 0.0390625
0 0.625 0.462890625 0.01953125 0.025390625
0 0.4296875 0.4248046875 0.02734375 0.03515625