0 0.392578125 0.5634765625 0.0458984375 0.0595703125
0 0.4267578125 0.513671875 0.03515625 0.048828125
0 0.5966796875 0.6044921875 0.048828125 0.076171875
0 0.154296875 0.7509765625 0.306640625 0.48046875
0 0.3359375 0.8955078125 0.103515625 0.1904296875
0 0.3662109375 0.525390625 0.0322265625 0.0537109375
0 0.314453125 0.5126953125 0.0390625 0.0458984375
0 0.69140625 0.6240234375 0.06640625 0.091796875
0 0.642578125 0.474609375 0.025390625 0.03515625
0 0.5439453125 0.4482421875 0.021484375 0.0361328125
0 0.3818359375 0.412109375 0.0458984375 0.0888671875
0 0.3818359375 0.4111328125 0.0458984375 0.0888671875
0 0.453125 0.447265625 0.021484375 0.0302734375
0 0.603515625 0.484375 0.029296875 0.0458984375
0 0.42578125 0.4296875 0.021484375 0.03515625