0 0.33203125 0.603515625 0.0576171875 0.0712890625
0 0.365234375 0.7587890625 0.0712890625 0.1123046875
0 0.1533203125 0.712890625 0.0947265625 0.0986328125
0 0.216796875 0.78515625 0.095703125 0.1220703125
0 0.30078125 0.48828125 0.1025390625 0.1611328125
0 0.431640625 0.5 0.03125 0.0458984375
0 0.5458984375 0.4453125 0.021484375 0.0322265625
0 0.677734375 0.517578125 0.033203125 0.052734375
0 0.4052734375 0.46875 0.02734375 0.037109375
0 0.9375 0.876953125 0.1240234375 0.203125
0 0.59375 0.4765625 0.0244140625 0.0390625
0 0.6103515625 0.4462890625 0.0185546875 0.025390625
0 0.4521484375 0.44140625 0.021484375 0.029296875
0 0.5693359375 0.4267578125 0.0205078125 0.0263671875