0 0.4208984375 0.548828125 0.0361328125 0.0751953125
0 0.583984375 0.5654296875 0.0400390625 0.06640625
0 0.630859375 0.5244140625 0.037109375 0.05859375
0 0.3427734375 0.5634765625 0.0498046875 0.0751953125
0 0.8642578125 0.79296875 0.271484375 0.400390625
0 0.6767578125 0.921875 0.109375 0.15234375
0 0.3798828125 0.46484375 0.025390625 0.033203125
0 0.548828125 0.4462890625 0.029296875 0.0498046875
0 0.41796875 0.3818359375 0.029296875 0.0654296875
0 0.44921875 0.458984375 0.029296875 0.056640625
0 0.41796875 0.3798828125 0.029296875 0.0654296875
0 0.5947265625 0.4521484375 0.025390625 0.0322265625