0 0.6123046875 0.6728515625 0.0625 0.091796875
0 0.578125 0.546875 0.0361328125 0.056640625
0 0.3857421875 0.6533203125 0.0576171875 0.095703125
0 0.3681640625 0.4697265625 0.025390625 0.033203125
0 0.7109375 0.6015625 0.095703125 0.1748046875
0 0.7197265625 0.96875 0.107421875 0.0625
0 0.4375 0.5244140625 0.037109375 0.0634765625
0 0.802734375 0.6337890625 0.0947265625 0.12890625
0 0.1279296875 0.751953125 0.255859375 0.4833984375
0 0.6640625 0.494140625 0.033203125 0.0361328125
0 0.5693359375 0.421875 0.0244140625 0.033203125
0 0.6640625 0.5048828125 0.0341796875 0.0556640625
0 0.6005859375 0.47265625 0.025390625 0.033203125