0 0.3876953125 0.6728515625 0.0625 0.091796875
0 0.421875 0.546875 0.0361328125 0.056640625
0 0.6142578125 0.6533203125 0.0576171875 0.095703125
0 0.6318359375 0.4697265625 0.025390625 0.033203125
0 0.2890625 0.6015625 0.095703125 0.1748046875
0 0.2802734375 0.96875 0.107421875 0.0625
0 0.5625 0.5244140625 0.037109375 0.0634765625
0 0.197265625 0.6337890625 0.0947265625 0.12890625
0 0.8720703125 0.751953125 0.255859375 0.4833984375
0 0.3359375 0.494140625 0.033203125 0.0361328125
0 0.4306640625 0.421875 0.0244140625 0.033203125
0 0.3359375 0.5048828125 0.0341796875 0.0556640625
0 0.3994140625 0.47265625 0.025390625 0.033203125