0 0.736328125 0.693359375 0.068359375 0.1044921875
0 0.796875 0.2890625 0.80078125 0.2890625 0.8046875 0.296875 0.8046875 0.302734375 0.802734375 0.3046875 0.794921875 0.3046875 0.79296875 0.302734375 0.79296875 0.294921875 0.796875 0.291015625
0 0.728515625 0.646484375 0.73046875 0.6484375 0.751953125 0.6484375 0.763671875 0.669921875 0.765625 0.724609375 0.763671875 0.7265625 0.763671875 0.736328125 0.759765625 0.740234375 0.73046875 0.73828125 0.708984375 0.73046875 0.703125 0.712890625 0.705078125 0.6640625 0.71875 0.646484375 0.72265625 0.64453125 0.7265625 0.646484375
0 0.65234375 0.3046875 0.0205078125 0.03125
0 0.849609375 0.26171875 0.853515625 0.265625 0.853515625 0.279296875 0.84375 0.279296875 0.84375 0.263671875 0.84765625 0.26171875
0 0.833984375 0.255859375 0.833984375 0.25 0.8359375 0.248046875 0.841796875 0.251953125 0.841796875 0.255859375 0.8359375 0.255859375
0 0.814453125 0.28125 0.818359375 0.287109375 0.818359375 0.29296875 0.81640625 0.294921875 0.80859375 0.294921875 0.806640625 0.29296875 0.806640625 0.28515625 0.8125 0.28125
0 0.71875 0.21484375 0.724609375 0.21484375 0.73046875 0.21875 0.728515625 0.232421875 0.724609375 0.234375 0.71875 0.232421875 0.71875 0.2265625 0.716796875 0.224609375 0.71875 0.22265625 0.71875 0.216796875
0 0.83203125 0.29296875 0.830078125 0.2890625 0.830078125 0.283203125 0.83203125 0.28125 0.841796875 0.28125 0.841796875 0.29296875 0.833984375 0.29296875
0 0.673828125 0.306640625 0.677734375 0.30859375 0.677734375 0.330078125 0.6640625 0.330078125 0.66015625 0.326171875 0.6640625 0.30859375 0.666015625 0.306640625 0.671875 0.306640625
0 0.8203125 0.2890625 0.828125 0.2890625 0.830078125 0.29296875 0.830078125 0.302734375 0.822265625 0.3046875 0.818359375 0.302734375 0.8203125 0.291015625
0 0.587890625 0.3359375 0.591796875 0.34375 0.591796875 0.35546875 0.58984375 0.357421875 0.5703125 0.357421875 0.5703125 0.33984375 0.576171875 0.3359375 0.5859375 0.3359375
0 0.82421875 0.2734375 0.826171875 0.287109375 0.818359375 0.287109375 0.81640625 0.283203125 0.818359375 0.275390625 0.822265625 0.2734375
0 0.716796875 0.28125 0.72265625 0.28125 0.724609375 0.283203125 0.724609375 0.294921875 0.71875 0.302734375 0.716796875 0.302734375 0.712890625 0.294921875 0.712890625 0.2890625 0.716796875 0.283203125