0 0.6865234375 0.9052734375 0.1083984375 0.1669921875
0 0.298828125 0.9169921875 0.11328125 0.1650390625
0 0.76171875 0.6044921875 0.0654296875 0.0751953125
0 0.8681640625 0.849609375 0.2001953125 0.287109375
0 0.6357421875 0.5361328125 0.0400390625 0.0498046875
0 0.572265625 0.5380859375 0.0341796875 0.052734375
0 0.6005859375 0.44140625 0.052734375 0.0947265625
0 0.1669921875 0.853515625 0.1484375 0.24609375
0 0.3984375 0.580078125 0.0478515625 0.08203125
0 0.3828125 0.4462890625 0.0224609375 0.029296875
0 0.458984375 0.4384765625 0.025390625 0.0390625
0 0.66796875 0.4970703125 0.0302734375 0.0419921875
0 0.4306640625 0.423828125 0.017578125 0.02734375
0 0.5458984375 0.4453125 0.0244140625 0.0302734375
0 0.3388671875 0.5048828125 0.03515625 0.0498046875
0 0.1796875 0.6044921875 0.21875 0.349609375
0 0.869140625 0.8505859375 0.2041015625 0.29296875
0 0.1796875 0.6025390625 0.21875 0.34765625