0 0.38671875 0.6552734375 0.0556640625 0.08203125
0 0.736328125 0.5947265625 0.056640625 0.080078125
0 0.4130859375 0.4267578125 0.044921875 0.080078125
0 0.591796875 0.462890625 0.0244140625 0.0361328125
0 0.3876953125 0.494140625 0.0322265625 0.0419921875
0 0.55859375 0.5009765625 0.0322265625 0.0556640625
0 0.65234375 0.4853515625 0.0302734375 0.0390625
0 0.439453125 0.4892578125 0.029296875 0.0419921875
0 0.3076171875 0.5244140625 0.0439453125 0.0556640625
0 0.75390625 0.8974609375 0.111328125 0.203125
0 0.2734375 0.6376953125 0.09765625 0.16796875
0 0.2734375 0.6376953125 0.09765625 0.1669921875