0 0.1708984375 0.859375 0.13671875 0.1708984375
0 0.4189453125 0.552734375 0.0380859375 0.05859375
0 0.357421875 0.7529296875 0.080078125 0.1181640625
0 0.931640625 0.830078125 0.1298828125 0.1787109375
0 0.634765625 0.5380859375 0.0380859375 0.0595703125
0 0.6025390625 0.6474609375 0.0537109375 0.10546875
0 0.40625 0.466796875 0.0263671875 0.037109375
0 0.423828125 0.41015625 0.0390625 0.068359375
0 0.7138671875 0.556640625 0.046875 0.0595703125
0 0.3349609375 0.548828125 0.0615234375 0.111328125
0 0.5791015625 0.4384765625 0.0205078125 0.0322265625
0 0.44921875 0.458984375 0.0244140625 0.037109375