0 0.162109375 0.892578125 0.1259765625 0.19140625
0 0.58984375 0.5703125 0.0419921875 0.0634765625
0 0.072265625 0.8037109375 0.123046875 0.16015625
0 0.447265625 0.45703125 0.0234375 0.037109375
0 0.6923828125 0.6171875 0.056640625 0.08984375
0 0.876953125 0.751953125 0.1025390625 0.115234375
0 0.376953125 0.5126953125 0.0322265625 0.0498046875
0 0.560546875 0.4853515625 0.03125 0.0400390625
0 0.3515625 0.482421875 0.0302734375 0.037109375
0 0.576171875 0.4365234375 0.025390625 0.03515625
0 0.56640625 0.3955078125 0.0322265625 0.0556640625
0 0.625 0.4853515625 0.044921875 0.08203125
0 0.6767578125 0.611328125 0.04296875 0.0830078125