0 0.3369140625 0.5732421875 0.048828125 0.078125
0 0.564453125 0.4892578125 0.029296875 0.0458984375
0 0.421875 0.533203125 0.037109375 0.048828125
0 0.65625 0.568359375 0.0478515625 0.068359375
0 0.6767578125 0.5107421875 0.03515625 0.046875
0 0.1982421875 0.66015625 0.0751953125 0.087890625
0 0.4443359375 0.46875 0.02734375 0.0390625
0 0.462890625 0.421875 0.025390625 0.0400390625
0 0.435546875 0.3955078125 0.033203125 0.05859375
0 0.0166015625 0.8603515625 0.033203125 0.263671875
0 0.435546875 0.3955078125 0.0322265625 0.0625
0 0.38671875 0.4677734375 0.041015625 0.0791015625