0 0.8095703125 0.8349609375 0.123046875 0.1513671875
0 0.904296875 0.7587890625 0.1904296875 0.431640625
0 0.634765625 0.52734375 0.0400390625 0.0615234375
0 0.666015625 0.861328125 0.1005859375 0.1708984375
0 0.4072265625 0.572265625 0.044921875 0.0712890625
0 0.2626953125 0.5849609375 0.0537109375 0.0712890625
0 0.2333984375 0.755859375 0.091796875 0.140625
0 0.56640625 0.4921875 0.029296875 0.0419921875
0 0.736328125 0.576171875 0.0458984375 0.068359375
0 0.9052734375 0.6826171875 0.189453125 0.27734375
0 0.5478515625 0.447265625 0.021484375 0.029296875
0 0.4599609375 0.4140625 0.013671875 0.029296875
0 0.462890625 0.4150390625 0.017578125 0.03515625
0 0.5986328125 0.4482421875 0.033203125 0.0712890625