0 0.111328125 0.7119140625 0.22265625 0.396484375
0 0.76953125 0.6259765625 0.0634765625 0.0849609375
0 0.6083984375 0.6181640625 0.052734375 0.087890625
0 0.228515625 0.7705078125 0.1015625 0.1279296875
0 0.37109375 0.515625 0.0380859375 0.0556640625
0 0.4375 0.482421875 0.029296875 0.03515625
0 0.357421875 0.7822265625 0.083984375 0.1357421875
0 0.8515625 0.892578125 0.1328125 0.1982421875
0 0.283203125 0.55859375 0.046875 0.0595703125
0 0.453125 0.44140625 0.021484375 0.0322265625
0 0.5419921875 0.423828125 0.0126953125 0.0263671875