0 0.8017578125 0.8369140625 0.140625 0.2109375
0 0.421875 0.533203125 0.033203125 0.05859375
0 0.6435546875 0.5419921875 0.037109375 0.0556640625
0 0.5673828125 0.5361328125 0.033203125 0.0537109375
0 0.7353515625 0.537109375 0.1259765625 0.177734375
0 0.599609375 0.4697265625 0.0302734375 0.0390625
0 0.5478515625 0.455078125 0.0283203125 0.0390625
0 0.4580078125 0.4365234375 0.021484375 0.0390625
0 0.4189453125 0.3837890625 0.02734375 0.0517578125
0 0.4208984375 0.44140625 0.0185546875 0.029296875
0 0.640625 0.455078125 0.05859375 0.1220703125