0 0.3896484375 0.6435546875 0.0498046875 0.0849609375
0 0.583984375 0.5751953125 0.0390625 0.0625
0 0.669921875 0.587890625 0.0458984375 0.0625
0 0.623046875 0.65234375 0.052734375 0.0849609375
0 0.3671875 0.5517578125 0.041015625 0.056640625
0 0.1689453125 0.900390625 0.119140625 0.1904296875
0 0.2978515625 0.5537109375 0.0419921875 0.05859375
0 0.779296875 0.759765625 0.119140625 0.169921875
0 0.619140625 0.5126953125 0.0390625 0.046875
0 0.7255859375 0.5634765625 0.0390625 0.056640625
0 0.6494140625 0.443359375 0.06640625 0.115234375
0 0.8779296875 0.7197265625 0.1201171875 0.15234375
0 0.4560546875 0.4462890625 0.0205078125 0.033203125
0 0.548828125 0.443359375 0.0244140625 0.0322265625
0 0.5908203125 0.3974609375 0.0390625 0.0859375