0 0.6103515625 0.6435546875 0.0498046875 0.0849609375
0 0.416015625 0.5751953125 0.0390625 0.0625
0 0.330078125 0.587890625 0.0458984375 0.0625
0 0.376953125 0.65234375 0.052734375 0.0849609375
0 0.6328125 0.5517578125 0.041015625 0.056640625
0 0.8310546875 0.900390625 0.119140625 0.1904296875
0 0.7021484375 0.5537109375 0.0419921875 0.05859375
0 0.220703125 0.759765625 0.119140625 0.169921875
0 0.380859375 0.5126953125 0.0390625 0.046875
0 0.2744140625 0.5634765625 0.0390625 0.056640625
0 0.3505859375 0.443359375 0.06640625 0.115234375
0 0.1220703125 0.7197265625 0.1201171875 0.15234375
0 0.5439453125 0.4462890625 0.0205078125 0.033203125
0 0.451171875 0.443359375 0.0244140625 0.0322265625
0 0.4091796875 0.3974609375 0.0390625 0.0859375