0 0.2626953125 0.5849609375 0.056640625 0.0712890625
0 0.716796875 0.6875 0.068359375 0.1015625
0 0.55078125 0.4541015625 0.0244140625 0.044921875
0 0.619140625 0.423828125 0.05078125 0.091796875
0 0.0546875 0.8525390625 0.109375 0.154296875
0 0.359375 0.4462890625 0.05859375 0.095703125
0 0.3916015625 0.5205078125 0.04296875 0.0654296875
0 0.619140625 0.423828125 0.0517578125 0.0927734375
0 0.623046875 0.712890625 0.0703125 0.1552734375
0 0.453125 0.4521484375 0.021484375 0.029296875
0 0.623046875 0.7138671875 0.0712890625 0.154296875
0 0.404296875 0.490234375 0.408203125 0.494140625 0.408203125 0.5 0.412109375 0.5078125 0.412109375 0.533203125 0.408203125 0.544921875 0.404296875 0.548828125 0.404296875 0.552734375 0.3984375 0.552734375 0.388671875 0.548828125 0.375 0.552734375 0.373046875 0.53515625 0.37109375 0.533203125 0.373046875 0.50390625 0.37890625 0.4921875 0.384765625 0.490234375 0.40234375 0.490234375
0 0.548828125 0.380859375 0.5546875 0.380859375 0.55859375 0.38671875 0.55859375 0.3984375 0.556640625 0.400390625 0.55078125 0.400390625 0.546875 0.3984375 0.546875 0.384765625 0.548828125 0.3828125
0 0.5625 0.373046875 0.56640625 0.373046875 0.5703125 0.37890625 0.5703125 0.38671875 0.56640625 0.388671875 0.5625 0.38671875 0.5625 0.375
0 0.59765625 0.642578125 0.6015625 0.640625 0.623046875 0.640625 0.634765625 0.646484375 0.640625 0.658203125 0.650390625 0.693359375 0.650390625 0.703125 0.654296875 0.712890625 0.654296875 0.732421875 0.65625 0.734375 0.65625 0.78125 0.654296875 0.787109375 0.6484375 0.787109375 0.64453125 0.783203125 0.62890625 0.783203125 0.6171875 0.779296875 0.609375 0.783203125 0.6015625 0.779296875 0.59765625 0.755859375 0.591796875 0.744140625 0.591796875 0.736328125 0.58984375 0.734375 0.58984375 0.6796875 0.591796875 0.677734375 0.591796875 0.66796875 0.59375 0.666015625 0.59765625 0.64453125
0 0.458984375 0.4375 0.462890625 0.44921875 0.462890625 0.46484375 0.4609375 0.466796875 0.4453125 0.466796875 0.443359375 0.46484375 0.4453125 0.439453125 0.447265625 0.4375 0.45703125 0.4375
0 0.46875 0.3525390625 0.0166015625 0.025390625
0 0.447265625 0.3671875 0.45703125 0.365234375 0.4609375 0.375 0.458984375 0.390625 0.453125 0.392578125 0.4453125 0.3828125 0.447265625 0.369140625
0 0.07421875 0.783203125 0.083984375 0.787109375 0.103515625 0.78515625 0.107421875 0.7890625 0.107421875 0.83984375 0.103515625 0.845703125 0.095703125 0.84765625 0.08203125 0.865234375 0.064453125 0.8828125 0.05859375 0.908203125 0.048828125 0.916015625 0.03515625 0.912109375 0.033203125 0.9140625 0.013671875 0.9140625 0.01171875 0.916015625 0 0.912109375 0 0.80859375 0.01953125 0.7890625 0.033203125 0.78515625 0.0546875 0.78515625 0.068359375 0.78125 0.072265625 0.783203125
0 0.484375 0.373046875 0.482421875 0.36328125 0.486328125 0.357421875 0.490234375 0.361328125 0.490234375 0.373046875 0.486328125 0.373046875
0 0.400390625 0.447265625 0.412109375 0.447265625 0.41796875 0.458984375 0.416015625 0.474609375 0.412109375 0.4765625 0.408203125 0.474609375 0.396484375 0.4765625 0.39453125 0.474609375 0.39453125 0.458984375 0.400390625 0.44921875
0 0.59765625 0.380859375 0.619140625 0.380859375 0.640625 0.390625 0.640625 0.421875 0.64453125 0.43359375 0.642578125 0.4375 0.642578125 0.4609375 0.640625 0.462890625 0.640625 0.46875 0.63671875 0.470703125 0.634765625 0.46875 0.6171875 0.46875 0.609375 0.4609375 0.607421875 0.453125 0.59765625 0.439453125 0.59765625 0.427734375 0.595703125 0.42578125 0.595703125 0.388671875 0.59765625 0.3828125
0 0.46484375 0.365234375 0.46875 0.3671875 0.470703125 0.375 0.466796875 0.37890625 0.462890625 0.37890625 0.4609375 0.376953125 0.4609375 0.3671875 0.462890625 0.3671875
0 0.498046875 0.3359375 0.501953125 0.341796875 0.498046875 0.35546875 0.4921875 0.35546875 0.490234375 0.3515625 0.490234375 0.341796875 0.49609375 0.3359375
0 0.447265625 0.38671875 0.451171875 0.390625 0.451171875 0.408203125 0.439453125 0.408203125 0.439453125 0.392578125 0.4453125 0.38671875
0 0.3828125 0.40234375 0.3828125 0.380859375 0.396484375 0.37109375 0.40234375 0.37109375 0.404296875 0.369140625 0.412109375 0.37109375 0.416015625 0.380859375 0.416015625 0.392578125 0.4140625 0.39453125 0.416015625 0.419921875 0.412109375 0.427734375 0.404296875 0.43359375 0.390625 0.43359375 0.390625 0.419921875 0.384765625 0.40234375
0 0.552734375 0.4560546875 0.025390625 0.0400390625
0 0.724609375 0.64453125 0.73046875 0.654296875 0.748046875 0.701171875 0.748046875 0.728515625 0.74609375 0.734375 0.736328125 0.734375 0.734375 0.736328125 0.71484375 0.734375 0.701171875 0.73046875 0.69921875 0.728515625 0.697265625 0.712890625 0.68359375 0.6953125 0.68359375 0.6640625 0.685546875 0.662109375 0.685546875 0.654296875 0.69140625 0.642578125 0.69921875 0.638671875 0.705078125 0.638671875 0.70703125 0.640625 0.71875 0.640625 0.72265625 0.64453125
0 0.419921875 0.400390625 0.01171875 0.0224609375
0 0.57421875 0.38671875 0.578125 0.38671875 0.583984375 0.39453125 0.583984375 0.40234375 0.57421875 0.404296875 0.5703125 0.3984375 0.5703125 0.39453125 0.57421875 0.388671875
0 0.54296875 0.36328125 0.548828125 0.37109375 0.548828125 0.37890625 0.546875 0.380859375 0.541015625 0.37890625 0.5390625 0.376953125 0.5390625 0.3671875 0.54296875 0.365234375
0 0.4765625 0.37109375 0.48046875 0.37109375 0.484375 0.375 0.484375 0.3828125 0.48046875 0.392578125 0.47265625 0.392578125 0.470703125 0.390625 0.470703125 0.3828125 0.47265625 0.380859375 0.47265625 0.375 0.4765625 0.373046875
0 0.384765625 0.404296875 0.38671875 0.41015625 0.38671875 0.443359375 0.388671875 0.4453125 0.38671875 0.462890625 0.375 0.48046875 0.3671875 0.48828125 0.3359375 0.48828125 0.333984375 0.486328125 0.33203125 0.482421875 0.33203125 0.419921875 0.3515625 0.404296875 0.36328125 0.400390625 0.380859375 0.400390625 0.3828125 0.404296875
0 0.4453125 0.3828125 0.439453125 0.375 0.439453125 0.369140625 0.447265625 0.365234375 0.4453125 0.380859375
0 0.41796875 0.435546875 0.41796875 0.421875 0.421875 0.4140625 0.427734375 0.41015625 0.435546875 0.416015625 0.435546875 0.435546875 0.419921875 0.435546875
0 0.52734375 0.3671875 0.529296875 0.369140625 0.529296875 0.380859375 0.52734375 0.3828125 0.5234375 0.3828125 0.51953125 0.37890625 0.51953125 0.373046875 0.525390625 0.3671875
0 0.552734375 0.365234375 0.560546875 0.3671875 0.560546875 0.380859375 0.552734375 0.375 0.552734375 0.3671875
0 0.279296875 0.556640625 0.291015625 0.568359375 0.291015625 0.595703125 0.28515625 0.59765625 0.279296875 0.603515625 0.279296875 0.609375 0.275390625 0.615234375 0.248046875 0.615234375 0.2421875 0.619140625 0.23828125 0.6171875 0.234375 0.607421875 0.234375 0.587890625 0.244140625 0.564453125 0.248046875 0.55859375 0.2578125 0.5546875 0.275390625 0.5546875 0.27734375 0.556640625
0 0.470703125 0.400390625 0.474609375 0.404296875 0.474609375 0.421875 0.4609375 0.421875 0.458984375 0.41796875 0.4609375 0.40234375 0.462890625 0.400390625 0.46875 0.400390625