0 0.3671875 0.7333984375 0.0703125 0.1083984375
0 0.345703125 0.55859375 0.0419921875 0.05859375
0 0.6708984375 0.513671875 0.037109375 0.0517578125
0 0.6552734375 0.572265625 0.05078125 0.076171875
0 0.8828125 0.7607421875 0.103515625 0.1376953125
0 0.15625 0.9052734375 0.1318359375 0.1650390625
0 0.392578125 0.4873046875 0.029296875 0.04296875
0 0.689453125 0.84765625 0.1083984375 0.224609375
0 0.3154296875 0.5224609375 0.037109375 0.046875
0 0.4501953125 0.46484375 0.029296875 0.0419921875
0 0.5888671875 0.4482421875 0.021484375 0.033203125
0 0.556640625 0.421875 0.017578125 0.025390625
0 0.689453125 0.84765625 0.1083984375 0.224609375
0 0.609375 0.44140625 0.0205078125 0.0234375
0 0.453125 0.4482421875 0.0341796875 0.068359375