0 0.708984375 0.919921875 0.107421875 0.16015625
0 0.7021484375 0.6767578125 0.06640625 0.0986328125
0 0.42578125 0.541015625 0.03515625 0.056640625
0 0.3984375 0.59765625 0.046875 0.0712890625
0 0.783203125 0.650390625 0.0654296875 0.0888671875
0 0.5556640625 0.4775390625 0.0263671875 0.0419921875
0 0.2734375 0.669921875 0.087890625 0.1279296875
0 0.2998046875 0.537109375 0.037109375 0.046875
0 0.3515625 0.5537109375 0.0390625 0.0556640625
0 0.361328125 0.4326171875 0.05859375 0.1044921875
0 0.1845703125 0.6474609375 0.087890625 0.1220703125
0 0.4130859375 0.392578125 0.0380859375 0.080078125