0 0.64453125 0.5458984375 0.0390625 0.056640625
0 0.265625 0.67578125 0.078125 0.1123046875
0 0.40234375 0.5634765625 0.0419921875 0.06640625
0 0.638671875 0.7607421875 0.078125 0.1259765625
0 0.77734375 0.609375 0.0634765625 0.080078125
0 0.564453125 0.4951171875 0.033203125 0.0419921875
0 0.58984375 0.458984375 0.025390625 0.037109375
0 0.4326171875 0.4248046875 0.0185546875 0.0234375
0 0.2890625 0.5732421875 0.0400390625 0.048828125
0 0.4033203125 0.42578125 0.01953125 0.025390625
0 0.2919921875 0.5634765625 0.0380859375 0.05859375
0 0.623046875 0.451171875 0.021484375 0.0302734375