0 0.875 0.744140625 0.099609375 0.1083984375
0 0.6328125 0.751953125 0.072265625 0.1162109375
0 0.578125 0.5537109375 0.0380859375 0.0595703125
0 0.7138671875 0.6650390625 0.068359375 0.095703125
0 0.3974609375 0.484375 0.025390625 0.04296875
0 0.365234375 0.4736328125 0.025390625 0.0361328125
0 0.6025390625 0.474609375 0.0283203125 0.0390625
0 0.689453125 0.515625 0.0400390625 0.0556640625
0 0.546875 0.4423828125 0.025390625 0.0322265625
0 0.5703125 0.419921875 0.025390625 0.033203125
0 0.462890625 0.4306640625 0.0224609375 0.0322265625