0 0.1552734375 0.7099609375 0.087890625 0.09765625
0 0.3720703125 0.7490234375 0.07421875 0.12109375
0 0.193359375 0.798828125 0.115234375 0.1650390625
0 0.318359375 0.6162109375 0.056640625 0.0751953125
0 0.794921875 0.671875 0.078125 0.1044921875
0 0.8603515625 0.90234375 0.13671875 0.193359375
0 0.3798828125 0.5029296875 0.0322265625 0.0517578125
0 0.5869140625 0.61328125 0.048828125 0.080078125
0 0.4326171875 0.51953125 0.03125 0.048828125
0 0.29296875 0.5458984375 0.04296875 0.0498046875
0 0.640625 0.4794921875 0.02734375 0.03515625
0 0.44921875 0.4599609375 0.025390625 0.033203125
0 0.369140625 0.453125 0.0283203125 0.0390625
0 0.6044921875 0.435546875 0.021484375 0.02734375