0 0.375 0.7099609375 0.064453125 0.1044921875
0 0.544921875 0.44921875 0.025390625 0.0322265625
0 0.68359375 0.640625 0.060546875 0.087890625
0 0.0205078125 0.9140625 0.041015625 0.1044921875
0 0.7109375 0.5732421875 0.048828125 0.06640625
0 0.36328125 0.5263671875 0.044921875 0.072265625
0 0.19921875 0.6396484375 0.064453125 0.078125
0 0.193359375 0.8291015625 0.12109375 0.1669921875
0 0.5595703125 0.49609375 0.0322265625 0.0458984375
0 0.390625 0.421875 0.0439453125 0.119140625
0 0.431640625 0.4951171875 0.0302734375 0.0400390625
0 0.451171875 0.46484375 0.025390625 0.044921875
0 0.400390625 0.474609375 0.025390625 0.0361328125
0 0.3046875 0.515625 0.037109375 0.0615234375
0 0.591796875 0.4150390625 0.01953125 0.0234375
0 0.5810546875 0.451171875 0.025390625 0.03515625
0 0.3583984375 0.4697265625 0.025390625 0.03515625
0 0.310546875 0.5107421875 0.044921875 0.06640625