0 0.68359375 0.6142578125 0.05078125 0.0791015625
0 0.38671875 0.6923828125 0.056640625 0.09765625
0 0.318359375 0.59765625 0.0498046875 0.06640625
0 0.5537109375 0.4736328125 0.029296875 0.04296875
0 0.740234375 0.59375 0.048828125 0.068359375
0 0.421875 0.4990234375 0.03125 0.0419921875
0 0.3974609375 0.47265625 0.029296875 0.0361328125
0 0.2939453125 0.529296875 0.0390625 0.0537109375
0 0.4521484375 0.4443359375 0.021484375 0.02734375
0 0.4296875 0.3935546875 0.033203125 0.0830078125
0 0.11328125 0.7138671875 0.224609375 0.4111328125
0 0.578125 0.4287109375 0.01953125 0.0322265625