0 0.134765625 0.6572265625 0.2685546875 0.3857421875
0 0.3427734375 0.5751953125 0.0439453125 0.05859375
0 0.2626953125 0.716796875 0.0771484375 0.1015625
0 0.3740234375 0.5087890625 0.0361328125 0.0517578125
0 0.408203125 0.58984375 0.0478515625 0.0751953125
0 0.6923828125 0.53125 0.0390625 0.052734375
0 0.8037109375 0.673828125 0.0791015625 0.111328125
0 0.435546875 0.48046875 0.0302734375 0.0390625
0 0.634765625 0.728515625 0.064453125 0.119140625
0 0.59375 0.46484375 0.021484375 0.03515625
0 0.64453125 0.548828125 0.0439453125 0.078125
0 0.455078125 0.4365234375 0.0224609375 0.037109375
0 0.5478515625 0.4365234375 0.0234375 0.03515625
0 0.4267578125 0.37109375 0.0302734375 0.05859375
0 0.4248046875 0.373046875 0.0224609375 0.048828125