0 0.705078125 0.4921875 0.10546875 0.171875
0 0.9111328125 0.767578125 0.119140625 0.1259765625
0 0.642578125 0.546875 0.0390625 0.05859375
0 0.4140625 0.5458984375 0.04296875 0.0751953125
0 0.322265625 0.609375 0.05078125 0.078125
0 0.5634765625 0.494140625 0.033203125 0.048828125
0 0.4482421875 0.462890625 0.0263671875 0.0458984375
0 0.044921875 0.8857421875 0.087890625 0.2041015625
0 0.625 0.7119140625 0.076171875 0.1357421875
0 0.7314453125 0.705078125 0.0712890625 0.095703125
0 0.91796875 0.9580078125 0.1298828125 0.0830078125
0 0.607421875 0.4912109375 0.02734375 0.04296875
0 0.59375 0.4580078125 0.025390625 0.03515625
0 0.396484375 0.43359375 0.021484375 0.0302734375