0 0.646484375 0.7919921875 0.087890625 0.130859375
0 0.8388671875 0.701171875 0.091796875 0.099609375
0 0.5908203125 0.5908203125 0.044921875 0.0712890625
0 0.427734375 0.537109375 0.0419921875 0.056640625
0 0.3681640625 0.5400390625 0.0390625 0.0625
0 0.37890625 0.6953125 0.0615234375 0.1142578125
0 0.5966796875 0.3935546875 0.037109375 0.0732421875
0 0.7080078125 0.642578125 0.06640625 0.095703125
0 0.7333984375 0.5634765625 0.0380859375 0.0517578125
0 0.376953125 0.451171875 0.0244140625 0.03515625
0 0.419921875 0.4501953125 0.025390625 0.033203125
0 0.021484375 0.9384765625 0.0419921875 0.1220703125
0 0.55859375 0.4658203125 0.021484375 0.029296875
0 0.7119140625 0.6533203125 0.0615234375 0.0791015625
0 0.61328125 0.486328125 0.037109375 0.05859375
0 0.4638671875 0.4287109375 0.0244140625 0.029296875