0 0.634765625 0.751953125 0.076171875 0.1162109375
0 0.3515625 0.5703125 0.046875 0.068359375
0 0.4189453125 0.56640625 0.0439453125 0.068359375
0 0.5869140625 0.5751953125 0.0419921875 0.06640625
0 0.3515625 0.78125 0.080078125 0.150390625
0 0.8203125 0.6767578125 0.0830078125 0.0849609375
0 0.703125 0.6259765625 0.056640625 0.08984375
0 0.4150390625 0.4599609375 0.0263671875 0.0361328125
0 0.458984375 0.4365234375 0.0205078125 0.0302734375
0 0.5947265625 0.3935546875 0.037109375 0.0751953125
0 0.369140625 0.4599609375 0.02734375 0.03515625
0 0.6103515625 0.482421875 0.0341796875 0.052734375
0 0.83203125 0.681640625 0.060546875 0.0791015625
0 0.7236328125 0.552734375 0.037109375 0.048828125
0 0.556640625 0.4609375 0.021484375 0.0302734375
0 0.6875 0.7109375 0.0244140625 0.087890625