0 0.6904296875 0.90234375 0.10546875 0.1904296875
0 0.41796875 0.564453125 0.037109375 0.0625
0 0.373046875 0.720703125 0.0703125 0.107421875
0 0.58984375 0.6015625 0.048828125 0.0791015625
0 0.3095703125 0.609375 0.0576171875 0.0849609375
0 0.669921875 0.603515625 0.0546875 0.0849609375
0 0.5419921875 0.4462890625 0.021484375 0.0322265625
0 0.0927734375 0.9560546875 0.138671875 0.087890625
0 0.197265625 0.6552734375 0.076171875 0.080078125
0 0.6396484375 0.46875 0.0244140625 0.037109375
0 0.1865234375 0.6572265625 0.0537109375 0.076171875
0 0.28515625 0.54296875 0.037109375 0.0498046875
0 0.4072265625 0.390625 0.0380859375 0.0732421875
0 0.591796875 0.47265625 0.025390625 0.03515625
0 0.330078125 0.6748046875 0.021484375 0.078125
0 0.408203125 0.390625 0.041015625 0.0751953125
0 0.392578125 0.4775390625 0.033203125 0.052734375
0 0.349609375 0.474609375 0.0283203125 0.046875