0 0.3818359375 0.69140625 0.0654296875 0.095703125
0 0.60546875 0.6474609375 0.0595703125 0.0927734375
0 0.31640625 0.59375 0.0517578125 0.0791015625
0 0.12109375 0.935546875 0.140625 0.12890625
0 0.6953125 0.646484375 0.06640625 0.099609375
0 0.2138671875 0.638671875 0.0703125 0.08203125
0 0.421875 0.5537109375 0.037109375 0.0615234375
0 0.291015625 0.53515625 0.033203125 0.0498046875
0 0.59765625 0.484375 0.029296875 0.0458984375
0 0.544921875 0.45703125 0.0234375 0.0322265625
0 0.6484375 0.48046875 0.03125 0.04296875
0 0.4091796875 0.388671875 0.0380859375 0.0732421875
0 0.353515625 0.4697265625 0.0302734375 0.052734375
0 0.396484375 0.47265625 0.033203125 0.048828125