0 0.3310546875 0.568359375 0.0478515625 0.0732421875
0 0.240234375 0.6083984375 0.060546875 0.0732421875
0 0.3935546875 0.646484375 0.0556640625 0.0849609375
0 0.1806640625 0.84765625 0.115234375 0.140625
0 0.78125 0.7939453125 0.103515625 0.16796875
0 0.6171875 0.513671875 0.0341796875 0.0517578125
0 0.427734375 0.5361328125 0.033203125 0.052734375
0 0.65234375 0.80078125 0.091796875 0.158203125
0 0.671875 0.5087890625 0.0380859375 0.052734375
0 0.314453125 0.9658203125 0.107421875 0.0654296875
0 0.55078125 0.4794921875 0.02734375 0.0400390625
0 0.5361328125 0.4150390625 0.025390625 0.0390625
0 0.40234375 0.4609375 0.029296875 0.046875
0 0.4130859375 0.388671875 0.0341796875 0.072265625
0 0.30859375 0.51953125 0.0341796875 0.048828125
0 0.615234375 0.4462890625 0.017578125 0.0263671875
0 0.4658203125 0.4169921875 0.01953125 0.029296875