0 0.6689453125 0.568359375 0.0478515625 0.0732421875
0 0.759765625 0.6083984375 0.060546875 0.0732421875
0 0.6064453125 0.646484375 0.0556640625 0.0849609375
0 0.8193359375 0.84765625 0.115234375 0.140625
0 0.21875 0.7939453125 0.103515625 0.16796875
0 0.3828125 0.513671875 0.0341796875 0.0517578125
0 0.572265625 0.5361328125 0.033203125 0.052734375
0 0.34765625 0.80078125 0.091796875 0.158203125
0 0.328125 0.5087890625 0.0380859375 0.052734375
0 0.685546875 0.9658203125 0.107421875 0.0654296875
0 0.44921875 0.4794921875 0.02734375 0.0400390625
0 0.4638671875 0.4150390625 0.025390625 0.0390625
0 0.59765625 0.4609375 0.029296875 0.046875
0 0.5869140625 0.388671875 0.0341796875 0.072265625
0 0.69140625 0.51953125 0.0341796875 0.048828125
0 0.384765625 0.4462890625 0.017578125 0.0263671875
0 0.5341796875 0.4169921875 0.01953125 0.029296875