0 0.35546875 0.828125 0.0859375 0.140625
0 0.4091796875 0.595703125 0.046875 0.068359375
0 0.6640625 0.591796875 0.0517578125 0.0732421875
0 0.3486328125 0.5390625 0.0400390625 0.0595703125
0 0.56640625 0.537109375 0.0341796875 0.056640625
0 0.7265625 0.5732421875 0.0537109375 0.0712890625
0 0.43359375 0.5107421875 0.03125 0.046875
0 0.0439453125 0.8876953125 0.087890625 0.162109375
0 0.2705078125 0.572265625 0.0546875 0.06640625
0 0.244140625 0.73046875 0.08203125 0.1025390625
0 0.54296875 0.4375 0.0244140625 0.0361328125
0 0.41796875 0.3837890625 0.0341796875 0.06640625
0 0.63671875 0.4736328125 0.0234375 0.033203125
0 0.408203125 0.44921875 0.0302734375 0.046875
0 0.59375 0.4228515625 0.017578125 0.025390625