0 0.62109375 0.71484375 0.0654296875 0.0986328125
0 0.4150390625 0.587890625 0.0439453125 0.0732421875
0 0.873046875 0.7919921875 0.25390625 0.404296875
0 0.3564453125 0.5419921875 0.041015625 0.0595703125
0 0.6015625 0.4794921875 0.02734375 0.04296875
0 0.5654296875 0.4990234375 0.033203125 0.0556640625
0 0.447265625 0.455078125 0.029296875 0.0537109375
0 0.6904296875 0.6201171875 0.0732421875 0.109375
0 0.6904296875 0.6201171875 0.072265625 0.111328125
0 0.3408203125 0.50390625 0.03125 0.048828125
0 0.681640625 0.505859375 0.033203125 0.04296875
0 0.60546875 0.412109375 0.037109375 0.0654296875