0 0.67578125 0.59765625 0.064453125 0.0986328125
0 0.3955078125 0.6484375 0.05078125 0.091796875
0 0.6103515625 0.6767578125 0.056640625 0.091796875
0 0.44140625 0.4716796875 0.029296875 0.05859375
0 0.599609375 0.4736328125 0.025390625 0.037109375
0 0.5615234375 0.4892578125 0.033203125 0.052734375
0 0.859375 0.775390625 0.279296875 0.43359375
0 0.6728515625 0.498046875 0.029296875 0.0419921875
0 0.3359375 0.5732421875 0.048828125 0.072265625
0 0.55859375 0.486328125 0.0380859375 0.0654296875
0 0.326171875 0.5224609375 0.033203125 0.0498046875
0 0.4609375 0.4267578125 0.021484375 0.03515625