0 0.7265625 0.677734375 0.07421875 0.107421875
0 0.1572265625 0.748046875 0.314453125 0.4833984375
0 0.3447265625 0.55859375 0.052734375 0.0888671875
0 0.40625 0.6171875 0.044921875 0.0732421875
0 0.576171875 0.51953125 0.041015625 0.076171875
0 0.71875 0.576171875 0.048828125 0.068359375
0 0.546875 0.44921875 0.0244140625 0.037109375
0 0.6875 0.896484375 0.091796875 0.2001953125
0 0.40625 0.4609375 0.0244140625 0.0390625
0 0.4443359375 0.4716796875 0.0322265625 0.0498046875
0 0.572265625 0.4267578125 0.0185546875 0.025390625
0 0.5927734375 0.421875 0.013671875 0.017578125
0 0.40234375 0.40234375 0.03515625 0.05859375