0 0.25 0.619140625 0.064453125 0.0830078125
0 0.220703125 0.763671875 0.095703125 0.140625
0 0.5859375 0.5966796875 0.041015625 0.068359375
0 0.44921875 0.462890625 0.029296875 0.0458984375
0 0.58984375 0.4580078125 0.025390625 0.037109375
0 0.6455078125 0.544921875 0.0458984375 0.0849609375
0 0.41015625 0.5537109375 0.052734375 0.09765625
0 0.552734375 0.462890625 0.0341796875 0.0517578125
0 0.4228515625 0.435546875 0.01953125 0.029296875
0 0.8125 0.708984375 0.275390625 0.4365234375
0 0.646484375 0.546875 0.046875 0.08203125
0 0.5947265625 0.400390625 0.033203125 0.05859375