0 0.40234375 0.638671875 0.0517578125 0.0791015625
0 0.314453125 0.607421875 0.0498046875 0.0693359375
0 0.71875 0.57421875 0.048828125 0.0634765625
0 0.2001953125 0.6552734375 0.0791015625 0.091796875
0 0.5693359375 0.51953125 0.0361328125 0.0595703125
0 0.70703125 0.955078125 0.1015625 0.087890625
0 0.0791015625 0.9462890625 0.158203125 0.1025390625
0 0.4306640625 0.53125 0.037109375 0.0517578125
0 0.314453125 0.5185546875 0.0390625 0.0458984375
0 0.37890625 0.4931640625 0.0322265625 0.0498046875
0 0.4453125 0.4716796875 0.0263671875 0.0361328125
0 0.62890625 0.4619140625 0.025390625 0.0361328125