0 0.59765625 0.599609375 0.044921875 0.076171875
0 0.6982421875 0.6474609375 0.05859375 0.087890625
0 0.31640625 0.609375 0.0458984375 0.072265625
0 0.2890625 0.9638671875 0.11328125 0.0693359375
0 0.43359375 0.529296875 0.0302734375 0.0537109375
0 0.609375 0.4189453125 0.044921875 0.0791015625
0 0.193359375 0.6513671875 0.072265625 0.080078125
0 0.853515625 0.740234375 0.0947265625 0.1279296875
0 0.4013671875 0.474609375 0.0263671875 0.0390625
0 0.541015625 0.4384765625 0.0205078125 0.0322265625
0 0.359375 0.470703125 0.0283203125 0.0361328125
0 0.4560546875 0.4482421875 0.0234375 0.0322265625
0 0.611328125 0.419921875 0.037109375 0.078125