0 0.2216796875 0.646484375 0.0654296875 0.091796875
0 0.7158203125 0.9287109375 0.12890625 0.142578125
0 0.6689453125 0.5791015625 0.0478515625 0.0625
0 0.861328125 0.8818359375 0.138671875 0.1640625
0 0.5888671875 0.6025390625 0.04296875 0.0712890625
0 0.412109375 0.578125 0.046875 0.087890625
0 0.5654296875 0.513671875 0.03515625 0.0517578125
0 0.765625 0.6142578125 0.0673828125 0.0791015625
0 0.4228515625 0.4443359375 0.021484375 0.0361328125
0 0.353515625 0.484375 0.0302734375 0.044921875
0 0.67578125 0.5087890625 0.029296875 0.0400390625
0 0.552734375 0.4619140625 0.0283203125 0.0400390625
0 0.38671875 0.44140625 0.021484375 0.029296875
0 0.572265625 0.373046875 0.0322265625 0.0615234375
0 0.4619140625 0.419921875 0.017578125 0.029296875
0 0.6591796875 0.5009765625 0.01953125 0.0458984375