0 0.2138671875 0.7578125 0.1015625 0.1181640625
0 0.947265625 0.86328125 0.10546875 0.181640625
0 0.3447265625 0.779296875 0.0849609375 0.1376953125
0 0.421875 0.56640625 0.037109375 0.0615234375
0 0.685546875 0.529296875 0.0390625 0.05859375
0 0.6513671875 0.767578125 0.0869140625 0.1650390625
0 0.349609375 0.548828125 0.0390625 0.056640625
0 0.6357421875 0.4697265625 0.0263671875 0.0361328125
0 0.271484375 0.5732421875 0.0537109375 0.0712890625
0 0.591796875 0.4697265625 0.025390625 0.0419921875
0 0.5439453125 0.4384765625 0.0224609375 0.037109375
0 0.439453125 0.4951171875 0.0322265625 0.044921875
0 0.5556640625 0.3974609375 0.0224609375 0.0361328125
0 0.3955078125 0.46484375 0.029296875 0.0458984375