0 0.4150390625 0.5712890625 0.041015625 0.0625
0 0.154296875 0.8818359375 0.1220703125 0.150390625
0 0.359375 0.734375 0.068359375 0.1044921875
0 0.435546875 0.5009765625 0.0283203125 0.044921875
0 0.33984375 0.5322265625 0.060546875 0.1259765625
0 0.705078125 0.5595703125 0.0390625 0.05859375
0 0.658203125 0.8330078125 0.0986328125 0.2001953125
0 0.619140625 0.44921875 0.0205078125 0.02734375
0 0.4609375 0.4326171875 0.0244140625 0.03515625
0 0.2724609375 0.5537109375 0.076171875 0.10546875
0 0.658203125 0.83203125 0.0986328125 0.1982421875
0 0.4140625 0.447265625 0.0234375 0.0302734375