0 0.904296875 0.7822265625 0.1142578125 0.119140625
0 0.2978515625 0.6630859375 0.068359375 0.1083984375
0 0.68359375 0.5927734375 0.0546875 0.0693359375
0 0.595703125 0.5830078125 0.0478515625 0.0712890625
0 0.2177734375 0.6416015625 0.0673828125 0.095703125
0 0.7783203125 0.7900390625 0.1025390625 0.125
0 0.634765625 0.7890625 0.0810546875 0.12890625
0 0.41015625 0.57421875 0.044921875 0.076171875
0 0.560546875 0.5 0.02734375 0.048828125
0 0.6669921875 0.5 0.033203125 0.044921875
0 0.6142578125 0.4892578125 0.0302734375 0.0390625
0 0.41796875 0.4365234375 0.0302734375 0.0517578125