0 0.4013671875 0.650390625 0.0546875 0.087890625
0 0.287109375 0.6708984375 0.0673828125 0.087890625
0 0.34375 0.5498046875 0.041015625 0.056640625
0 0.419921875 0.5361328125 0.0380859375 0.056640625
0 0.681640625 0.837890625 0.0966796875 0.205078125
0 0.2001953125 0.654296875 0.07421875 0.078125
0 0.5498046875 0.4814453125 0.025390625 0.0419921875
0 0.6083984375 0.4775390625 0.037109375 0.068359375
0 0.189453125 0.65625 0.0517578125 0.0751953125
0 0.5361328125 0.4267578125 0.0224609375 0.029296875
0 0.58203125 0.443359375 0.0244140625 0.0322265625
0 0.447265625 0.4765625 0.0283203125 0.0400390625
0 0.3994140625 0.470703125 0.029296875 0.037109375