0 0.408203125 0.62890625 0.048828125 0.0791015625
0 0.2998046875 0.65234375 0.0634765625 0.0830078125
0 0.736328125 0.9384765625 0.119140625 0.1220703125
0 0.21875 0.6318359375 0.064453125 0.076171875
0 0.3505859375 0.5400390625 0.0390625 0.052734375
0 0.5546875 0.49609375 0.0283203125 0.0498046875
0 0.421875 0.525390625 0.037109375 0.05859375
0 0.615234375 0.4912109375 0.041015625 0.0732421875
0 0.40234375 0.46484375 0.0263671875 0.03515625
0 0.208984375 0.6357421875 0.048828125 0.076171875
0 0.3564453125 0.47265625 0.025390625 0.0361328125