0 0.66796875 0.8681640625 0.099609375 0.1845703125
0 0.56640625 0.537109375 0.0361328125 0.0556640625
0 0.357421875 0.5546875 0.0439453125 0.0634765625
0 0.095703125 0.7900390625 0.1162109375 0.1259765625
0 0.6484375 0.5537109375 0.04296875 0.0615234375
0 0.4345703125 0.529296875 0.033203125 0.052734375
0 0.302734375 0.537109375 0.0390625 0.0537109375
0 0.2705078125 0.6982421875 0.0771484375 0.12109375
0 0.3837890625 0.4921875 0.0322265625 0.0458984375
0 0.7822265625 0.751953125 0.130859375 0.232421875
0 0.5322265625 0.4189453125 0.0224609375 0.029296875
0 0.6484375 0.484375 0.029296875 0.0390625
0 0.4375 0.4794921875 0.0302734375 0.0419921875