0 0.634765625 0.546875 0.044921875 0.0615234375
0 0.71484375 0.6748046875 0.0712890625 0.107421875
0 0.3359375 0.5830078125 0.048828125 0.0693359375
0 0.4248046875 0.56640625 0.041015625 0.068359375
0 0.5625 0.5205078125 0.0341796875 0.0498046875
0 0.341796875 0.498046875 0.0322265625 0.0458984375
0 0.291015625 0.96484375 0.0908203125 0.068359375
0 0.873046875 0.7509765625 0.1025390625 0.115234375
0 0.140625 0.8525390625 0.1787109375 0.28515625
0 0.6142578125 0.4853515625 0.029296875 0.04296875
0 0.6884765625 0.525390625 0.0380859375 0.0517578125
0 0.1416015625 0.8525390625 0.1787109375 0.28515625
0 0.7294921875 0.9462890625 0.06640625 0.10546875
0 0.46484375 0.4228515625 0.021484375 0.029296875
0 0.888671875 0.765625 0.0703125 0.0888671875
0 0.142578125 0.853515625 0.1796875 0.2890625
0 0.5791015625 0.4345703125 0.0224609375 0.03515625