0 0.365234375 0.546875 0.044921875 0.0615234375
0 0.28515625 0.6748046875 0.0712890625 0.107421875
0 0.6640625 0.5830078125 0.048828125 0.0693359375
0 0.5751953125 0.56640625 0.041015625 0.068359375
0 0.4375 0.5205078125 0.0341796875 0.0498046875
0 0.658203125 0.498046875 0.0322265625 0.0458984375
0 0.708984375 0.96484375 0.0908203125 0.068359375
0 0.126953125 0.7509765625 0.1025390625 0.115234375
0 0.859375 0.8525390625 0.1787109375 0.28515625
0 0.3857421875 0.4853515625 0.029296875 0.04296875
0 0.3115234375 0.525390625 0.0380859375 0.0517578125
0 0.8583984375 0.8525390625 0.1787109375 0.28515625
0 0.2705078125 0.9462890625 0.06640625 0.10546875
0 0.53515625 0.4228515625 0.021484375 0.029296875
0 0.111328125 0.765625 0.0703125 0.0888671875
0 0.857421875 0.853515625 0.1796875 0.2890625
0 0.4208984375 0.4345703125 0.0224609375 0.03515625