0 0.6328125 0.5380859375 0.0390625 0.0556640625
0 0.4130859375 0.607421875 0.046875 0.078125
0 0.703125 0.65234375 0.064453125 0.0947265625
0 0.328125 0.5146484375 0.0341796875 0.052734375
0 0.310546875 0.6201171875 0.0634765625 0.0849609375
0 0.697265625 0.9248046875 0.1083984375 0.150390625
0 0.845703125 0.7177734375 0.091796875 0.1083984375
0 0.5615234375 0.51171875 0.033203125 0.048828125
0 0.6826171875 0.517578125 0.037109375 0.046875
0 0.9140625 0.958984375 0.130859375 0.078125
0 0.611328125 0.482421875 0.0302734375 0.0390625
0 0.923828125 0.98046875 0.119140625 0.0390625
0 0.697265625 0.8564453125 0.05078125 0.078125