0 0.28515625 0.6669921875 0.068359375 0.0986328125
0 0.822265625 0.6884765625 0.083984375 0.095703125
0 0.3974609375 0.66015625 0.056640625 0.0947265625
0 0.69140625 0.6337890625 0.060546875 0.0888671875
0 0.6279296875 0.5283203125 0.037109375 0.0556640625
0 0.880859375 0.9404296875 0.1416015625 0.119140625
0 0.458984375 0.4404296875 0.0224609375 0.029296875
0 0.3134765625 0.529296875 0.041015625 0.056640625
0 0.677734375 0.869140625 0.09375 0.142578125
0 0.6748046875 0.5126953125 0.033203125 0.048828125
0 0.560546875 0.505859375 0.03125 0.0458984375
0 0.607421875 0.478515625 0.029296875 0.037109375
0 0.423828125 0.435546875 0.017578125 0.0302734375