0 0.64453125 0.5517578125 0.0400390625 0.068359375
0 0.7314453125 0.6982421875 0.0771484375 0.099609375
0 0.43359375 0.5263671875 0.03515625 0.0537109375
0 0.0986328125 0.7890625 0.119140625 0.16796875
0 0.6123046875 0.6337890625 0.052734375 0.091796875
0 0.7373046875 0.578125 0.041015625 0.0654296875
0 0.388671875 0.4990234375 0.0322265625 0.044921875
0 0.5517578125 0.4609375 0.029296875 0.052734375
0 0.3857421875 0.443359375 0.017578125 0.02734375
0 0.732421875 0.576171875 0.056640625 0.068359375
0 0.6435546875 0.4736328125 0.025390625 0.037109375
0 0.6044921875 0.4892578125 0.029296875 0.0400390625