0 0.2939453125 0.6513671875 0.0654296875 0.0830078125
0 0.5849609375 0.587890625 0.044921875 0.072265625
0 0.6318359375 0.53515625 0.0361328125 0.0595703125
0 0.365234375 0.53125 0.0361328125 0.0615234375
0 0.3984375 0.5947265625 0.0439453125 0.080078125
0 0.3125 0.962890625 0.1083984375 0.072265625
0 0.54296875 0.4453125 0.0224609375 0.033203125
0 0.283203125 0.55859375 0.0400390625 0.056640625
0 0.62890625 0.462890625 0.021484375 0.0302734375
0 0.4013671875 0.4814453125 0.0263671875 0.0361328125
0 0.5810546875 0.4462890625 0.0185546875 0.0263671875
0 0.4521484375 0.453125 0.02734375 0.0517578125