0 0.3720703125 0.7626953125 0.0751953125 0.1162109375
0 0.3330078125 0.5830078125 0.05078125 0.0654296875
0 0.5576171875 0.494140625 0.0322265625 0.046875
0 0.7119140625 0.6787109375 0.0673828125 0.10546875
0 0.31640625 0.517578125 0.0341796875 0.048828125
0 0.416015625 0.5419921875 0.03515625 0.0625
0 0.6943359375 0.9150390625 0.1103515625 0.169921875
0 0.6728515625 0.513671875 0.0302734375 0.048828125
0 0.6083984375 0.4921875 0.0283203125 0.0419921875
0 0.3837890625 0.5009765625 0.0302734375 0.0537109375
0 0.4560546875 0.4375 0.0244140625 0.0458984375
0 0.533203125 0.4072265625 0.029296875 0.0419921875