0 0.3798828125 0.7216796875 0.0625 0.10546875
0 0.3388671875 0.5732421875 0.046875 0.06640625
0 0.419921875 0.53125 0.03515625 0.0634765625
0 0.5625 0.51171875 0.033203125 0.0498046875
0 0.322265625 0.5126953125 0.033203125 0.0458984375
0 0.619140625 0.5107421875 0.0322265625 0.0498046875
0 0.6884765625 0.533203125 0.0380859375 0.052734375
0 0.38671875 0.494140625 0.03125 0.0517578125
0 0.7548828125 0.7412109375 0.0927734375 0.134765625
0 0.45703125 0.43359375 0.0234375 0.0458984375
0 0.755859375 0.7431640625 0.0927734375 0.134765625
0 0.5361328125 0.4150390625 0.01953125 0.03515625