0 0.388671875 0.689453125 0.0576171875 0.0927734375
0 0.345703125 0.560546875 0.0458984375 0.0595703125
0 0.4208984375 0.5224609375 0.03515625 0.0625
0 0.568359375 0.53515625 0.037109375 0.0595703125
0 0.7080078125 0.5576171875 0.0419921875 0.0595703125
0 0.8095703125 0.8427734375 0.11328125 0.181640625
0 0.6318359375 0.5322265625 0.0361328125 0.0537109375
0 0.328125 0.5048828125 0.0322265625 0.046875
0 0.8095703125 0.8427734375 0.111328125 0.1865234375
0 0.388671875 0.484375 0.029296875 0.044921875
0 0.603515625 0.435546875 0.0205078125 0.025390625