0 0.39453125 0.662109375 0.052734375 0.0859375
0 0.3525390625 0.5498046875 0.0419921875 0.056640625
0 0.578125 0.5654296875 0.0390625 0.06640625
0 0.4228515625 0.515625 0.0341796875 0.0537109375
0 0.7294921875 0.583984375 0.0537109375 0.072265625
0 0.6474609375 0.5625 0.0400390625 0.0634765625
0 0.109375 0.9599609375 0.1435546875 0.0791015625
0 0.8837890625 0.93359375 0.125 0.1318359375
0 0.39453125 0.482421875 0.02734375 0.044921875
0 0.609375 0.44140625 0.021484375 0.02734375
0 0.333984375 0.49609375 0.029296875 0.0419921875
0 0.58203125 0.44140625 0.025390625 0.0302734375