0 0.591796875 0.6162109375 0.046875 0.0732421875
0 0.3056640625 0.642578125 0.0595703125 0.0859375
0 0.8310546875 0.9052734375 0.142578125 0.177734375
0 0.63671875 0.5322265625 0.0390625 0.052734375
0 0.3935546875 0.6552734375 0.052734375 0.0927734375
0 0.203125 0.66796875 0.0791015625 0.09765625
0 0.705078125 0.9404296875 0.12109375 0.119140625
0 0.9619140625 0.8740234375 0.076171875 0.154296875
0 0.5703125 0.4990234375 0.0302734375 0.0517578125
0 0.3779296875 0.4599609375 0.025390625 0.033203125
0 0.453125 0.4482421875 0.0244140625 0.0322265625
0 0.6015625 0.4765625 0.0234375 0.037109375
0 0.4091796875 0.462890625 0.021484375 0.0322265625
0 0.580078125 0.4423828125 0.0234375 0.033203125