0 0.2646484375 0.7275390625 0.0849609375 0.1044921875
0 0.3623046875 0.74609375 0.076171875 0.115234375
0 0.4228515625 0.5537109375 0.037109375 0.05859375
0 0.380859375 0.501953125 0.033203125 0.044921875
0 0.6630859375 0.5107421875 0.0361328125 0.046875
0 0.13671875 0.7177734375 0.111328125 0.1181640625
0 0.564453125 0.501953125 0.0341796875 0.0517578125
0 0.5400390625 0.435546875 0.021484375 0.0322265625
0 0.626953125 0.517578125 0.03515625 0.05859375
0 0.439453125 0.4765625 0.025390625 0.04296875
0 0.6328125 0.4697265625 0.0244140625 0.033203125
0 0.4091796875 0.45703125 0.021484375 0.03515625
0 0.4072265625 0.4541015625 0.0263671875 0.037109375
0 0.58984375 0.451171875 0.0263671875 0.046875