0 0.6796875 0.61328125 0.0595703125 0.08203125
0 0.4248046875 0.5498046875 0.0400390625 0.0654296875
0 0.587890625 0.576171875 0.0400390625 0.0654296875
0 0.703125 0.5419921875 0.0458984375 0.056640625
0 0.357421875 0.5517578125 0.041015625 0.0595703125
0 0.560546875 0.4912109375 0.0263671875 0.04296875
0 0.017578125 0.9169921875 0.0341796875 0.1357421875
0 0.421875 0.4365234375 0.021484375 0.0302734375
0 0.638671875 0.7861328125 0.0888671875 0.1787109375
0 0.455078125 0.443359375 0.025390625 0.03515625
0 0.6572265625 0.4892578125 0.029296875 0.037109375
0 0.623046875 0.455078125 0.02734375 0.033203125
0 0.544921875 0.4462890625 0.021484375 0.03515625
0 0.837890625 0.7763671875 0.134765625 0.35546875