0 0.6669921875 0.595703125 0.052734375 0.0791015625
0 0.5810546875 0.5615234375 0.037109375 0.0595703125
0 0.4140625 0.5849609375 0.0458984375 0.076171875
0 0.4521484375 0.455078125 0.02734375 0.0390625
0 0.3388671875 0.5849609375 0.0478515625 0.0693359375
0 0.4169921875 0.447265625 0.0244140625 0.033203125
0 0.697265625 0.537109375 0.04296875 0.052734375
0 0.6259765625 0.7431640625 0.0810546875 0.1611328125
0 0.5576171875 0.484375 0.025390625 0.0390625
0 0.8115234375 0.7275390625 0.130859375 0.3017578125
0 0.4677734375 0.412109375 0.025390625 0.037109375
0 0.6513671875 0.484375 0.029296875 0.037109375
0 0.8828125 0.8310546875 0.234375 0.3251953125