0 0.7236328125 0.6923828125 0.0732421875 0.1083984375
0 0.34765625 0.5615234375 0.0400390625 0.06640625
0 0.423828125 0.537109375 0.03515625 0.0517578125
0 0.5986328125 0.46875 0.0263671875 0.0419921875
0 0.6220703125 0.703125 0.064453125 0.1240234375
0 0.55859375 0.482421875 0.029296875 0.0400390625
0 0.392578125 0.6748046875 0.0693359375 0.1279296875
0 0.31640625 0.517578125 0.0400390625 0.046875
0 0.4453125 0.46875 0.02734375 0.037109375
0 0.2734375 0.943359375 0.1376953125 0.111328125
0 0.5361328125 0.4248046875 0.02734375 0.0458984375
0 0.421875 0.427734375 0.0263671875 0.046875
0 0.3564453125 0.474609375 0.02734375 0.037109375
0 0.2470703125 0.9384765625 0.189453125 0.1181640625
0 0.3896484375 0.69140625 0.0634765625 0.09765625