0 0.6796875 0.849609375 0.111328125 0.1748046875
0 0.5947265625 0.626953125 0.0537109375 0.107421875
0 0.634765625 0.5322265625 0.037109375 0.05859375
0 0.837890625 0.7587890625 0.322265625 0.466796875
0 0.4287109375 0.5224609375 0.037109375 0.052734375
0 0.568359375 0.513671875 0.029296875 0.046875
0 0.3828125 0.5 0.033203125 0.048828125
0 0.30078125 0.931640625 0.1083984375 0.1357421875
0 0.419921875 0.4404296875 0.021484375 0.0322265625
0 0.6708984375 0.501953125 0.0400390625 0.04296875
0 0.458984375 0.4453125 0.02734375 0.0458984375
0 0.126953125 0.91015625 0.1650390625 0.1787109375
0 0.5517578125 0.458984375 0.0224609375 0.033203125