0 0.703125 0.154296875 0.033203125 0.0498046875
0 0.76171875 0.14453125 0.033203125 0.056640625
0 0.765625 0.3779296875 0.0556640625 0.12109375
0 0.11328125 0.5224609375 0.109375 0.154296875
0 0.669921875 0.07421875 0.021484375 0.044921875
0 0.5224609375 0.392578125 0.048828125 0.1259765625
0 0.775390625 0.7255859375 0.123046875 0.2666015625
0 0.4921875 0.580078125 0.068359375 0.1943359375
0 0.775390625 0.7255859375 0.1240234375 0.267578125
0 0.7666015625 0.3994140625 0.052734375 0.076171875
0 0.4921875 0.5810546875 0.0693359375 0.1943359375
0 0.775390625 0.7265625 0.123046875 0.2666015625