0 0.638671875 0.5537109375 0.048828125 0.0615234375
0 0.3984375 0.638671875 0.0537109375 0.099609375
0 0.6376953125 0.6162109375 0.0546875 0.0712890625
0 0.578125 0.544921875 0.037109375 0.0556640625
0 0.8515625 0.724609375 0.0927734375 0.1044921875
0 0.359375 0.4814453125 0.02734375 0.0390625
0 0.3916015625 0.5087890625 0.033203125 0.046875
0 0.119140625 0.7666015625 0.1171875 0.140625
0 0.455078125 0.4404296875 0.025390625 0.037109375
0 0.7060546875 0.5390625 0.0458984375 0.0634765625
0 0.1962890625 0.802734375 0.1328125 0.2236328125
0 0.1953125 0.8017578125 0.1318359375 0.2294921875
0 0.556640625 0.4736328125 0.025390625 0.0390625