0 0.6025390625 0.130859375 0.0283203125 0.0400390625
0 0.708984375 0.18359375 0.029296875 0.0517578125
0 0.7607421875 0.1591796875 0.033203125 0.056640625
0 0.8408203125 0.955078125 0.115234375 0.08984375
0 0.65625 0.1650390625 0.0244140625 0.046875
0 0.69140625 0.5 0.0751953125 0.158203125
0 0.76953125 0.3955078125 0.0830078125 0.1513671875
0 0.5390625 0.287109375 0.04296875 0.0830078125
0 0.7080078125 0.1123046875 0.0244140625 0.0419921875
0 0.6630859375 0.111328125 0.0224609375 0.0361328125
0 0.509765625 0.4912109375 0.0634765625 0.162109375