0 0.1484375 0.6083984375 0.130859375 0.2529296875
0 0.283203125 0.244140625 0.037109375 0.0654296875
0 0.1953125 0.8984375 0.1357421875 0.203125
0 0.2939453125 0.1474609375 0.02734375 0.044921875
0 0.41796875 0.171875 0.033203125 0.046875
0 0.3466796875 0.2265625 0.0283203125 0.056640625
0 0.240234375 0.1591796875 0.033203125 0.056640625
0 0.3408203125 0.1552734375 0.029296875 0.046875
0 0.4755859375 0.3525390625 0.0498046875 0.1025390625
0 0.328125 0.080078125 0.0224609375 0.0361328125
0 0.3740234375 0.07421875 0.0224609375 0.03515625
0 0.498046875 0.6787109375 0.0791015625 0.2431640625
0 0.4970703125 0.6796875 0.0791015625 0.244140625