0 0.375 0.6015625 0.0517578125 0.068359375
0 0.650390625 0.49609375 0.0302734375 0.04296875
0 0.173828125 0.6923828125 0.0810546875 0.0888671875
0 0.365234375 0.5400390625 0.0419921875 0.052734375
0 0.623046875 0.701171875 0.068359375 0.1259765625
0 0.619140625 0.5283203125 0.03515625 0.048828125
0 0.42578125 0.533203125 0.037109375 0.0498046875
0 0.5478515625 0.451171875 0.025390625 0.0361328125
0 0.896484375 0.892578125 0.1796875 0.2109375
0 0.08984375 0.9228515625 0.1767578125 0.1513671875
0 0.2861328125 0.955078125 0.134765625 0.08984375
0 0.3017578125 0.52734375 0.0380859375 0.056640625
0 0.4443359375 0.4677734375 0.025390625 0.03515625