0 0.78515625 0.642578125 0.068359375 0.080078125
0 0.4453125 0.4765625 0.029296875 0.0419921875
0 0.3486328125 0.5830078125 0.048828125 0.0712890625
0 0.6728515625 0.8857421875 0.1201171875 0.2197265625
0 0.6083984375 0.57421875 0.041015625 0.0615234375
0 0.5673828125 0.513671875 0.0341796875 0.048828125
0 0.3203125 0.5302734375 0.0390625 0.052734375
0 0.30078125 0.912109375 0.1171875 0.1748046875
0 0.626953125 0.525390625 0.0390625 0.0517578125
0 0.837890625 0.84375 0.15234375 0.2275390625
0 0.8388671875 0.8427734375 0.15234375 0.2294921875
0 0.681640625 0.5126953125 0.037109375 0.052734375
0 0.40234375 0.4228515625 0.0185546875 0.0234375
0 0.5859375 0.4404296875 0.021484375 0.0361328125