0 0.4111328125 0.5380859375 0.03515625 0.052734375
0 0.7431640625 0.748046875 0.0849609375 0.1259765625
0 0.2578125 0.58984375 0.0537109375 0.072265625
0 0.572265625 0.533203125 0.0400390625 0.0615234375
0 0.7490234375 0.6142578125 0.060546875 0.078125
0 0.4375 0.494140625 0.03125 0.0498046875
0 0.6142578125 0.443359375 0.01953125 0.0263671875
0 0.37109375 0.732421875 0.0791015625 0.1455078125
0 0.2412109375 0.7158203125 0.1025390625 0.150390625
0 0.3857421875 0.505859375 0.0361328125 0.046875
0 0.33984375 0.4873046875 0.033203125 0.0458984375
0 0.2412109375 0.7158203125 0.103515625 0.150390625
0 0.052734375 0.94921875 0.103515625 0.08984375