0 0.6923828125 0.25 0.0380859375 0.0712890625
0 0.615234375 0.1044921875 0.02734375 0.044921875
0 0.7607421875 0.1591796875 0.0341796875 0.0537109375
0 0.67578125 0.4228515625 0.0576171875 0.1240234375
0 0.70703125 0.1259765625 0.0263671875 0.04296875
0 0.6396484375 0.0478515625 0.0244140625 0.0322265625
0 0.849609375 0.5732421875 0.28125 0.6669921875
0 0.849609375 0.57421875 0.2802734375 0.662109375
0 0.5390625 0.2978515625 0.0458984375 0.107421875
0 0.658203125 0.13671875 0.0341796875 0.095703125
0 0.658203125 0.140625 0.033203125 0.0927734375