0 0.306640625 0.29296875 0.0390625 0.0791015625
0 0.140625 0.638671875 0.279296875 0.7099609375
0 0.29296875 0.1416015625 0.02734375 0.046875
0 0.23828125 0.16015625 0.033203125 0.0537109375
0 0.390625 0.1220703125 0.025390625 0.04296875
0 0.46875 0.328125 0.05078125 0.1142578125
0 0.3662109375 0.0595703125 0.0234375 0.0322265625
0 0.3115234375 0.5087890625 0.072265625 0.150390625
0 0.1396484375 0.6357421875 0.279296875 0.7177734375
0 0.34375 0.1708984375 0.0361328125 0.0791015625
0 0.3271484375 0.056640625 0.021484375 0.0322265625