0 0.892578125 0.724609375 0.2138671875 0.533203125
0 0.66015625 0.3134765625 0.052734375 0.171875
0 0.5087890625 0.486328125 0.064453125 0.1748046875
0 0.125 0.62109375 0.1103515625 0.1865234375
0 0.712890625 0.265625 0.03515625 0.0712890625
0 0.76171875 0.1591796875 0.0341796875 0.052734375
0 0.666015625 0.1220703125 0.03515625 0.056640625
0 0.7099609375 0.548828125 0.0712890625 0.16015625
0 0.611328125 0.1103515625 0.029296875 0.0537109375
0 0.5703125 0.21484375 0.0361328125 0.0615234375
0 0.6337890625 0.0517578125 0.029296875 0.0517578125