0 0.259765625 0.75 0.0986328125 0.2412109375
0 0.197265625 0.544921875 0.099609375 0.1787109375
0 0.30859375 0.4912109375 0.091796875 0.275390625
0 0.2392578125 0.1591796875 0.0361328125 0.0537109375
0 0.3388671875 0.150390625 0.033203125 0.0498046875
0 0.47265625 0.34765625 0.046875 0.1015625
0 0.50390625 0.6455078125 0.07421875 0.236328125
0 0.0654296875 0.8310546875 0.130859375 0.33203125
0 0.3408203125 0.2841796875 0.048828125 0.115234375
0 0.427734375 0.21484375 0.0419921875 0.0849609375
0 0.291015625 0.169921875 0.033203125 0.0693359375
0 0.33203125 0.0830078125 0.0234375 0.0361328125