0 0.2529296875 0.7900390625 0.1064453125 0.255859375
0 0.3056640625 0.5087890625 0.0947265625 0.2861328125
0 0.34375 0.19140625 0.03515625 0.0537109375
0 0.50390625 0.6591796875 0.076171875 0.24609375
0 0.2392578125 0.1591796875 0.03515625 0.0537109375
0 0.3388671875 0.1103515625 0.0234375 0.0458984375
0 0.154296875 0.642578125 0.1181640625 0.2138671875
0 0.291015625 0.107421875 0.021484375 0.03515625
0 0.283203125 0.21484375 0.04296875 0.0791015625
0 0.4755859375 0.3759765625 0.0498046875 0.115234375
0 0.3388671875 0.3193359375 0.052734375 0.1220703125
0 0.4375 0.24609375 0.0458984375 0.09765625
0 0.4375 0.24609375 0.0478515625 0.1015625
0 0.4140625 0.1640625 0.048828125 0.078125