0 0.2509765625 0.806640625 0.111328125 0.263671875
0 0.3056640625 0.513671875 0.0947265625 0.2890625
0 0.345703125 0.205078125 0.0361328125 0.0595703125
0 0.2392578125 0.1591796875 0.0341796875 0.0537109375
0 0.291015625 0.1162109375 0.025390625 0.0400390625
0 0.478515625 0.3896484375 0.048828125 0.1142578125
0 0.2841796875 0.2294921875 0.041015625 0.0888671875
0 0.50390625 0.662109375 0.078125 0.2470703125
0 0.3369140625 0.330078125 0.056640625 0.1259765625
0 0.33984375 0.1220703125 0.025390625 0.046875
0 0.4169921875 0.171875 0.0498046875 0.0888671875
0 0.13671875 0.68359375 0.126953125 0.2373046875
0 0.3193359375 0.02734375 0.0234375 0.0458984375
0 0.13671875 0.6826171875 0.126953125 0.2333984375