0 0.7509765625 0.8173828125 0.111328125 0.2666015625
0 0.6943359375 0.5146484375 0.095703125 0.2890625
0 0.7177734375 0.236328125 0.0419921875 0.091796875
0 0.654296875 0.212890625 0.0361328125 0.0595703125
0 0.6591796875 0.130859375 0.02734375 0.048828125
0 0.521484375 0.39453125 0.0517578125 0.1142578125
0 0.7607421875 0.1591796875 0.033203125 0.0537109375
0 0.6630859375 0.3349609375 0.056640625 0.130859375
0 0.49609375 0.6640625 0.0771484375 0.2490234375
0 0.708984375 0.12109375 0.0244140625 0.0400390625
0 0.55859375 0.263671875 0.0498046875 0.1015625
0 0.5810546875 0.1748046875 0.0498046875 0.087890625
0 0.87109375 0.703125 0.134765625 0.240234375