0 0.2333984375 0.869140625 0.1240234375 0.2607421875
0 0.3046875 0.5205078125 0.09765625 0.298828125
0 0.287109375 0.150390625 0.029296875 0.048828125
0 0.2392578125 0.1591796875 0.033203125 0.0556640625
0 0.345703125 0.25 0.03515625 0.068359375
0 0.080078125 0.81640625 0.16015625 0.29296875
0 0.2705078125 0.287109375 0.0517578125 0.10546875
0 0.423828125 0.1875 0.0537109375 0.0986328125
0 0.3447265625 0.1611328125 0.0283203125 0.052734375
0 0.8515625 0.6298828125 0.099609375 0.1875
0 0.50390625 0.671875 0.0771484375 0.2509765625
0 0.4814453125 0.4150390625 0.0517578125 0.1220703125
0 0.333984375 0.3525390625 0.056640625 0.1240234375
0 0.4501953125 0.28515625 0.048828125 0.109375
0 0.291015625 0.0576171875 0.021484375 0.0400390625