0 0.23046875 0.8779296875 0.12890625 0.244140625
0 0.302734375 0.5234375 0.0986328125 0.298828125
0 0.076171875 0.8408203125 0.1513671875 0.3017578125
0 0.83203125 0.68359375 0.1025390625 0.20703125
0 0.287109375 0.1572265625 0.029296875 0.046875
0 0.2392578125 0.1591796875 0.0341796875 0.0556640625
0 0.4814453125 0.4189453125 0.052734375 0.12109375
0 0.345703125 0.1669921875 0.0283203125 0.056640625
0 0.267578125 0.2978515625 0.0517578125 0.1123046875
0 0.5048828125 0.673828125 0.078125 0.2529296875
0 0.3447265625 0.251953125 0.03515625 0.0654296875
0 0.4248046875 0.1923828125 0.052734375 0.09765625
0 0.3349609375 0.3544921875 0.0556640625 0.1279296875
0 0.291015625 0.0615234375 0.0244140625 0.0400390625
0 0.4521484375 0.2890625 0.0498046875 0.1083984375