0 0.21875 0.91015625 0.126953125 0.1787109375
0 0.783203125 0.8837890625 0.111328125 0.23046875
0 0.3466796875 0.1865234375 0.03125 0.056640625
0 0.482421875 0.4296875 0.052734375 0.1240234375
0 0.2568359375 0.3310546875 0.0595703125 0.1181640625
0 0.298828125 0.537109375 0.1044921875 0.3125
0 0.2841796875 0.17578125 0.0322265625 0.0556640625
0 0.2392578125 0.1591796875 0.033203125 0.0556640625
0 0.345703125 0.2666015625 0.03515625 0.0634765625
0 0.0615234375 0.8779296875 0.123046875 0.236328125
0 0.4267578125 0.1953125 0.052734375 0.0986328125
0 0.3330078125 0.3583984375 0.0595703125 0.134765625
0 0.427734375 0.1943359375 0.0537109375 0.095703125
0 0.455078125 0.306640625 0.0498046875 0.099609375
0 0.326171875 0.0537109375 0.0224609375 0.0595703125
0 0.505859375 0.6767578125 0.078125 0.2509765625
0 0.1708984375 0.369140625 0.0869140625 0.08984375
0 0.326171875 0.052734375 0.0234375 0.0615234375
0 0.455078125 0.298828125 0.05078125 0.109375