0 0.271484375 0.267578125 0.0439453125 0.078125
0 0.484375 0.462890625 0.0556640625 0.1376953125
0 0.7841796875 0.8994140625 0.126953125 0.201171875
0 0.2392578125 0.16015625 0.0341796875 0.0556640625
0 0.2001953125 0.484375 0.091796875 0.1787109375
0 0.4296875 0.2099609375 0.05859375 0.109375
0 0.3427734375 0.2998046875 0.041015625 0.0732421875
0 0.3486328125 0.2275390625 0.0341796875 0.068359375
0 0.32421875 0.412109375 0.06640625 0.162109375
0 0.2548828125 0.7060546875 0.1513671875 0.431640625
0 0.462890625 0.3359375 0.052734375 0.125
0 0.2919921875 0.1494140625 0.02734375 0.046875
0 0.4638671875 0.3369140625 0.052734375 0.125
0 0.275390625 0.4111328125 0.03125 0.08984375