0 0.515625 0.46875 0.056640625 0.138671875
0 0.658203125 0.30859375 0.04296875 0.08203125
0 0.7607421875 0.16015625 0.0341796875 0.0556640625
0 0.7333984375 0.283203125 0.044921875 0.078125
0 0.8115234375 0.5146484375 0.099609375 0.193359375
0 0.677734375 0.435546875 0.0751953125 0.1669921875
0 0.7080078125 0.158203125 0.029296875 0.0517578125
0 0.650390625 0.2314453125 0.03515625 0.068359375
0 0.568359375 0.2099609375 0.0576171875 0.1123046875
0 0.7587890625 0.7578125 0.16796875 0.470703125
0 0.53515625 0.341796875 0.052734375 0.125
0 0.4931640625 0.7177734375 0.0830078125 0.2724609375
0 0.5341796875 0.3427734375 0.0537109375 0.1259765625
0 0.7578125 0.7578125 0.1669921875 0.470703125
0 0.6796875 0.03125 0.0185546875 0.0498046875