0 0.798828125 0.84765625 0.1708984375 0.2919921875
0 0.650390625 0.3037109375 0.0419921875 0.0849609375
0 0.7197265625 0.2919921875 0.0419921875 0.0751953125
0 0.673828125 0.5 0.0625 0.154296875
0 0.513671875 0.6162109375 0.072265625 0.1904296875
0 0.7607421875 0.1591796875 0.033203125 0.0537109375
0 0.5546875 0.240234375 0.0634765625 0.1279296875
0 0.818359375 0.5361328125 0.091796875 0.162109375
0 0.96875 0.92578125 0.0615234375 0.14453125
0 0.513671875 0.447265625 0.064453125 0.158203125
0 0.7119140625 0.1982421875 0.0361328125 0.056640625
0 0.513671875 0.4482421875 0.064453125 0.158203125
0 0.7080078125 0.087890625 0.0224609375 0.0322265625