0 0.1904296875 0.873046875 0.17578125 0.2529296875
0 0.171875 0.556640625 0.0966796875 0.1708984375
0 0.486328125 0.619140625 0.072265625 0.1904296875
0 0.2783203125 0.298828125 0.04296875 0.080078125
0 0.3505859375 0.3115234375 0.0419921875 0.087890625
0 0.2392578125 0.1591796875 0.0341796875 0.0537109375
0 0.3232421875 0.5224609375 0.06640625 0.1611328125
0 0.4462890625 0.2451171875 0.064453125 0.1259765625
0 0.2880859375 0.201171875 0.0341796875 0.0625
0 0.189453125 0.8720703125 0.1748046875 0.2509765625
0 0.486328125 0.455078125 0.064453125 0.169921875
0 0.01953125 0.9521484375 0.0390625 0.087890625
0 0.333984375 0.0947265625 0.0283203125 0.0634765625
0 0.29296875 0.0947265625 0.0224609375 0.0322265625