0 0.287109375 0.2265625 0.037109375 0.06640625
0 0.130859375 0.65625 0.12109375 0.2080078125
0 0.486328125 0.6201171875 0.0732421875 0.1904296875
0 0.26953125 0.3359375 0.048828125 0.08984375
0 0.34765625 0.3564453125 0.0478515625 0.1015625
0 0.2392578125 0.1591796875 0.033203125 0.0537109375
0 0.8525390625 0.607421875 0.1142578125 0.2109375
0 0.48828125 0.4541015625 0.064453125 0.1640625
0 0.30859375 0.6240234375 0.0830078125 0.197265625
0 0.4501953125 0.2646484375 0.068359375 0.1376953125
0 0.29296875 0.1123046875 0.025390625 0.0400390625
0 0.2880859375 0.056640625 0.025390625 0.0498046875