0 0.712890625 0.2265625 0.037109375 0.06640625
0 0.869140625 0.65625 0.12109375 0.2080078125
0 0.513671875 0.6201171875 0.0732421875 0.1904296875
0 0.73046875 0.3359375 0.048828125 0.08984375
0 0.65234375 0.3564453125 0.0478515625 0.1015625
0 0.7607421875 0.1591796875 0.033203125 0.0537109375
0 0.1474609375 0.607421875 0.1142578125 0.2109375
0 0.51171875 0.4541015625 0.064453125 0.1640625
0 0.69140625 0.6240234375 0.0830078125 0.197265625
0 0.5498046875 0.2646484375 0.068359375 0.1376953125
0 0.70703125 0.1123046875 0.025390625 0.0400390625
0 0.7119140625 0.056640625 0.025390625 0.0498046875