0 0.068359375 0.82421875 0.1357421875 0.2822265625
0 0.267578125 0.8310546875 0.1220703125 0.296875
0 0.486328125 0.619140625 0.072265625 0.19140625
0 0.2392578125 0.158203125 0.03515625 0.0537109375
0 0.248046875 0.4033203125 0.0537109375 0.0986328125
0 0.291015625 0.1376953125 0.02734375 0.044921875
0 0.2822265625 0.2607421875 0.04296875 0.076171875
0 0.4609375 0.287109375 0.064453125 0.14453125
0 0.48828125 0.4580078125 0.064453125 0.1669921875
0 0.3388671875 0.427734375 0.056640625 0.12890625
0 0.34375 0.212890625 0.037109375 0.115234375
0 0.48828125 0.455078125 0.0634765625 0.162109375
0 0.3388671875 0.4287109375 0.056640625 0.130859375
0 0.7314453125 0.888671875 0.126953125 0.22265625
0 0.3662109375 0.05859375 0.021484375 0.0302734375