0 0.259765625 0.345703125 0.056640625 0.1044921875
0 0.4873046875 0.6201171875 0.072265625 0.1904296875
0 0.3828125 0.095703125 0.0263671875 0.0400390625
0 0.193359375 0.5546875 0.0986328125 0.1640625
0 0.2392578125 0.1591796875 0.0341796875 0.0537109375
0 0.3427734375 0.27734375 0.046875 0.140625
0 0.46875 0.3193359375 0.068359375 0.1572265625
0 0.48828125 0.453125 0.0625 0.162109375
0 0.287109375 0.19140625 0.033203125 0.05859375
0 0.30078125 0.6357421875 0.0869140625 0.2041015625
0 0.30078125 0.63671875 0.087890625 0.2041015625
0 0.34375 0.1796875 0.029296875 0.044921875