0 0.1708984375 0.6044921875 0.1103515625 0.1845703125
0 0.28515625 0.7099609375 0.099609375 0.2373046875
0 0.4873046875 0.6201171875 0.072265625 0.1904296875
0 0.2392578125 0.158203125 0.03515625 0.0556640625
0 0.38671875 0.1083984375 0.02734375 0.04296875
0 0.341796875 0.294921875 0.0478515625 0.1474609375
0 0.4794921875 0.3916015625 0.0830078125 0.2919921875
0 0.486328125 0.453125 0.06640625 0.1650390625
0 0.28515625 0.134765625 0.029296875 0.0537109375
0 0.28515625 0.2080078125 0.0341796875 0.05859375
0 0.3466796875 0.1962890625 0.0341796875 0.0537109375
0 0.4697265625 0.3193359375 0.068359375 0.1552734375
0 0.2509765625 0.369140625 0.064453125 0.1181640625