0 0.4873046875 0.6201171875 0.072265625 0.19140625
0 0.23046875 0.892578125 0.134765625 0.212890625
0 0.1005859375 0.76953125 0.1494140625 0.2587890625
0 0.2392578125 0.158203125 0.033203125 0.0537109375
0 0.34765625 0.216796875 0.033203125 0.0595703125
0 0.2822265625 0.2421875 0.0390625 0.06640625
0 0.333984375 0.3525390625 0.0576171875 0.177734375
0 0.3955078125 0.1337890625 0.029296875 0.044921875
0 0.28515625 0.1640625 0.029296875 0.0595703125
0 0.2236328125 0.447265625 0.076171875 0.138671875
0 0.48828125 0.4541015625 0.0654296875 0.1650390625
0 0.470703125 0.3203125 0.068359375 0.15234375
0 0.4794921875 0.3955078125 0.080078125 0.28515625