0 0.931640625 0.8681640625 0.134765625 0.259765625
0 0.5126953125 0.6201171875 0.072265625 0.1904296875
0 0.72265625 0.2705078125 0.041015625 0.076171875
0 0.716796875 0.181640625 0.03125 0.0634765625
0 0.7607421875 0.1591796875 0.0341796875 0.0537109375
0 0.650390625 0.232421875 0.0341796875 0.0625
0 0.59765625 0.150390625 0.03125 0.046875
0 0.6748046875 0.3955078125 0.068359375 0.1982421875
0 0.5126953125 0.4541015625 0.06640625 0.1640625
0 0.5205078125 0.3955078125 0.0810546875 0.28515625
0 0.529296875 0.3193359375 0.068359375 0.1513671875
0 0.798828125 0.505859375 0.091796875 0.16015625
0 0.6591796875 0.1728515625 0.0283203125 0.0595703125