0 0.060546875 0.8857421875 0.1201171875 0.220703125
0 0.32421875 0.412109375 0.068359375 0.2041015625
0 0.4873046875 0.6201171875 0.072265625 0.1904296875
0 0.2763671875 0.2783203125 0.0419921875 0.0830078125
0 0.2822265625 0.189453125 0.0341796875 0.068359375
0 0.2392578125 0.1591796875 0.033203125 0.0537109375
0 0.404296875 0.1552734375 0.03125 0.0458984375
0 0.48828125 0.4541015625 0.064453125 0.1640625
0 0.3505859375 0.2392578125 0.0361328125 0.0654296875
0 0.193359375 0.5283203125 0.095703125 0.1650390625
0 0.470703125 0.3212890625 0.0693359375 0.15234375
0 0.341796875 0.173828125 0.0283203125 0.0615234375
0 0.4794921875 0.3955078125 0.080078125 0.283203125