0 0.8212890625 0.5849609375 0.103515625 0.1845703125
0 0.5126953125 0.6201171875 0.072265625 0.1904296875
0 0.7001953125 0.08984375 0.0244140625 0.04296875
0 0.564453125 0.232421875 0.0419921875 0.0634765625
0 0.7275390625 0.2607421875 0.037109375 0.0712890625
0 0.5966796875 0.162109375 0.0283203125 0.0390625
0 0.7607421875 0.1591796875 0.0341796875 0.0556640625
0 0.705078125 0.19140625 0.0302734375 0.0556640625
0 0.6650390625 0.4599609375 0.056640625 0.1220703125
0 0.7578125 0.384765625 0.064453125 0.1240234375
0 0.513671875 0.4189453125 0.0673828125 0.2373046875
0 0.5126953125 0.453125 0.06640625 0.1650390625
0 0.6162109375 0.1201171875 0.029296875 0.037109375
0 0.654296875 0.2802734375 0.0380859375 0.0947265625
0 0.5283203125 0.3291015625 0.06640625 0.130859375
0 0.2294921875 0.7919921875 0.201171875 0.408203125
0 0.66015625 0.1337890625 0.029296875 0.080078125