0 0.1748046875 0.705078125 0.107421875 0.2197265625
0 0.513671875 0.62109375 0.072265625 0.1884765625
0 0.9248046875 0.84765625 0.1494140625 0.2958984375
0 0.70703125 0.1572265625 0.0283203125 0.0517578125
0 0.71484375 0.2666015625 0.0361328125 0.080078125
0 0.748046875 0.3544921875 0.0498046875 0.0947265625
0 0.705078125 0.6904296875 0.095703125 0.2138671875
0 0.7607421875 0.16015625 0.033203125 0.0556640625
0 0.560546875 0.2490234375 0.0380859375 0.072265625
0 0.666015625 0.365234375 0.0498046875 0.115234375
0 0.8173828125 0.533203125 0.091796875 0.1845703125
0 0.51171875 0.4541015625 0.064453125 0.162109375
0 0.529296875 0.3369140625 0.0654296875 0.109375
0 0.587890625 0.1884765625 0.03125 0.044921875
0 0.650390625 0.2607421875 0.0380859375 0.0927734375
0 0.6064453125 0.1455078125 0.025390625 0.0419921875
0 0.6591796875 0.15234375 0.033203125 0.091796875