0 0.068359375 0.8642578125 0.13671875 0.267578125
0 0.2919921875 0.1650390625 0.0283203125 0.056640625
0 0.8125 0.75390625 0.107421875 0.2392578125
0 0.486328125 0.62109375 0.0712890625 0.1884765625
0 0.2841796875 0.27734375 0.0380859375 0.076171875
0 0.2861328125 0.73046875 0.1005859375 0.23046875
0 0.2392578125 0.1591796875 0.033203125 0.0556640625
0 0.44140625 0.2490234375 0.041015625 0.0732421875
0 0.33203125 0.380859375 0.05078125 0.119140625
0 0.2470703125 0.3681640625 0.0498046875 0.0927734375
0 0.17578125 0.5517578125 0.095703125 0.1884765625
0 0.412109375 0.189453125 0.03125 0.044921875
0 0.39453125 0.1474609375 0.025390625 0.0419921875
0 0.4853515625 0.4130859375 0.0693359375 0.244140625
0 0.486328125 0.4521484375 0.0673828125 0.1650390625
0 0.470703125 0.3359375 0.064453125 0.1142578125
0 0.349609375 0.265625 0.0380859375 0.0947265625
0 0.376953125 0.11328125 0.0244140625 0.03515625
0 0.3515625 0.0703125 0.021484375 0.033203125
0 0.3408203125 0.150390625 0.0341796875 0.0849609375