0 0.056640625 0.8955078125 0.111328125 0.205078125
0 0.2421875 0.3857421875 0.056640625 0.107421875
0 0.486328125 0.62109375 0.0712890625 0.19140625
0 0.79296875 0.861328125 0.11328125 0.2734375
0 0.2392578125 0.158203125 0.033203125 0.0556640625
0 0.279296875 0.294921875 0.041015625 0.0830078125
0 0.2890625 0.181640625 0.0322265625 0.0625
0 0.326171875 0.4033203125 0.056640625 0.12890625
0 0.265625 0.8173828125 0.1171875 0.2763671875
0 0.4814453125 0.408203125 0.080078125 0.25390625
0 0.349609375 0.2822265625 0.0419921875 0.0986328125
0 0.44140625 0.25 0.0419921875 0.0751953125
0 0.396484375 0.150390625 0.025390625 0.037109375
0 0.4130859375 0.19140625 0.029296875 0.0458984375
0 0.1591796875 0.5830078125 0.103515625 0.1982421875
0 0.4853515625 0.4443359375 0.0703125 0.1787109375
0 0.341796875 0.150390625 0.033203125 0.0791015625
0 0.4716796875 0.33984375 0.064453125 0.1142578125