0 0.224609375 0.4453125 0.0654296875 0.12109375
0 0.486328125 0.6201171875 0.0712890625 0.1904296875
0 0.345703125 0.328125 0.0458984375 0.115234375
0 0.2666015625 0.345703125 0.0498046875 0.099609375
0 0.306640625 0.5009765625 0.0751953125 0.169921875
0 0.2392578125 0.1591796875 0.0341796875 0.0556640625
0 0.279296875 0.2490234375 0.0380859375 0.078125
0 0.4814453125 0.4091796875 0.080078125 0.2529296875
0 0.107421875 0.7041015625 0.130859375 0.25
0 0.34375 0.0927734375 0.021484375 0.0322265625
0 0.416015625 0.203125 0.029296875 0.0390625
0 0.4716796875 0.3427734375 0.064453125 0.1162109375
0 0.486328125 0.4482421875 0.0693359375 0.173828125
0 0.439453125 0.2548828125 0.0361328125 0.0751953125
0 0.35546875 0.04296875 0.0185546875 0.0302734375
0 0.3828125 0.1279296875 0.0244140625 0.0419921875