0 0.220703125 0.4541015625 0.068359375 0.125
0 0.486328125 0.62109375 0.072265625 0.1904296875
0 0.263671875 0.3564453125 0.048828125 0.0947265625
0 0.8984375 0.5146484375 0.0869140625 0.140625
0 0.30078125 0.5224609375 0.0791015625 0.177734375
0 0.2392578125 0.1591796875 0.033203125 0.0556640625
0 0.4814453125 0.41015625 0.080078125 0.2529296875
0 0.0966796875 0.7255859375 0.13671875 0.2607421875
0 0.3427734375 0.0947265625 0.0234375 0.033203125
0 0.486328125 0.4482421875 0.0693359375 0.173828125
0 0.3447265625 0.3349609375 0.044921875 0.1240234375
0 0.3505859375 0.2294921875 0.0361328125 0.080078125
0 0.416015625 0.201171875 0.0302734375 0.04296875
0 0.4716796875 0.341796875 0.0654296875 0.115234375
0 0.27734375 0.2587890625 0.0361328125 0.0830078125