0 0.486328125 0.6201171875 0.072265625 0.1904296875
0 0.2607421875 0.36328125 0.052734375 0.109375
0 0.2138671875 0.4755859375 0.0712890625 0.1259765625
0 0.2890625 0.5712890625 0.087890625 0.203125
0 0.3427734375 0.3544921875 0.048828125 0.1259765625
0 0.2392578125 0.1591796875 0.033203125 0.056640625
0 0.873046875 0.5693359375 0.11328125 0.1669921875
0 0.0751953125 0.7763671875 0.1484375 0.2802734375
0 0.4814453125 0.4091796875 0.0791015625 0.2509765625
0 0.486328125 0.451171875 0.068359375 0.1650390625
0 0.33984375 0.1025390625 0.0244140625 0.0361328125
0 0.4716796875 0.33984375 0.0634765625 0.111328125
0 0.3505859375 0.2421875 0.0361328125 0.080078125
0 0.4404296875 0.255859375 0.0361328125 0.0751953125
0 0.4169921875 0.201171875 0.03125 0.0458984375
0 0.2734375 0.2724609375 0.0419921875 0.0859375
0 0.3837890625 0.134765625 0.0244140625 0.046875