0 0.49609375 0.10546875 0.5 0.107421875 0.5 0.115234375 0.49609375 0.115234375 0.49609375 0.107421875
0 0.47265625 0.185546875 0.474609375 0.1875 0.474609375 0.205078125 0.46484375 0.205078125 0.46484375 0.19140625 0.470703125 0.185546875
0 0.458984375 0.22265625 0.4609375 0.2265625 0.4609375 0.248046875 0.458984375 0.25 0.451171875 0.25 0.447265625 0.24609375 0.44921875 0.224609375 0.451171875 0.22265625 0.45703125 0.22265625
0 0.583984375 0.11328125 0.587890625 0.1171875 0.587890625 0.123046875 0.58984375 0.125 0.587890625 0.12890625 0.58203125 0.12890625 0.58203125 0.1171875 0.583984375 0.115234375
0 0.62109375 0.13671875 0.625 0.140625 0.625 0.146484375 0.626953125 0.1484375 0.625 0.15234375 0.619140625 0.15234375 0.6171875 0.150390625 0.6171875 0.138671875 0.619140625 0.138671875
0 0.44140625 0.32421875 0.443359375 0.326171875 0.443359375 0.3515625 0.44140625 0.35546875 0.439453125 0.353515625 0.439453125 0.328125 0.44140625 0.326171875
0 0.62109375 0.12109375 0.619140625 0.1171875 0.623046875 0.109375 0.62890625 0.11328125 0.62890625 0.119140625 0.623046875 0.12109375
0 0.580078125 0.103515625 0.583984375 0.107421875 0.583984375 0.11328125 0.578125 0.115234375 0.578125 0.10546875
0 0.607421875 0.140625 0.61328125 0.140625 0.615234375 0.142578125 0.615234375 0.158203125 0.611328125 0.16015625 0.60546875 0.158203125 0.60546875 0.14453125 0.607421875 0.142578125
0 0.931640625 0.234375 0.939453125 0.23828125 0.94140625 0.248046875 0.9296875 0.248046875 0.92578125 0.244140625 0.921875 0.244140625 0.919921875 0.23828125 0.923828125 0.234375 0.9296875 0.234375
0 0.48046875 0.111328125 0.482421875 0.11328125 0.482421875 0.119140625 0.478515625 0.123046875 0.474609375 0.123046875 0.474609375 0.1171875 0.478515625 0.11328125