0 0.5322265625 0.314453125 0.0078125 0.0205078125
0 0.482421875 0.15625 0.48828125 0.15625 0.490234375 0.16015625 0.490234375 0.16796875 0.48828125 0.169921875 0.482421875 0.169921875 0.48046875 0.16796875 0.48046875 0.16015625 0.482421875 0.158203125
0 0.533203125 0.52734375 0.5390625 0.52734375 0.541015625 0.529296875 0.541015625 0.548828125 0.537109375 0.55859375 0.533203125 0.546875 0.533203125 0.529296875
0 0.50390625 0.265625 0.505859375 0.267578125 0.505859375 0.287109375 0.501953125 0.283203125 0.501953125 0.267578125
0 0.380859375 0.10546875 0.3828125 0.109375 0.3828125 0.12109375 0.380859375 0.123046875 0.375 0.12109375 0.375 0.107421875 0.37890625 0.10546875
0 0.369140625 0.11328125 0.37109375 0.1171875 0.37109375 0.134765625 0.369140625 0.138671875 0.361328125 0.138671875 0.359375 0.134765625 0.359375 0.12109375 0.361328125 0.1171875 0.3671875 0.115234375
0 0.48046875 0.1181640625 0.0087890625 0.0107421875
0 0.43359375 0.169921875 0.435546875 0.171875 0.435546875 0.1875 0.4296875 0.1875 0.427734375 0.185546875 0.427734375 0.171875 0.431640625 0.169921875
0 0.49609375 0.458984375 0.5 0.4609375 0.498046875 0.48828125 0.49609375 0.486328125 0.49609375 0.46484375 0.494140625 0.462890625 0.49609375 0.4609375
0 0.248046875 0.16796875 0.24609375 0.162109375 0.24609375 0.146484375 0.248046875 0.14453125 0.2578125 0.14453125 0.259765625 0.146484375 0.259765625 0.166015625 0.251953125 0.169921875 0.25 0.16796875
0 0.400390625 0.09765625 0.400390625 0.115234375 0.3984375 0.1171875 0.39453125 0.11328125 0.39453125 0.099609375 0.3984375 0.09765625
0 0.50390625 0.171875 0.505859375 0.171875 0.505859375 0.181640625 0.50390625 0.18359375 0.50390625 0.173828125
0 0.49609375 0.232421875 0.498046875 0.234375 0.498046875 0.251953125 0.494140625 0.248046875 0.494140625 0.236328125 0.49609375 0.234375
0 0.44921875 0.837890625 0.4453125 0.84375 0.4453125 0.861328125 0.447265625 0.86328125 0.4453125 0.8671875 0.4453125 0.888671875 0.443359375 0.890625 0.443359375 0.8984375 0.439453125 0.90234375 0.439453125 0.908203125 0.435546875 0.908203125 0.435546875 0.89453125 0.43359375 0.892578125 0.43359375 0.87890625 0.431640625 0.876953125 0.431640625 0.861328125 0.43359375 0.859375 0.431640625 0.841796875 0.435546875 0.845703125 0.443359375 0.845703125 0.44921875 0.83984375