0 0.34765625 0.1455078125 0.017578125 0.0302734375
0 0.48828125 0.169921875 0.490234375 0.18359375 0.486328125 0.185546875 0.482421875 0.185546875 0.482421875 0.171875 0.486328125 0.169921875
0 0.546875 0.76953125 0.548828125 0.771484375 0.548828125 0.779296875 0.546875 0.78125 0.546875 0.79296875 0.544921875 0.794921875 0.544921875 0.8046875 0.541015625 0.818359375 0.53515625 0.796875 0.53515625 0.771484375 0.544921875 0.76953125
0 0.48046875 0.6875 0.486328125 0.685546875 0.4921875 0.689453125 0.490234375 0.72265625 0.486328125 0.73046875 0.482421875 0.716796875 0.482421875 0.693359375 0.48046875 0.689453125
0 0.490234375 0.28515625 0.494140625 0.28515625 0.494140625 0.302734375 0.4921875 0.3046875 0.48828125 0.29296875 0.490234375 0.287109375
0 0.5390625 0.37109375 0.544921875 0.37109375 0.54296875 0.390625 0.5390625 0.388671875 0.5390625 0.373046875
0 0.421875 0.21875 0.421875 0.19921875 0.423828125 0.197265625 0.4296875 0.197265625 0.4296875 0.203125 0.431640625 0.205078125 0.4296875 0.21875 0.427734375 0.220703125 0.423828125 0.21875
0 0.3642578125 0.126953125 0.013671875 0.0234375
0 0.501953125 0.33203125 0.505859375 0.33203125 0.5078125 0.337890625 0.505859375 0.349609375 0.50390625 0.349609375 0.501953125 0.333984375
0 0.287109375 0.12890625 0.287109375 0.146484375 0.28515625 0.1484375 0.279296875 0.1484375 0.27734375 0.14453125 0.27734375 0.130859375 0.28125 0.126953125 0.28515625 0.12890625
0 0.390625 0.103515625 0.396484375 0.107421875 0.39453125 0.123046875 0.388671875 0.125 0.38671875 0.123046875 0.38671875 0.107421875 0.390625 0.10546875
0 0.51171875 0.189453125 0.513671875 0.193359375 0.513671875 0.203125 0.51171875 0.205078125 0.509765625 0.201171875 0.509765625 0.193359375 0.51171875 0.19140625