0 0.349609375 0.134765625 0.3515625 0.13671875 0.349609375 0.162109375 0.34375 0.162109375 0.341796875 0.1640625 0.337890625 0.162109375 0.337890625 0.1484375 0.3359375 0.14453125 0.341796875 0.134765625 0.34765625 0.134765625
0 0.48828125 0.171875 0.490234375 0.173828125 0.490234375 0.185546875 0.484375 0.1875 0.482421875 0.185546875 0.482421875 0.173828125 0.486328125 0.171875
0 0.5390625 0.82421875 0.548828125 0.822265625 0.548828125 0.849609375 0.546875 0.8515625 0.54296875 0.87890625 0.541015625 0.87890625 0.541015625 0.87109375 0.537109375 0.859375 0.537109375 0.84765625 0.53515625 0.845703125 0.53515625 0.828125 0.5390625 0.826171875
0 0.486328125 0.740234375 0.490234375 0.748046875 0.490234375 0.7578125 0.48828125 0.759765625 0.48828125 0.771484375 0.486328125 0.7734375 0.484375 0.787109375 0.48046875 0.779296875 0.48046875 0.76171875 0.478515625 0.759765625 0.478515625 0.7421875 0.484375 0.740234375
0 0.359375 0.140625 0.35546875 0.1328125 0.35546875 0.12109375 0.361328125 0.11328125 0.365234375 0.115234375 0.365234375 0.123046875 0.3671875 0.125 0.3671875 0.138671875 0.361328125 0.140625
0 0.544921875 0.3828125 0.544921875 0.3984375 0.54296875 0.404296875 0.5390625 0.396484375 0.5390625 0.384765625 0.54296875 0.3828125
0 0.42578125 0.201171875 0.4296875 0.203125 0.4296875 0.224609375 0.419921875 0.224609375 0.419921875 0.20703125 0.423828125 0.203125
0 0.50390625 0.33203125 0.505859375 0.33203125 0.5078125 0.337890625 0.505859375 0.359375 0.50390625 0.359375 0.50390625 0.353515625 0.501953125 0.3515625 0.501953125 0.3359375 0.50390625 0.333984375
0 0.283203125 0.125 0.2890625 0.125 0.291015625 0.126953125 0.291015625 0.142578125 0.28515625 0.146484375 0.28125 0.14453125 0.28125 0.12890625 0.283203125 0.126953125
0 0.39453125 0.10546875 0.39453125 0.123046875 0.392578125 0.126953125 0.38671875 0.126953125 0.384765625 0.123046875 0.384765625 0.111328125 0.38671875 0.107421875 0.392578125 0.10546875
0 0.51171875 0.193359375 0.513671875 0.193359375 0.513671875 0.20703125 0.51171875 0.208984375 0.51171875 0.1953125
0 0.490234375 0.29296875 0.494140625 0.296875 0.4921875 0.314453125 0.48828125 0.310546875 0.48828125 0.294921875
0 0.490234375 0.1875 0.4921875 0.189453125 0.4921875 0.201171875 0.490234375 0.201171875 0.490234375 0.189453125