0 0.482421875 0.173828125 0.48828125 0.173828125 0.490234375 0.17578125 0.490234375 0.189453125 0.482421875 0.189453125 0.482421875 0.17578125
0 0.548828125 0.888671875 0.55078125 0.890625 0.55078125 0.9140625 0.548828125 0.916015625 0.548828125 0.927734375 0.54296875 0.94921875 0.5390625 0.927734375 0.537109375 0.92578125 0.53515625 0.900390625 0.5390625 0.890625 0.546875 0.888671875
0 0.490234375 0.302734375 0.4921875 0.3046875 0.4921875 0.3203125 0.490234375 0.326171875 0.48828125 0.322265625 0.48828125 0.3046875
0 0.484375 0.802734375 0.48828125 0.810546875 0.486328125 0.8125 0.486328125 0.8359375 0.482421875 0.84375 0.48046875 0.859375 0.48046875 0.8515625 0.4765625 0.841796875 0.4765625 0.828125 0.474609375 0.826171875 0.474609375 0.8046875 0.4765625 0.802734375 0.482421875 0.802734375
0 0.35546875 0.1171875 0.36328125 0.1171875 0.365234375 0.119140625 0.365234375 0.140625 0.36328125 0.142578125 0.35546875 0.142578125 0.35546875 0.119140625
0 0.50390625 0.373046875 0.501953125 0.369140625 0.501953125 0.357421875 0.50390625 0.35546875 0.505859375 0.35546875 0.505859375 0.373046875
0 0.341796875 0.1513671875 0.015625 0.0302734375
0 0.3896484375 0.1181640625 0.01171875 0.025390625
0 0.419921875 0.20703125 0.427734375 0.20703125 0.4296875 0.212890625 0.4296875 0.2265625 0.427734375 0.23046875 0.41796875 0.23046875 0.41796875 0.2109375 0.419921875 0.208984375
0 0.51171875 0.197265625 0.515625 0.201171875 0.515625 0.2109375 0.513671875 0.212890625 0.51171875 0.2109375 0.51171875 0.19921875
0 0.546875 0.39453125 0.544921875 0.41796875 0.54296875 0.41796875 0.54296875 0.412109375 0.541015625 0.41015625 0.541015625 0.3984375 0.544921875 0.396484375
0 0.291015625 0.123046875 0.294921875 0.125 0.294921875 0.140625 0.291015625 0.142578125 0.28515625 0.140625 0.28515625 0.125 0.2890625 0.123046875
0 0.490234375 0.19140625 0.4921875 0.193359375 0.4921875 0.205078125 0.490234375 0.205078125 0.490234375 0.193359375