0 0.404296875 0.6162109375 0.046875 0.0830078125
0 0.1201171875 0.74609375 0.1103515625 0.1240234375
0 0.1396484375 0.9287109375 0.150390625 0.1376953125
0 0.3720703125 0.4765625 0.076171875 0.14453125
0 0.4375 0.5048828125 0.0263671875 0.0400390625
0 0.6484375 0.7275390625 0.080078125 0.1279296875
0 0.693359375 0.6279296875 0.064453125 0.08984375
0 0.6328125 0.4716796875 0.025390625 0.0322265625
0 0.541015625 0.44140625 0.02734375 0.0419921875
0 0.7001953125 0.6494140625 0.0537109375 0.052734375
0 0.4296875 0.4150390625 0.0283203125 0.04296875