0 0.81640625 0.880859375 0.123046875 0.1572265625
0 0.591796875 0.6025390625 0.044921875 0.0791015625
0 0.26953125 0.6904296875 0.076171875 0.1123046875
0 0.560546875 0.5009765625 0.0283203125 0.0458984375
0 0.8486328125 0.7119140625 0.0986328125 0.1123046875
0 0.623046875 0.470703125 0.07421875 0.1416015625
0 0.357421875 0.484375 0.0263671875 0.0390625
0 0.318359375 0.826171875 0.095703125 0.1806640625
0 0.623046875 0.4716796875 0.072265625 0.1416015625
0 0.455078125 0.4501953125 0.025390625 0.0458984375
0 0.572265625 0.4130859375 0.0361328125 0.0458984375