0 0.8349609375 0.8701171875 0.12890625 0.1572265625
0 0.701171875 0.9287109375 0.12109375 0.1416015625
0 0.63671875 0.55078125 0.041015625 0.0556640625
0 0.1064453125 0.943359375 0.1240234375 0.109375
0 0.4111328125 0.6025390625 0.048828125 0.0830078125
0 0.87109375 0.734375 0.087890625 0.0986328125
0 0.2255859375 0.6240234375 0.0673828125 0.091796875
0 0.61328125 0.6357421875 0.060546875 0.0927734375
0 0.560546875 0.4892578125 0.0263671875 0.0419921875
0 0.587890625 0.423828125 0.048828125 0.095703125
0 0.4072265625 0.4814453125 0.0283203125 0.0390625
0 0.3125 0.6318359375 0.064453125 0.1015625
0 0.5869140625 0.423828125 0.05078125 0.0986328125
0 0.42578125 0.443359375 0.021484375 0.03515625
0 0.3837890625 0.455078125 0.01953125 0.033203125
0 0.6728515625 0.5009765625 0.03125 0.0498046875