0 0.318359375 0.8955078125 0.109375 0.16796875
0 0.3671875 0.537109375 0.041015625 0.052734375
0 0.197265625 0.8134765625 0.111328125 0.142578125
0 0.60546875 0.650390625 0.060546875 0.1015625
0 0.1572265625 0.6982421875 0.0771484375 0.0947265625
0 0.7216796875 0.689453125 0.0771484375 0.1259765625
0 0.8154296875 0.6708984375 0.080078125 0.1123046875
0 0.392578125 0.619140625 0.0595703125 0.091796875
0 0.599609375 0.4951171875 0.029296875 0.0419921875
0 0.4130859375 0.421875 0.0458984375 0.0947265625
0 0.4140625 0.421875 0.048828125 0.095703125
0 0.4423828125 0.4833984375 0.025390625 0.037109375
0 0.578125 0.4482421875 0.0263671875 0.0322265625
0 0.3369140625 0.4931640625 0.0380859375 0.0537109375
0 0.626953125 0.46484375 0.017578125 0.0263671875