0 0.6201171875 0.6865234375 0.0634765625 0.095703125
0 0.30078125 0.6796875 0.0693359375 0.10546875
0 0.58203125 0.5419921875 0.037109375 0.0654296875
0 0.6943359375 0.62890625 0.064453125 0.078125
0 0.2958984375 0.556640625 0.0390625 0.0625
0 0.5771484375 0.4091796875 0.0390625 0.080078125
0 0.3779296875 0.53125 0.0341796875 0.052734375
0 0.34765625 0.4912109375 0.02734375 0.0400390625
0 0.736328125 0.572265625 0.0400390625 0.0595703125
0 0.609375 0.4951171875 0.0390625 0.0419921875
0 0.4296875 0.4345703125 0.0234375 0.0322265625
0 0.4541015625 0.4462890625 0.0263671875 0.0361328125
0 0.552734375 0.458984375 0.0234375 0.037109375
0 0.41015625 0.404296875 0.025390625 0.0400390625
0 0.63671875 0.462890625 0.025390625 0.03515625