0 0.615234375 0.666015625 0.056640625 0.08984375
0 0.580078125 0.53515625 0.037109375 0.0625
0 0.2626953125 0.7509765625 0.087890625 0.12890625
0 0.3671875 0.5537109375 0.0439453125 0.0625
0 0.6826171875 0.6103515625 0.0537109375 0.0732421875
0 0.2734375 0.5830078125 0.046875 0.0732421875
0 0.576171875 0.4072265625 0.037109375 0.080078125
0 0.724609375 0.55859375 0.0390625 0.0537109375
0 0.451171875 0.4560546875 0.029296875 0.0419921875
0 0.3359375 0.5068359375 0.0341796875 0.0458984375
0 0.6044921875 0.4892578125 0.0302734375 0.0419921875
0 0.42578125 0.443359375 0.021484375 0.0302734375
0 0.40625 0.4091796875 0.0263671875 0.044921875
0 0.544921875 0.4443359375 0.041015625 0.05859375