0 0.3369140625 0.5791015625 0.048828125 0.0654296875
0 0.3955078125 0.630859375 0.0517578125 0.0791015625
0 0.669921875 0.6181640625 0.0517578125 0.0791015625
0 0.423828125 0.515625 0.03515625 0.0556640625
0 0.7919921875 0.6669921875 0.064453125 0.099609375
0 0.876953125 0.947265625 0.154296875 0.1044921875
0 0.5849609375 0.46484375 0.0263671875 0.0390625
0 0.4013671875 0.48046875 0.0283203125 0.037109375
0 0.2890625 0.95703125 0.115234375 0.08203125
0 0.2958984375 0.537109375 0.033203125 0.048828125
0 0.5595703125 0.484375 0.03125 0.052734375
0 0.6953125 0.546875 0.041015625 0.0595703125
0 0.42578125 0.400390625 0.0361328125 0.0751953125
0 0.095703125 0.958984375 0.142578125 0.080078125
0 0.6025390625 0.41796875 0.0302734375 0.0517578125
0 0.6025390625 0.4189453125 0.029296875 0.0517578125
0 0.44921875 0.44921875 0.0263671875 0.03515625