0 0.087890625 0.77734375 0.173828125 0.3857421875
0 0.4189453125 0.546875 0.037109375 0.0556640625
0 0.666015625 0.611328125 0.060546875 0.080078125
0 0.5771484375 0.552734375 0.0390625 0.0615234375
0 0.27734375 0.68359375 0.0712890625 0.09765625
0 0.3779296875 0.5126953125 0.037109375 0.0458984375
0 0.37109375 0.703125 0.06640625 0.107421875
0 0.6787109375 0.8603515625 0.107421875 0.220703125
0 0.537109375 0.4208984375 0.021484375 0.0302734375
0 0.603515625 0.486328125 0.029296875 0.044921875
0 0.65234375 0.474609375 0.0537109375 0.0849609375
0 0.4384765625 0.4736328125 0.025390625 0.0419921875
0 0.416015625 0.4521484375 0.021484375 0.029296875
0 0.3447265625 0.4794921875 0.02734375 0.03515625
0 0.65234375 0.474609375 0.052734375 0.0849609375
0 0.4345703125 0.392578125 0.0322265625 0.072265625