0 0.623046875 0.71875 0.06640625 0.10546875
0 0.7998046875 0.798828125 0.111328125 0.142578125
0 0.5927734375 0.5830078125 0.0439453125 0.0654296875
0 0.09765625 0.7890625 0.107421875 0.150390625
0 0.67578125 0.552734375 0.103515625 0.1787109375
0 0.5615234375 0.4833984375 0.025390625 0.0419921875
0 0.3134765625 0.529296875 0.0380859375 0.068359375
0 0.359375 0.55078125 0.044921875 0.0595703125
0 0.44921875 0.4482421875 0.025390625 0.03515625
0 0.60546875 0.48046875 0.033203125 0.04296875
0 0.408203125 0.4169921875 0.015625 0.0205078125
0 0.5517578125 0.4462890625 0.025390625 0.0361328125
0 0.609375 0.482421875 0.0439453125 0.04296875