0 0.66796875 0.859375 0.0927734375 0.15234375
0 0.599609375 0.6337890625 0.0517578125 0.076171875
0 0.7294921875 0.6787109375 0.076171875 0.099609375
0 0.4296875 0.5009765625 0.033203125 0.0517578125
0 0.580078125 0.5458984375 0.0341796875 0.05859375
0 0.232421875 0.763671875 0.1005859375 0.140625
0 0.197265625 0.669921875 0.08203125 0.125
0 0.388671875 0.44140625 0.021484375 0.02734375
0 0.42578125 0.4453125 0.0205078125 0.0322265625
0 0.595703125 0.462890625 0.029296875 0.04296875
0 0.5546875 0.4677734375 0.02734375 0.037109375
0 0.6494140625 0.517578125 0.078125 0.1357421875
0 0.4658203125 0.4248046875 0.021484375 0.029296875