0 0.4033203125 0.6064453125 0.0458984375 0.0732421875
0 0.34765625 0.798828125 0.087890625 0.1357421875
0 0.3525390625 0.5419921875 0.0439453125 0.0595703125
0 0.203125 0.806640625 0.0966796875 0.1279296875
0 0.728515625 0.5810546875 0.05078125 0.0654296875
0 0.572265625 0.5751953125 0.041015625 0.0654296875
0 0.650390625 0.578125 0.0478515625 0.0712890625
0 0.376953125 0.45703125 0.0390625 0.0947265625
0 0.427734375 0.537109375 0.03515625 0.052734375
0 0.541015625 0.435546875 0.0234375 0.0390625
0 0.5888671875 0.4560546875 0.021484375 0.033203125
0 0.4365234375 0.484375 0.02734375 0.0390625
0 0.3828125 0.447265625 0.048828125 0.115234375
0 0.1806640625 0.6416015625 0.115234375 0.1669921875
0 0.1806640625 0.642578125 0.1162109375 0.1669921875
0 0.462890625 0.421875 0.021484375 0.037109375