0 0.384765625 0.671875 0.0625 0.0927734375
0 0.4150390625 0.5615234375 0.0390625 0.0625
0 0.7763671875 0.7998046875 0.103515625 0.1552734375
0 0.27734375 0.6728515625 0.0673828125 0.08203125
0 0.921875 0.814453125 0.1142578125 0.1552734375
0 0.6640625 0.8798828125 0.1025390625 0.1904296875
0 0.5537109375 0.4794921875 0.0302734375 0.0498046875
0 0.3720703125 0.5107421875 0.03515625 0.0517578125
0 0.615234375 0.5029296875 0.0322265625 0.046875
0 0.3857421875 0.4423828125 0.0380859375 0.0849609375
0 0.3037109375 0.9716796875 0.103515625 0.056640625
0 0.2451171875 0.5732421875 0.080078125 0.12890625
0 0.435546875 0.51171875 0.0341796875 0.046875
0 0.46484375 0.423828125 0.021484375 0.0361328125
0 0.2451171875 0.5732421875 0.0771484375 0.1240234375