0 0.708984375 0.6513671875 0.060546875 0.0791015625
0 0.58203125 0.5517578125 0.037109375 0.0595703125
0 0.68359375 0.9375 0.115234375 0.1240234375
0 0.6103515625 0.650390625 0.060546875 0.0888671875
0 0.3740234375 0.51953125 0.037109375 0.0517578125
0 0.0234375 0.916015625 0.046875 0.14453125
0 0.44140625 0.4951171875 0.0341796875 0.0556640625
0 0.6220703125 0.5009765625 0.037109375 0.0517578125
0 0.2958984375 0.9716796875 0.095703125 0.056640625
0 0.61328125 0.4384765625 0.037109375 0.0791015625
0 0.15234375 0.9072265625 0.138671875 0.18359375
0 0.7421875 0.560546875 0.0751953125 0.1142578125
0 0.5625 0.505859375 0.029296875 0.044921875
0 0.7412109375 0.5615234375 0.07421875 0.1142578125
0 0.443359375 0.412109375 0.0205078125 0.0263671875
0 0.53515625 0.423828125 0.0205078125 0.03515625