0 0.6982421875 0.630859375 0.060546875 0.072265625
0 0.603515625 0.6337890625 0.0546875 0.0830078125
0 0.435546875 0.5126953125 0.03515625 0.0654296875
0 0.888671875 0.9404296875 0.138671875 0.115234375
0 0.6708984375 0.912109375 0.111328125 0.1748046875
0 0.5791015625 0.544921875 0.03515625 0.0556640625
0 0.978515625 0.90625 0.041015625 0.10546875
0 0.361328125 0.5400390625 0.0390625 0.0595703125
0 0.6181640625 0.4970703125 0.033203125 0.046875
0 0.5615234375 0.5 0.029296875 0.046875
0 0.4384765625 0.4169921875 0.0224609375 0.02734375
0 0.4072265625 0.419921875 0.015625 0.01953125
0 0.61328125 0.4384765625 0.0380859375 0.078125
0 0.73046875 0.548828125 0.068359375 0.1123046875
0 0.73046875 0.55078125 0.0673828125 0.1123046875
0 0.53515625 0.419921875 0.021484375 0.029296875