0 0.146484375 0.7119140625 0.095703125 0.095703125
0 0.2578125 0.7080078125 0.072265625 0.0986328125
0 0.4140625 0.564453125 0.04296875 0.0693359375
0 0.7744140625 0.759765625 0.09765625 0.1376953125
0 0.34375 0.55859375 0.044921875 0.0595703125
0 0.3828125 0.7080078125 0.0615234375 0.1025390625
0 0.4306640625 0.5107421875 0.03125 0.0498046875
0 0.5810546875 0.455078125 0.0244140625 0.03515625
0 0.3994140625 0.4677734375 0.0283203125 0.037109375
0 0.6201171875 0.4501953125 0.0244140625 0.0322265625
0 0.6298828125 0.7294921875 0.076171875 0.162109375
0 0.310546875 0.505859375 0.05078125 0.0859375
0 0.380859375 0.7216796875 0.05859375 0.0791015625