0 0.41796875 0.5556640625 0.0400390625 0.0634765625
0 0.8408203125 0.8662109375 0.130859375 0.1865234375
0 0.388671875 0.681640625 0.0556640625 0.095703125
0 0.587890625 0.4638671875 0.0244140625 0.037109375
0 0.169921875 0.68359375 0.083984375 0.091796875
0 0.2734375 0.6787109375 0.06640625 0.0888671875
0 0.353515625 0.546875 0.037109375 0.0517578125
0 0.6298828125 0.4619140625 0.025390625 0.0322265625
0 0.4013671875 0.46484375 0.0283203125 0.0361328125
0 0.431640625 0.5068359375 0.0322265625 0.0458984375
0 0.5283203125 0.3955078125 0.017578125 0.0263671875
0 0.666015625 0.845703125 0.1025390625 0.2275390625
0 0.3154296875 0.4990234375 0.0498046875 0.0849609375
0 0.4453125 0.466796875 0.029296875 0.0498046875
0 0.3935546875 0.419921875 0.03125 0.056640625
0 0.666015625 0.8466796875 0.1025390625 0.2275390625