0 0.3291015625 0.5849609375 0.0419921875 0.0654296875
0 0.6962890625 0.541015625 0.044921875 0.0595703125
0 0.412109375 0.6005859375 0.0439453125 0.0712890625
0 0.126953125 0.7451171875 0.0908203125 0.1083984375
0 0.640625 0.5556640625 0.0380859375 0.0615234375
0 0.4306640625 0.5166015625 0.03515625 0.052734375
0 0.3359375 0.880859375 0.0986328125 0.1787109375
0 0.2529296875 0.587890625 0.056640625 0.0615234375
0 0.244140625 0.591796875 0.0458984375 0.0625
0 0.5380859375 0.423828125 0.021484375 0.0390625
0 0.37890625 0.505859375 0.033203125 0.044921875
0 0.416015625 0.4453125 0.0244140625 0.033203125
0 0.3427734375 0.4716796875 0.0400390625 0.0693359375
0 0.6015625 0.4306640625 0.0185546875 0.0263671875