0 0.1533203125 0.712890625 0.08203125 0.0986328125
0 0.3369140625 0.5712890625 0.041015625 0.06640625
0 0.7197265625 0.568359375 0.05078125 0.0654296875
0 0.66015625 0.587890625 0.044921875 0.0712890625
0 0.4150390625 0.58984375 0.041015625 0.0654296875
0 0.3486328125 0.8349609375 0.0947265625 0.158203125
0 0.541015625 0.431640625 0.021484375 0.0390625
0 0.26171875 0.578125 0.0478515625 0.0595703125
0 0.431640625 0.51171875 0.0341796875 0.0498046875
0 0.3837890625 0.498046875 0.03125 0.044921875
0 0.41796875 0.443359375 0.025390625 0.033203125
0 0.607421875 0.439453125 0.0146484375 0.0234375
0 0.34765625 0.466796875 0.041015625 0.06640625