0 0.119140625 0.736328125 0.1083984375 0.1044921875
0 0.671875 0.5166015625 0.0322265625 0.0498046875
0 0.2646484375 0.58203125 0.044921875 0.0615234375
0 0.576171875 0.5302734375 0.0380859375 0.0732421875
0 0.43359375 0.5283203125 0.033203125 0.0537109375
0 0.26953125 0.701171875 0.078125 0.1015625
0 0.318359375 0.513671875 0.0380859375 0.048828125
0 0.6162109375 0.44921875 0.0205078125 0.029296875
0 0.3779296875 0.505859375 0.029296875 0.044921875
0 0.3984375 0.6396484375 0.05078125 0.080078125
0 0.404296875 0.4599609375 0.029296875 0.037109375
0 0.447265625 0.47265625 0.033203125 0.0498046875