0 0.11328125 0.9287109375 0.150390625 0.1337890625
0 0.2041015625 0.6357421875 0.0732421875 0.0791015625
0 0.064453125 0.828125 0.1279296875 0.1337890625
0 0.318359375 0.6123046875 0.0556640625 0.0751953125
0 0.765625 0.6298828125 0.0595703125 0.0830078125
0 0.412109375 0.5927734375 0.0439453125 0.0732421875
0 0.298828125 0.541015625 0.037109375 0.052734375
0 0.439453125 0.5048828125 0.0302734375 0.0458984375
0 0.6552734375 0.49609375 0.033203125 0.046875
0 0.64453125 0.71875 0.0859375 0.1650390625
0 0.552734375 0.44140625 0.017578125 0.029296875
0 0.412109375 0.447265625 0.025390625 0.03515625
0 0.341796875 0.486328125 0.03125 0.0419921875
0 0.392578125 0.482421875 0.025390625 0.0419921875