0 0.17578125 0.689453125 0.087890625 0.0947265625
0 0.283203125 0.90234375 0.12890625 0.1865234375
0 0.3486328125 0.55859375 0.0439453125 0.05859375
0 0.572265625 0.4912109375 0.0263671875 0.044921875
0 0.4228515625 0.5546875 0.0380859375 0.0615234375
0 0.23828125 0.7431640625 0.087890625 0.1142578125
0 0.2578125 0.578125 0.0537109375 0.06640625
0 0.7275390625 0.5849609375 0.0576171875 0.0791015625
0 0.2265625 0.7568359375 0.064453125 0.0927734375
0 0.322265625 0.515625 0.0283203125 0.046875
0 0.359375 0.4697265625 0.029296875 0.03515625
0 0.4443359375 0.486328125 0.025390625 0.0361328125
0 0.404296875 0.4638671875 0.0224609375 0.03515625
0 0.5927734375 0.423828125 0.0166015625 0.0263671875