0 0.40234375 0.564453125 0.0361328125 0.0654296875
0 0.7138671875 0.662109375 0.064453125 0.0849609375
0 0.712890625 0.544921875 0.046875 0.0556640625
0 0.6337890625 0.5302734375 0.0400390625 0.052734375
0 0.5712890625 0.53515625 0.03515625 0.0537109375
0 0.6611328125 0.75390625 0.0859375 0.130859375
0 0.90234375 0.955078125 0.1455078125 0.08984375
0 0.1455078125 0.7373046875 0.1064453125 0.1416015625
0 0.390625 0.4443359375 0.0205078125 0.029296875
0 0.775390625 0.62890625 0.068359375 0.08203125
0 0.1455078125 0.7373046875 0.10546875 0.140625
0 0.6640625 0.7724609375 0.080078125 0.0986328125
0 0.5537109375 0.478515625 0.03125 0.037109375
0 0.4375 0.4140625 0.0185546875 0.02734375