0 0.12890625 0.9267578125 0.1484375 0.1416015625
0 0.931640625 0.8330078125 0.134765625 0.18359375
0 0.369140625 0.5234375 0.0400390625 0.0498046875
0 0.6123046875 0.6083984375 0.0458984375 0.0751953125
0 0.2978515625 0.640625 0.0595703125 0.080078125
0 0.349609375 0.72265625 0.080078125 0.1181640625
0 0.236328125 0.6123046875 0.052734375 0.072265625
0 0.431640625 0.52734375 0.0361328125 0.0537109375
0 0.2939453125 0.537109375 0.044921875 0.0556640625
0 0.615234375 0.4482421875 0.0185546875 0.029296875
0 0.564453125 0.41796875 0.017578125 0.0234375
0 0.4482421875 0.474609375 0.0283203125 0.0361328125