0 0.8857421875 0.7451171875 0.11328125 0.1181640625
0 0.697265625 0.642578125 0.0615234375 0.08203125
0 0.44140625 0.4833984375 0.0283203125 0.0458984375
0 0.642578125 0.5400390625 0.0361328125 0.0556640625
0 0.388671875 0.4951171875 0.033203125 0.04296875
0 0.6015625 0.578125 0.044921875 0.06640625
0 0.8984375 0.955078125 0.140625 0.0859375
0 0.271484375 0.587890625 0.046875 0.06640625
0 0.6884765625 0.5234375 0.0390625 0.052734375
0 0.55859375 0.4912109375 0.029296875 0.04296875
0 0.599609375 0.474609375 0.03125 0.0400390625
0 0.8984375 0.9677734375 0.154296875 0.0634765625
0 0.4609375 0.42578125 0.0234375 0.0400390625
0 0.6591796875 0.484375 0.0322265625 0.037109375