0 0.833984375 0.6865234375 0.0908203125 0.1015625
0 0.83203125 0.8896484375 0.123046875 0.158203125
0 0.59375 0.556640625 0.0419921875 0.06640625
0 0.6767578125 0.609375 0.052734375 0.0732421875
0 0.3671875 0.533203125 0.0390625 0.0556640625
0 0.201171875 0.673828125 0.072265625 0.0986328125
0 0.6337890625 0.5224609375 0.0341796875 0.048828125
0 0.4287109375 0.5224609375 0.0361328125 0.0537109375
0 0.6796875 0.513671875 0.033203125 0.0458984375
0 0.421875 0.4443359375 0.025390625 0.033203125
0 0.556640625 0.482421875 0.0263671875 0.0419921875
0 0.5947265625 0.46484375 0.0283203125 0.037109375
0 0.455078125 0.4462890625 0.0224609375 0.0361328125
0 0.654296875 0.47265625 0.033203125 0.0400390625