0 0.166015625 0.6865234375 0.0908203125 0.1015625
0 0.16796875 0.8896484375 0.123046875 0.158203125
0 0.40625 0.556640625 0.0419921875 0.06640625
0 0.3232421875 0.609375 0.052734375 0.0732421875
0 0.6328125 0.533203125 0.0390625 0.0556640625
0 0.798828125 0.673828125 0.072265625 0.0986328125
0 0.3662109375 0.5224609375 0.0341796875 0.048828125
0 0.5712890625 0.5224609375 0.0361328125 0.0537109375
0 0.3203125 0.513671875 0.033203125 0.0458984375
0 0.578125 0.4443359375 0.025390625 0.033203125
0 0.443359375 0.482421875 0.0263671875 0.0419921875
0 0.4052734375 0.46484375 0.0283203125 0.037109375
0 0.544921875 0.4462890625 0.0224609375 0.0361328125
0 0.345703125 0.47265625 0.033203125 0.0400390625