0 0.7099609375 0.669921875 0.06640625 0.0888671875
0 0.681640625 0.8681640625 0.1103515625 0.162109375
0 0.6396484375 0.5419921875 0.0361328125 0.0537109375
0 0.4248046875 0.5517578125 0.037109375 0.0625
0 0.744140625 0.583984375 0.05859375 0.0693359375
0 0.93359375 0.8095703125 0.130859375 0.130859375
0 0.3720703125 0.5322265625 0.041015625 0.0556640625
0 0.1572265625 0.8828125 0.1337890625 0.1875
0 0.5791015625 0.5166015625 0.037109375 0.052734375
0 0.44921875 0.478515625 0.03125 0.0419921875
0 0.2880859375 0.9248046875 0.1103515625 0.150390625
0 0.380859375 0.44921875 0.021484375 0.0302734375
0 0.408203125 0.4677734375 0.02734375 0.033203125
0 0.5537109375 0.46875 0.029296875 0.0419921875
0 0.53515625 0.4248046875 0.0205078125 0.0390625
0 0.611328125 0.4892578125 0.0341796875 0.04296875
0 0.650390625 0.482421875 0.03125 0.0419921875