0 0.666015625 0.81640625 0.0947265625 0.1318359375
0 0.7333984375 0.5732421875 0.0556640625 0.0625
0 0.9013671875 0.7705078125 0.1201171875 0.115234375
0 0.6357421875 0.5361328125 0.037109375 0.052734375
0 0.69921875 0.6494140625 0.064453125 0.0830078125
0 0.357421875 0.55859375 0.044921875 0.0634765625
0 0.4150390625 0.5849609375 0.04296875 0.078125
0 0.443359375 0.4951171875 0.033203125 0.0517578125
0 0.5771484375 0.5107421875 0.0361328125 0.0556640625
0 0.3720703125 0.4599609375 0.0234375 0.0322265625
0 0.076171875 0.962890625 0.1328125 0.0732421875
0 0.400390625 0.4814453125 0.0283203125 0.037109375
0 0.6064453125 0.482421875 0.0263671875 0.037109375
0 0.6494140625 0.474609375 0.0283203125 0.0400390625
0 0.53515625 0.421875 0.0205078125 0.0419921875
0 0.552734375 0.4638671875 0.0263671875 0.0419921875