0 0.3369140625 0.58984375 0.048828125 0.06640625
0 0.646484375 0.5595703125 0.044921875 0.056640625
0 0.6884765625 0.91015625 0.111328125 0.177734375
0 0.3720703125 0.6845703125 0.06640625 0.0927734375
0 0.7724609375 0.7880859375 0.103515625 0.1474609375
0 0.59375 0.6171875 0.05078125 0.080078125
0 0.1923828125 0.654296875 0.078125 0.080078125
0 0.4306640625 0.4912109375 0.0283203125 0.046875
0 0.67578125 0.515625 0.03515625 0.0498046875
0 0.109375 0.953125 0.1376953125 0.0888671875
0 0.298828125 0.5380859375 0.0458984375 0.052734375
0 0.3798828125 0.509765625 0.0322265625 0.0458984375
0 0.6005859375 0.4755859375 0.033203125 0.0556640625
0 0.4501953125 0.4541015625 0.025390625 0.037109375