0 0.658203125 0.578125 0.0478515625 0.0634765625
0 0.8701171875 0.931640625 0.1552734375 0.130859375
0 0.7890625 0.6337890625 0.0732421875 0.0751953125
0 0.6220703125 0.662109375 0.0576171875 0.0830078125
0 0.306640625 0.5390625 0.0419921875 0.0595703125
0 0.3876953125 0.6728515625 0.0595703125 0.1015625
0 0.3349609375 0.5927734375 0.05078125 0.0693359375
0 0.568359375 0.4892578125 0.0302734375 0.046875
0 0.6943359375 0.5322265625 0.04296875 0.052734375
0 0.6162109375 0.501953125 0.0322265625 0.044921875
0 0.1337890625 0.908203125 0.17578125 0.1806640625
0 0.388671875 0.49609375 0.0341796875 0.044921875
0 0.5478515625 0.451171875 0.0244140625 0.03515625