0 0.771484375 0.77734375 0.091796875 0.1279296875
0 0.7802734375 0.642578125 0.0712890625 0.095703125
0 0.216796875 0.798828125 0.1064453125 0.134765625
0 0.3603515625 0.55078125 0.04296875 0.056640625
0 0.646484375 0.5673828125 0.0400390625 0.0654296875
0 0.435546875 0.478515625 0.0283203125 0.044921875
0 0.39453125 0.611328125 0.048828125 0.06640625
0 0.25 0.5888671875 0.0576171875 0.06640625
0 0.6650390625 0.525390625 0.037109375 0.0556640625
0 0.732421875 0.9716796875 0.107421875 0.0537109375
0 0.322265625 0.5126953125 0.041015625 0.046875
0 0.625 0.458984375 0.0234375 0.0302734375
0 0.392578125 0.4873046875 0.0263671875 0.037109375
0 0.541015625 0.42578125 0.015625 0.02734375