0 0.58984375 0.5634765625 0.044921875 0.0615234375
0 0.1455078125 0.7470703125 0.09375 0.1279296875
0 0.44140625 0.478515625 0.0322265625 0.044921875
0 0.3115234375 0.533203125 0.0390625 0.0517578125
0 0.7080078125 0.662109375 0.0654296875 0.08203125
0 0.619140625 0.515625 0.0361328125 0.0498046875
0 0.703125 0.537109375 0.0439453125 0.0498046875
0 0.130859375 0.91015625 0.1689453125 0.1767578125
0 0.5595703125 0.4638671875 0.0244140625 0.0419921875
0 0.46484375 0.4130859375 0.021484375 0.033203125
0 0.4248046875 0.4345703125 0.0205078125 0.0302734375
0 0.392578125 0.43359375 0.0185546875 0.0322265625
0 0.65625 0.4873046875 0.0341796875 0.0400390625