0 0.4267578125 0.513671875 0.0341796875 0.046875
0 0.6591796875 0.576171875 0.046875 0.072265625
0 0.69140625 0.529296875 0.0400390625 0.0625
0 0.568359375 0.5107421875 0.03515625 0.0634765625
0 0.25390625 0.7412109375 0.087890625 0.109375
0 0.349609375 0.556640625 0.0390625 0.0595703125
0 0.7314453125 0.919921875 0.126953125 0.16015625
0 0.634765625 0.46875 0.0244140625 0.0361328125
0 0.5498046875 0.453125 0.025390625 0.0419921875
0 0.583984375 0.4453125 0.0224609375 0.0302734375
0 0.400390625 0.4775390625 0.0263671875 0.0390625
0 0.447265625 0.4462890625 0.0224609375 0.033203125
0 0.3369140625 0.4921875 0.033203125 0.044921875