0 0.6396484375 0.5419921875 0.0390625 0.0556640625
0 0.71875 0.6923828125 0.076171875 0.0986328125
0 0.4091796875 0.5712890625 0.044921875 0.0849609375
0 0.279296875 0.6787109375 0.072265625 0.111328125
0 0.26171875 0.5849609375 0.056640625 0.0791015625
0 0.439453125 0.4833984375 0.03125 0.046875
0 0.341796875 0.498046875 0.029296875 0.0400390625
0 0.5703125 0.5068359375 0.033203125 0.0400390625
0 0.4013671875 0.4677734375 0.0283203125 0.03515625
0 0.466796875 0.4140625 0.0224609375 0.0302734375
0 0.5517578125 0.44140625 0.0224609375 0.03515625
0 0.62890625 0.455078125 0.029296875 0.0390625
0 0.595703125 0.4697265625 0.029296875 0.0390625
0 0.654296875 0.484375 0.033203125 0.037109375