0 0.15625 0.8916015625 0.138671875 0.171875
0 0.65625 0.564453125 0.0458984375 0.0654296875
0 0.0546875 0.8447265625 0.109375 0.1455078125
0 0.32421875 0.611328125 0.056640625 0.076171875
0 0.3798828125 0.5107421875 0.0341796875 0.046875
0 0.771484375 0.634765625 0.064453125 0.08984375
0 0.5478515625 0.4580078125 0.02734375 0.0419921875
0 0.3212890625 0.8544921875 0.11328125 0.1806640625
0 0.435546875 0.48828125 0.0302734375 0.0400390625
0 0.61328125 0.634765625 0.0576171875 0.099609375
0 0.359375 0.466796875 0.029296875 0.037109375
0 0.4130859375 0.453125 0.025390625 0.033203125