0 0.77734375 0.775390625 0.1025390625 0.1259765625
0 0.66015625 0.580078125 0.0478515625 0.0654296875
0 0.43359375 0.5087890625 0.0361328125 0.056640625
0 0.873046875 0.732421875 0.1025390625 0.107421875
0 0.6123046875 0.4970703125 0.0302734375 0.0419921875
0 0.05078125 0.87109375 0.1015625 0.177734375
0 0.2568359375 0.712890625 0.0771484375 0.1240234375
0 0.6484375 0.7626953125 0.091796875 0.1455078125
0 0.5615234375 0.4794921875 0.02734375 0.037109375
0 0.2666015625 0.923828125 0.123046875 0.15234375
0 0.5458984375 0.4267578125 0.0224609375 0.029296875
0 0.630859375 0.4580078125 0.0283203125 0.0361328125
0 0.58203125 0.4462890625 0.0234375 0.037109375