0 0.154296875 0.8857421875 0.1279296875 0.15234375
0 0.2763671875 0.6806640625 0.0771484375 0.095703125
0 0.2900390625 0.9638671875 0.111328125 0.072265625
0 0.203125 0.6455078125 0.072265625 0.0830078125
0 0.36328125 0.548828125 0.0478515625 0.0615234375
0 0.6005859375 0.484375 0.0263671875 0.04296875
0 0.6240234375 0.6806640625 0.06640625 0.119140625
0 0.3984375 0.4775390625 0.0263671875 0.0400390625
0 0.37890625 0.6787109375 0.0673828125 0.115234375
0 0.443359375 0.4677734375 0.0263671875 0.0390625
0 0.4560546875 0.4208984375 0.0224609375 0.029296875
0 0.5927734375 0.423828125 0.015625 0.0166015625