0 0.1259765625 0.6884765625 0.251953125 0.40234375
0 0.3251953125 0.59765625 0.0517578125 0.06640625
0 0.330078125 0.7294921875 0.07421875 0.107421875
0 0.3603515625 0.5390625 0.0400390625 0.052734375
0 0.3984375 0.6337890625 0.0546875 0.08984375
0 0.7001953125 0.5390625 0.044921875 0.0537109375
0 0.4228515625 0.537109375 0.0400390625 0.0654296875
0 0.40234375 0.474609375 0.0302734375 0.04296875
0 0.322265625 0.5107421875 0.0361328125 0.048828125
0 0.7373046875 0.9560546875 0.119140625 0.087890625
0 0.53515625 0.421875 0.021484375 0.037109375
0 0.453125 0.44140625 0.0205078125 0.0263671875