0 0.3544921875 0.6650390625 0.060546875 0.0888671875
0 0.1240234375 0.923828125 0.15234375 0.1455078125
0 0.341796875 0.5693359375 0.0458984375 0.056640625
0 0.552734375 0.47265625 0.02734375 0.04296875
0 0.1767578125 0.6044921875 0.21875 0.2919921875
0 0.4091796875 0.5927734375 0.048828125 0.0791015625
0 0.3046875 0.9462890625 0.107421875 0.107421875
0 0.8642578125 0.7392578125 0.103515625 0.1279296875
0 0.615234375 0.44140625 0.0185546875 0.0263671875
0 0.3720703125 0.517578125 0.0380859375 0.046875
0 0.41015625 0.4638671875 0.0302734375 0.0390625
0 0.5791015625 0.4384765625 0.0205078125 0.0361328125
0 0.4296875 0.517578125 0.0302734375 0.056640625
0 0.33984375 0.4921875 0.037109375 0.044921875