0 0.1103515625 0.771484375 0.115234375 0.1240234375
0 0.2509765625 0.53125 0.14453125 0.2080078125
0 0.359375 0.7802734375 0.076171875 0.12109375
0 0.6298828125 0.70703125 0.06640625 0.115234375
0 0.236328125 0.74609375 0.0947265625 0.1162109375
0 0.36328125 0.53515625 0.0400390625 0.0517578125
0 0.68359375 0.525390625 0.037109375 0.0498046875
0 0.37890625 0.6044921875 0.046875 0.0732421875
0 0.5576171875 0.478515625 0.029296875 0.04296875
0 0.421875 0.5546875 0.0380859375 0.06640625
0 0.6337890625 0.5341796875 0.037109375 0.0693359375
0 0.390625 0.4892578125 0.0361328125 0.04296875
0 0.4375 0.498046875 0.03125 0.0615234375