0 0.8896484375 0.771484375 0.115234375 0.1240234375
0 0.7490234375 0.53125 0.14453125 0.2080078125
0 0.640625 0.7802734375 0.076171875 0.12109375
0 0.3701171875 0.70703125 0.06640625 0.115234375
0 0.763671875 0.74609375 0.0947265625 0.1162109375
0 0.63671875 0.53515625 0.0400390625 0.0517578125
0 0.31640625 0.525390625 0.037109375 0.0498046875
0 0.62109375 0.6044921875 0.046875 0.0732421875
0 0.4423828125 0.478515625 0.029296875 0.04296875
0 0.578125 0.5546875 0.0380859375 0.06640625
0 0.3662109375 0.5341796875 0.037109375 0.0693359375
0 0.609375 0.4892578125 0.0361328125 0.04296875
0 0.5625 0.498046875 0.03125 0.0615234375