0 0.390625 0.5830078125 0.044921875 0.068359375
0 0.2763671875 0.5087890625 0.123046875 0.18359375
0 0.375 0.7177734375 0.0625 0.1015625
0 0.1689453125 0.69921875 0.087890625 0.1015625
0 0.765625 0.6279296875 0.0595703125 0.08203125
0 0.5810546875 0.556640625 0.0390625 0.0634765625
0 0.26953125 0.6904296875 0.0771484375 0.0986328125
0 0.3701171875 0.5224609375 0.037109375 0.0517578125
0 0.08203125 0.9541015625 0.140625 0.087890625
0 0.708984375 0.662109375 0.068359375 0.12109375
0 0.30078125 0.9775390625 0.1015625 0.044921875
0 0.427734375 0.5400390625 0.03515625 0.05859375
0 0.5732421875 0.4423828125 0.0224609375 0.025390625
0 0.6171875 0.44921875 0.01953125 0.02734375
0 0.3955078125 0.478515625 0.0322265625 0.037109375