0 0.8154296875 0.6787109375 0.08203125 0.08984375
0 0.6201171875 0.701171875 0.0615234375 0.0947265625
0 0.404296875 0.6005859375 0.0478515625 0.078125
0 0.716796875 0.50390625 0.115234375 0.177734375
0 0.8955078125 0.9365234375 0.1416015625 0.1220703125
0 0.6083984375 0.576171875 0.044921875 0.0625
0 0.7216796875 0.6728515625 0.072265625 0.08984375
0 0.1865234375 0.685546875 0.072265625 0.1015625
0 0.689453125 0.9541015625 0.1103515625 0.091796875
0 0.5712890625 0.53515625 0.0361328125 0.05859375
0 0.2412109375 0.744140625 0.0908203125 0.162109375
0 0.6259765625 0.515625 0.033203125 0.044921875
0 0.37109375 0.4638671875 0.021484375 0.0263671875
0 0.419921875 0.451171875 0.025390625 0.029296875
0 0.6015625 0.474609375 0.029296875 0.0390625
0 0.578125 0.4384765625 0.025390625 0.0390625