0 0.4013671875 0.6259765625 0.048828125 0.0751953125
0 0.3173828125 0.6025390625 0.0546875 0.072265625
0 0.25390625 0.59375 0.05859375 0.0732421875
0 0.5517578125 0.46875 0.02734375 0.0400390625
0 0.7353515625 0.59375 0.0546875 0.078125
0 0.3671875 0.779296875 0.080078125 0.1259765625
0 0.103515625 0.953125 0.142578125 0.0927734375
0 0.435546875 0.51171875 0.029296875 0.0517578125
0 0.65625 0.5859375 0.044921875 0.05859375
0 0.4052734375 0.546875 0.037109375 0.0556640625
0 0.224609375 0.755859375 0.0869140625 0.1142578125
0 0.31640625 0.4736328125 0.0908203125 0.1416015625
0 0.31640625 0.474609375 0.08984375 0.1455078125
0 0.3876953125 0.4931640625 0.0322265625 0.0390625