0 0.6650390625 0.5703125 0.044921875 0.0634765625
0 0.611328125 0.69140625 0.060546875 0.091796875
0 0.716796875 0.5595703125 0.0478515625 0.0595703125
0 0.669921875 0.4638671875 0.083984375 0.1318359375
0 0.416015625 0.5595703125 0.0400390625 0.068359375
0 0.806640625 0.8466796875 0.1064453125 0.138671875
0 0.6923828125 0.9658203125 0.1083984375 0.0634765625
0 0.591796875 0.5908203125 0.04296875 0.0693359375
0 0.7314453125 0.677734375 0.064453125 0.0947265625
0 0.5625 0.4990234375 0.029296875 0.0458984375
0 0.109375 0.95703125 0.1298828125 0.0849609375
0 0.603515625 0.4833984375 0.029296875 0.0361328125
0 0.58984375 0.5302734375 0.033203125 0.048828125
0 0.021484375 0.91015625 0.04296875 0.111328125
0 0.4658203125 0.4189453125 0.0224609375 0.029296875