0 0.3349609375 0.5703125 0.044921875 0.0634765625
0 0.388671875 0.69140625 0.060546875 0.091796875
0 0.283203125 0.5595703125 0.0478515625 0.0595703125
0 0.330078125 0.4638671875 0.083984375 0.1318359375
0 0.583984375 0.5595703125 0.0400390625 0.068359375
0 0.193359375 0.8466796875 0.1064453125 0.138671875
0 0.3076171875 0.9658203125 0.1083984375 0.0634765625
0 0.408203125 0.5908203125 0.04296875 0.0693359375
0 0.2685546875 0.677734375 0.064453125 0.0947265625
0 0.4375 0.4990234375 0.029296875 0.0458984375
0 0.890625 0.95703125 0.1298828125 0.0849609375
0 0.396484375 0.4833984375 0.029296875 0.0361328125
0 0.41015625 0.5302734375 0.033203125 0.048828125
0 0.978515625 0.91015625 0.04296875 0.111328125
0 0.5341796875 0.4189453125 0.0224609375 0.029296875