0 0.66015625 0.5625 0.048828125 0.0654296875
0 0.4033203125 0.6025390625 0.044921875 0.078125
0 0.607421875 0.6728515625 0.056640625 0.087890625
0 0.7900390625 0.81640625 0.0986328125 0.130859375
0 0.6787109375 0.94140625 0.107421875 0.115234375
0 0.7236328125 0.666015625 0.0634765625 0.0859375
0 0.6669921875 0.4580078125 0.08203125 0.1259765625
0 0.7119140625 0.5517578125 0.044921875 0.0615234375
0 0.58984375 0.583984375 0.041015625 0.0654296875
0 0.603515625 0.4794921875 0.0283203125 0.0361328125
0 0.5625 0.498046875 0.0302734375 0.0458984375
0 0.5888671875 0.529296875 0.0341796875 0.0498046875
0 0.4599609375 0.4267578125 0.017578125 0.0302734375