0 0.412109375 0.5849609375 0.0439453125 0.06640625
0 0.21484375 0.638671875 0.0703125 0.0830078125
0 0.384765625 0.49609375 0.0302734375 0.044921875
0 0.640625 0.5458984375 0.0400390625 0.0625
0 0.26953125 0.6796875 0.0751953125 0.1044921875
0 0.57421875 0.4375 0.0205078125 0.0302734375
0 0.4462890625 0.453125 0.0224609375 0.037109375
0 0.57421875 0.376953125 0.021484375 0.0556640625
0 0.41796875 0.443359375 0.0244140625 0.0322265625
0 0.341796875 0.4873046875 0.02734375 0.037109375
0 0.5732421875 0.37109375 0.0234375 0.06640625
0 0.5478515625 0.361328125 0.0244140625 0.0712890625