0 0.3779296875 0.7080078125 0.064453125 0.1015625
0 0.4140625 0.58984375 0.0400390625 0.0693359375
0 0.291015625 0.9716796875 0.115234375 0.056640625
0 0.21875 0.6240234375 0.0625 0.068359375
0 0.63671875 0.552734375 0.041015625 0.0693359375
0 0.2802734375 0.66015625 0.076171875 0.109375
0 0.3388671875 0.5732421875 0.044921875 0.05859375
0 0.630859375 0.4658203125 0.02734375 0.0361328125
0 0.43359375 0.521484375 0.0322265625 0.056640625
0 0.388671875 0.4130859375 0.0478515625 0.091796875
0 0.564453125 0.412109375 0.015625 0.029296875
0 0.4140625 0.4521484375 0.033203125 0.0390625