0 0.388671875 0.6669921875 0.056640625 0.0888671875
0 0.3349609375 0.8701171875 0.1064453125 0.1748046875
0 0.4189453125 0.572265625 0.03515625 0.0615234375
0 0.318359375 0.6005859375 0.056640625 0.08984375
0 0.7294921875 0.5849609375 0.052734375 0.076171875
0 0.033203125 0.888671875 0.06640625 0.1484375
0 0.35546875 0.546875 0.0380859375 0.056640625
0 0.5986328125 0.470703125 0.025390625 0.0400390625
0 0.396484375 0.400390625 0.04296875 0.0791015625
0 0.2607421875 0.5751953125 0.041015625 0.0537109375
0 0.4384765625 0.505859375 0.029296875 0.044921875