0 0.6083984375 0.662109375 0.056640625 0.08984375
0 0.658203125 0.84765625 0.1015625 0.1640625
0 0.9560546875 0.8837890625 0.087890625 0.1943359375
0 0.677734375 0.591796875 0.0556640625 0.0849609375
0 0.580078125 0.568359375 0.03515625 0.0615234375
0 0.236328125 0.625 0.0634765625 0.08984375
0 0.390625 0.48828125 0.0322265625 0.0458984375
0 0.732421875 0.564453125 0.041015625 0.056640625
0 0.6416015625 0.5458984375 0.037109375 0.052734375
0 0.6025390625 0.400390625 0.04296875 0.0791015625
0 0.560546875 0.50390625 0.029296875 0.04296875
0 0.41796875 0.3828125 0.029296875 0.0517578125