0 0.3916015625 0.662109375 0.056640625 0.08984375
0 0.341796875 0.84765625 0.1015625 0.1640625
0 0.0439453125 0.8837890625 0.087890625 0.1943359375
0 0.322265625 0.591796875 0.0556640625 0.0849609375
0 0.419921875 0.568359375 0.03515625 0.0615234375
0 0.763671875 0.625 0.0634765625 0.08984375
0 0.609375 0.48828125 0.0322265625 0.0458984375
0 0.267578125 0.564453125 0.041015625 0.056640625
0 0.3583984375 0.5458984375 0.037109375 0.052734375
0 0.3974609375 0.400390625 0.04296875 0.0791015625
0 0.439453125 0.50390625 0.029296875 0.04296875
0 0.58203125 0.3828125 0.029296875 0.0517578125