0 0.6025390625 0.638671875 0.0517578125 0.08203125
0 0.666015625 0.5712890625 0.0517578125 0.0751953125
0 0.6416015625 0.7822265625 0.0859375 0.1416015625
0 0.322265625 0.607421875 0.052734375 0.0791015625
0 0.5771484375 0.5517578125 0.03515625 0.0595703125
0 0.935546875 0.7822265625 0.103515625 0.1337890625
0 0.4501953125 0.423828125 0.0205078125 0.033203125
0 0.634765625 0.537109375 0.0341796875 0.052734375
0 0.5966796875 0.396484375 0.0400390625 0.078125
0 0.7109375 0.5419921875 0.0361328125 0.048828125
0 0.884765625 0.7412109375 0.080078125 0.0859375
0 0.40625 0.3984375 0.037109375 0.0634765625
0 0.61328125 0.494140625 0.0302734375 0.056640625
0 0.40625 0.3994140625 0.0341796875 0.0634765625
0 0.6171875 0.443359375 0.02734375 0.0390625