0 0.7666015625 0.765625 0.0947265625 0.12109375
0 0.66015625 0.5654296875 0.044921875 0.0712890625
0 0.375 0.525390625 0.033203125 0.0498046875
0 0.56640625 0.515625 0.033203125 0.052734375
0 0.6787109375 0.892578125 0.1162109375 0.1904296875
0 0.7138671875 0.5537109375 0.0478515625 0.0634765625
0 0.94140625 0.8369140625 0.1171875 0.208984375
0 0.4091796875 0.3974609375 0.0322265625 0.0625
0 0.94140625 0.8369140625 0.1171875 0.2080078125
0 0.5458984375 0.431640625 0.0205078125 0.03515625
0 0.443359375 0.3837890625 0.025390625 0.0654296875
0 0.595703125 0.4580078125 0.029296875 0.0400390625
0 0.59375 0.4599609375 0.0234375 0.0361328125