0 0.2333984375 0.765625 0.0947265625 0.12109375
0 0.33984375 0.5654296875 0.044921875 0.0712890625
0 0.625 0.525390625 0.033203125 0.0498046875
0 0.43359375 0.515625 0.033203125 0.052734375
0 0.3212890625 0.892578125 0.1162109375 0.1904296875
0 0.2861328125 0.5537109375 0.0478515625 0.0634765625
0 0.05859375 0.8369140625 0.1171875 0.208984375
0 0.5908203125 0.3974609375 0.0322265625 0.0625
0 0.05859375 0.8369140625 0.1171875 0.2080078125
0 0.4541015625 0.431640625 0.0205078125 0.03515625
0 0.556640625 0.3837890625 0.025390625 0.0654296875
0 0.404296875 0.4580078125 0.029296875 0.0400390625
0 0.40625 0.4599609375 0.0234375 0.0361328125