0 0.1748046875 0.9150390625 0.1416015625 0.1650390625
0 0.41015625 0.5888671875 0.048828125 0.0791015625
0 0.361328125 0.765625 0.0751953125 0.1142578125
0 0.2568359375 0.7236328125 0.07421875 0.1015625
0 0.36328125 0.5263671875 0.0419921875 0.0634765625
0 0.560546875 0.505859375 0.03125 0.0517578125
0 0.43359375 0.525390625 0.03125 0.052734375
0 0.048828125 0.861328125 0.09765625 0.16015625
0 0.287109375 0.9814453125 0.1064453125 0.037109375
0 0.8447265625 0.7509765625 0.3095703125 0.48046875
0 0.564453125 0.4130859375 0.017578125 0.0263671875
0 0.5341796875 0.4150390625 0.01953125 0.029296875
0 0.2978515625 0.5302734375 0.041015625 0.0634765625
0 0.6513671875 0.4599609375 0.0458984375 0.1044921875
0 0.65234375 0.4609375 0.0458984375 0.1015625