0 0.201171875 0.8681640625 0.12109375 0.1611328125
0 0.4140625 0.5751953125 0.0458984375 0.072265625
0 0.0673828125 0.8046875 0.1328125 0.1455078125
0 0.89453125 0.80859375 0.208984375 0.3720703125
0 0.2939453125 0.9599609375 0.119140625 0.080078125
0 0.3671875 0.740234375 0.068359375 0.10546875
0 0.7705078125 0.6376953125 0.0673828125 0.0888671875
0 0.271484375 0.6962890625 0.068359375 0.0947265625
0 0.578125 0.56640625 0.0380859375 0.0654296875
0 0.3056640625 0.5205078125 0.0400390625 0.05859375
0 0.36328125 0.5263671875 0.0400390625 0.0625
0 0.4345703125 0.515625 0.03125 0.0517578125
0 0.6826171875 0.4931640625 0.0517578125 0.1181640625
0 0.572265625 0.423828125 0.021484375 0.0322265625
0 0.5400390625 0.431640625 0.01953125 0.0302734375