0 0.66796875 0.875 0.1025390625 0.1767578125
0 0.607421875 0.6591796875 0.052734375 0.0830078125
0 0.7373046875 0.74609375 0.0888671875 0.1142578125
0 0.57421875 0.5380859375 0.0400390625 0.056640625
0 0.6923828125 0.630859375 0.056640625 0.076171875
0 0.8232421875 0.6748046875 0.0849609375 0.1015625
0 0.423828125 0.55859375 0.0419921875 0.0615234375
0 0.3896484375 0.4892578125 0.033203125 0.0458984375
0 0.6728515625 0.4970703125 0.03515625 0.048828125
0 0.6376953125 0.5263671875 0.0419921875 0.0625
0 0.0703125 0.81640625 0.140625 0.3583984375
0 0.4580078125 0.4306640625 0.0205078125 0.046875
0 0.556640625 0.498046875 0.029296875 0.0537109375