0 0.662109375 0.857421875 0.0986328125 0.16796875
0 0.6044921875 0.650390625 0.0517578125 0.080078125
0 0.73046875 0.732421875 0.0859375 0.111328125
0 0.6875 0.6240234375 0.0537109375 0.072265625
0 0.412109375 0.6025390625 0.048828125 0.078125
0 0.57421875 0.5361328125 0.0400390625 0.0556640625
0 0.380859375 0.505859375 0.03515625 0.0517578125
0 0.8125 0.6630859375 0.0791015625 0.0927734375
0 0.671875 0.494140625 0.033203125 0.0517578125
0 0.3896484375 0.44921875 0.0185546875 0.02734375
0 0.6376953125 0.525390625 0.041015625 0.0615234375
0 0.453125 0.443359375 0.0263671875 0.048828125
0 0.82421875 0.6669921875 0.0576171875 0.0888671875
0 0.4296875 0.4267578125 0.017578125 0.029296875
0 0.0947265625 0.8037109375 0.189453125 0.255859375
0 0.0947265625 0.7900390625 0.189453125 0.2822265625
0 0.38671875 0.4501953125 0.01953125 0.0263671875