0 0.59765625 0.6318359375 0.048828125 0.078125
0 0.65234375 0.818359375 0.0908203125 0.15234375
0 0.71875 0.71484375 0.0830078125 0.1025390625
0 0.3662109375 0.76171875 0.08203125 0.142578125
0 0.5703125 0.5263671875 0.037109375 0.0537109375
0 0.7939453125 0.640625 0.072265625 0.08984375
0 0.353515625 0.5498046875 0.0419921875 0.0625
0 0.4443359375 0.4775390625 0.0283203125 0.04296875
0 0.6376953125 0.5263671875 0.0400390625 0.0615234375
0 0.373046875 0.4677734375 0.0234375 0.0322265625
0 0.681640625 0.6103515625 0.0498046875 0.072265625
0 0.419921875 0.4443359375 0.0205078125 0.033203125