0 0.357421875 0.783203125 0.083984375 0.138671875
0 0.6845703125 0.611328125 0.056640625 0.0859375
0 0.40625 0.6162109375 0.044921875 0.0732421875
0 0.2890625 0.697265625 0.076171875 0.1015625
0 0.431640625 0.51953125 0.037109375 0.056640625
0 0.5693359375 0.515625 0.037109375 0.056640625
0 0.3232421875 0.6015625 0.0478515625 0.068359375
0 0.36328125 0.52734375 0.041015625 0.0625
0 0.646484375 0.494140625 0.029296875 0.033203125
0 0.2236328125 0.619140625 0.0673828125 0.08203125
0 0.552734375 0.4599609375 0.0244140625 0.037109375
0 0.58984375 0.462890625 0.0224609375 0.0400390625
0 0.2138671875 0.6240234375 0.048828125 0.080078125