0 0.4091796875 0.6064453125 0.044921875 0.0732421875
0 0.23046875 0.6103515625 0.064453125 0.0791015625
0 0.361328125 0.7666015625 0.0791015625 0.1337890625
0 0.2939453125 0.6884765625 0.0732421875 0.1015625
0 0.578125 0.544921875 0.041015625 0.068359375
0 0.5576171875 0.4755859375 0.0283203125 0.04296875
0 0.43359375 0.5166015625 0.03515625 0.052734375
0 0.326171875 0.5986328125 0.046875 0.0654296875
0 0.7138671875 0.6611328125 0.0673828125 0.109375
0 0.59765625 0.47265625 0.02734375 0.0419921875
0 0.3623046875 0.5263671875 0.041015625 0.0625
0 0.6591796875 0.505859375 0.0322265625 0.046875