0 0.716796875 0.671875 0.0693359375 0.0849609375
0 0.798828125 0.806640625 0.1123046875 0.138671875
0 0.634765625 0.76953125 0.078125 0.1220703125
0 0.587890625 0.576171875 0.048828125 0.087890625
0 0.8994140625 0.9501953125 0.1484375 0.095703125
0 0.0439453125 0.8740234375 0.087890625 0.1904296875
0 0.3662109375 0.4638671875 0.025390625 0.0322265625
0 0.6572265625 0.5947265625 0.0556640625 0.08203125
0 0.3671875 0.734375 0.0751953125 0.134765625
0 0.9736328125 0.818359375 0.052734375 0.3037109375
0 0.7412109375 0.56640625 0.072265625 0.115234375
0 0.42578125 0.4404296875 0.0224609375 0.033203125
0 0.9736328125 0.8173828125 0.052734375 0.3037109375
0 0.46484375 0.4228515625 0.0205078125 0.0302734375
0 0.7412109375 0.5673828125 0.0712890625 0.115234375
0 0.8984375 0.9736328125 0.146484375 0.052734375
0 0.41796875 0.384765625 0.0263671875 0.0498046875
0 0.65625 0.5791015625 0.0556640625 0.1083984375
0 0.5693359375 0.517578125 0.0322265625 0.05859375