0 0.716796875 0.671875 0.0693359375 0.0849609375
0 0.7958984375 0.8017578125 0.111328125 0.138671875
0 0.6337890625 0.7626953125 0.0732421875 0.1181640625
0 0.330078125 0.841796875 0.099609375 0.1943359375
0 0.962890625 0.8076171875 0.07421875 0.322265625
0 0.8984375 0.9482421875 0.146484375 0.095703125
0 0.357421875 0.4736328125 0.0263671875 0.0361328125
0 0.5859375 0.57421875 0.046875 0.087890625
0 0.6572265625 0.595703125 0.0546875 0.0791015625
0 0.416015625 0.3896484375 0.0283203125 0.05859375
0 0.419921875 0.4482421875 0.0244140625 0.033203125
0 0.736328125 0.560546875 0.072265625 0.111328125
0 0.462890625 0.4326171875 0.021484375 0.029296875
0 0.3828125 0.4453125 0.0224609375 0.029296875
0 0.89453125 0.97265625 0.146484375 0.0537109375
0 0.736328125 0.560546875 0.0712890625 0.111328125
0 0.568359375 0.515625 0.0302734375 0.0537109375