0 0.2763671875 0.6865234375 0.0751953125 0.10546875
0 0.703125 0.9228515625 0.115234375 0.154296875
0 0.78515625 0.7841796875 0.1064453125 0.1240234375
0 0.6171875 0.697265625 0.060546875 0.0947265625
0 0.1748046875 0.689453125 0.080078125 0.0986328125
0 0.7158203125 0.669921875 0.0693359375 0.0859375
0 0.408203125 0.6181640625 0.048828125 0.0859375
0 0.5859375 0.5693359375 0.04296875 0.087890625
0 0.896484375 0.7568359375 0.2060546875 0.447265625
0 0.646484375 0.5732421875 0.044921875 0.0625
0 0.2890625 0.556640625 0.041015625 0.05859375
0 0.3798828125 0.4267578125 0.052734375 0.095703125
0 0.8994140625 0.9697265625 0.150390625 0.05859375
0 0.4521484375 0.4560546875 0.0283203125 0.0390625
0 0.41015625 0.466796875 0.0244140625 0.0400390625
0 0.69921875 0.521484375 0.0546875 0.091796875
0 0.3798828125 0.4287109375 0.0517578125 0.0927734375
0 0.69921875 0.521484375 0.0546875 0.091796875
0 0.6357421875 0.5283203125 0.033203125 0.0498046875