0 0.30078125 0.916015625 0.111328125 0.1669921875
0 0.775390625 0.7734375 0.09765625 0.140625
0 0.384765625 0.6904296875 0.0576171875 0.0927734375
0 0.2841796875 0.669921875 0.0693359375 0.0859375
0 0.2158203125 0.7822265625 0.107421875 0.1240234375
0 0.8779296875 0.7568359375 0.0966796875 0.1318359375
0 0.609375 0.6806640625 0.05859375 0.109375
0 0.4140625 0.5693359375 0.04296875 0.087890625
0 0.353515625 0.5703125 0.0439453125 0.0625
0 0.734375 0.587890625 0.0478515625 0.0712890625
0 0.548828125 0.46484375 0.0283203125 0.048828125
0 0.626953125 0.43359375 0.056640625 0.1044921875
0 0.1005859375 0.9697265625 0.150390625 0.05859375
0 0.3037109375 0.515625 0.056640625 0.0888671875
0 0.5986328125 0.4775390625 0.0283203125 0.044921875
0 0.302734375 0.517578125 0.0556640625 0.08984375
0 0.109375 0.75390625 0.216796875 0.45703125
0 0.626953125 0.4345703125 0.0576171875 0.1044921875
0 0.365234375 0.5263671875 0.0341796875 0.048828125