0 0.310546875 0.890625 0.10546875 0.1650390625
0 0.388671875 0.6806640625 0.056640625 0.0927734375
0 0.21875 0.77734375 0.10546875 0.1240234375
0 0.4150390625 0.5703125 0.04296875 0.087890625
0 0.2841796875 0.669921875 0.0693359375 0.0830078125
0 0.984375 0.919921875 0.0302734375 0.119140625
0 0.560546875 0.5009765625 0.03125 0.048828125
0 0.359375 0.564453125 0.0458984375 0.0615234375
0 0.681640625 0.9052734375 0.1044921875 0.1875
0 0.798828125 0.6669921875 0.0712890625 0.0986328125
0 0.1015625 0.9658203125 0.150390625 0.0654296875
0 0.640625 0.451171875 0.0673828125 0.1181640625
0 0.3115234375 0.5107421875 0.052734375 0.0849609375
0 0.6416015625 0.451171875 0.0673828125 0.119140625
0 0.541015625 0.43359375 0.0234375 0.0302734375
0 0.6171875 0.5087890625 0.03125 0.0537109375
0 0.1171875 0.744140625 0.2333984375 0.46484375
0 0.4326171875 0.5146484375 0.029296875 0.052734375