0 0.869140625 0.6767578125 0.2607421875 0.375
0 0.673828125 0.837890625 0.0947265625 0.142578125
0 0.712890625 0.66796875 0.0693359375 0.0849609375
0 0.60546875 0.66015625 0.0546875 0.0849609375
0 0.77734375 0.771484375 0.1015625 0.1220703125
0 0.443359375 0.48046875 0.02734375 0.04296875
0 0.3095703125 0.501953125 0.1015625 0.1708984375
0 0.3974609375 0.638671875 0.0517578125 0.0888671875
0 0.5859375 0.5712890625 0.04296875 0.0888671875
0 0.3125 0.6328125 0.0556640625 0.0859375
0 0.63671875 0.5546875 0.041015625 0.0595703125
0 0.89453125 0.9541015625 0.1416015625 0.0859375
0 0.3984375 0.4326171875 0.0224609375 0.0302734375
0 0.6767578125 0.498046875 0.0458984375 0.078125
0 0.603515625 0.474609375 0.029296875 0.048828125
0 0.6767578125 0.498046875 0.046875 0.078125
0 0.5673828125 0.5205078125 0.029296875 0.0615234375