0 0.865234375 0.6650390625 0.2685546875 0.361328125
0 0.4384765625 0.4970703125 0.029296875 0.046875
0 0.669921875 0.828125 0.0927734375 0.138671875
0 0.7119140625 0.6650390625 0.0693359375 0.0849609375
0 0.7763671875 0.7705078125 0.1005859375 0.1181640625
0 0.60546875 0.65625 0.052734375 0.0849609375
0 0.279296875 0.6884765625 0.0673828125 0.1025390625
0 0.2919921875 0.5224609375 0.115234375 0.19140625
0 0.392578125 0.4384765625 0.0224609375 0.0263671875
0 0.3759765625 0.7021484375 0.060546875 0.1162109375
0 0.5849609375 0.5703125 0.04296875 0.0859375
0 0.89453125 0.9638671875 0.1416015625 0.0693359375
0 0.6357421875 0.552734375 0.04296875 0.05859375
0 0.67578125 0.4931640625 0.0458984375 0.076171875
0 0.67578125 0.4931640625 0.0458984375 0.078125
0 0.462890625 0.41796875 0.01953125 0.037109375
0 0.568359375 0.5205078125 0.0302734375 0.0625