0 0.166015625 0.62109375 0.234375 0.3056640625
0 0.2939453125 0.654296875 0.068359375 0.08203125
0 0.3388671875 0.796875 0.087890625 0.1337890625
0 0.2265625 0.765625 0.1005859375 0.1181640625
0 0.5888671875 0.5859375 0.0439453125 0.076171875
0 0.7939453125 0.619140625 0.1982421875 0.30859375
0 0.3984375 0.640625 0.05078125 0.0830078125
0 0.10546875 0.951171875 0.1435546875 0.091796875
0 0.4150390625 0.568359375 0.0439453125 0.0830078125
0 0.333984375 0.4833984375 0.044921875 0.0712890625
0 0.625 0.4599609375 0.025390625 0.0322265625
0 0.3662109375 0.544921875 0.0390625 0.0537109375
0 0.5419921875 0.44140625 0.025390625 0.048828125
0 0.92578125 0.9677734375 0.103515625 0.0634765625
0 0.5712890625 0.4228515625 0.021484375 0.0322265625