0 0.353515625 0.736328125 0.08203125 0.115234375
0 0.4033203125 0.626953125 0.044921875 0.0732421875
0 0.2451171875 0.7314453125 0.091796875 0.107421875
0 0.076171875 0.81640625 0.1357421875 0.142578125
0 0.2392578125 0.5517578125 0.1611328125 0.2236328125
0 0.71484375 0.5712890625 0.0478515625 0.0595703125
0 0.314453125 0.62109375 0.0546875 0.0732421875
0 0.6162109375 0.6572265625 0.0625 0.1220703125
0 0.10546875 0.9697265625 0.142578125 0.05859375
0 0.2978515625 0.9765625 0.103515625 0.046875
0 0.6328125 0.5283203125 0.037109375 0.0537109375
0 0.1064453125 0.9580078125 0.142578125 0.0830078125
0 0.576171875 0.533203125 0.0390625 0.068359375
0 0.537109375 0.4326171875 0.0224609375 0.0302734375
0 0.4150390625 0.564453125 0.044921875 0.080078125
0 0.3759765625 0.52734375 0.033203125 0.048828125
0 0.3515625 0.46484375 0.0361328125 0.0654296875