0 0.283203125 0.6767578125 0.068359375 0.0859375
0 0.412109375 0.5947265625 0.041015625 0.0693359375
0 0.6220703125 0.5185546875 0.03125 0.0498046875
0 0.681640625 0.515625 0.044921875 0.0712890625
0 0.28125 0.9462890625 0.138671875 0.107421875
0 0.69921875 0.9306640625 0.11328125 0.138671875
0 0.5751953125 0.443359375 0.0224609375 0.029296875
0 0.400390625 0.4794921875 0.0283203125 0.0400390625
0 0.359375 0.4697265625 0.029296875 0.044921875
0 0.443359375 0.482421875 0.025390625 0.0361328125
0 0.626953125 0.466796875 0.0244140625 0.033203125