0 0.880859375 0.8310546875 0.2265625 0.322265625
0 0.615234375 0.671875 0.0556640625 0.08984375
0 0.6328125 0.5234375 0.037109375 0.0498046875
0 0.427734375 0.5419921875 0.0380859375 0.0615234375
0 0.7099609375 0.97265625 0.1103515625 0.0537109375
0 0.716796875 0.552734375 0.0380859375 0.052734375
0 0.333984375 0.482421875 0.083984375 0.140625
0 0.5810546875 0.4453125 0.0244140625 0.0390625
0 0.451171875 0.458984375 0.02734375 0.0390625
0 0.5546875 0.4814453125 0.025390625 0.0390625
0 0.333984375 0.482421875 0.083984375 0.140625
0 0.45703125 0.4501953125 0.0380859375 0.0537109375
0 0.7021484375 0.5458984375 0.025390625 0.052734375