0 0.173828125 0.87890625 0.123046875 0.1552734375
0 0.318359375 0.615234375 0.052734375 0.0751953125
0 0.3349609375 0.8408203125 0.1103515625 0.20703125
0 0.7431640625 0.5859375 0.0634765625 0.091796875
0 0.42578125 0.55078125 0.037109375 0.052734375
0 0.6748046875 0.607421875 0.0498046875 0.0751953125
0 0.59375 0.4765625 0.0283203125 0.0390625
0 0.103515625 0.7919921875 0.1083984375 0.140625
0 0.44921875 0.4599609375 0.025390625 0.0419921875
0 0.658203125 0.5029296875 0.033203125 0.04296875
0 0.40625 0.46484375 0.0263671875 0.03515625
0 0.5625 0.4033203125 0.021484375 0.04296875
0 0.6015625 0.4326171875 0.021484375 0.02734375
0 0.03125 0.8681640625 0.0625 0.25
0 0.3701171875 0.453125 0.0283203125 0.0419921875
0 0.451171875 0.455078125 0.0244140625 0.0400390625