0 0.248046875 0.6279296875 0.1953125 0.34765625
0 0.0556640625 0.77734375 0.111328125 0.365234375
0 0.9140625 0.921875 0.146484375 0.1552734375
0 0.833984375 0.6962890625 0.08203125 0.107421875
0 0.4091796875 0.5615234375 0.044921875 0.0625
0 0.57421875 0.5302734375 0.0380859375 0.05859375
0 0.384765625 0.4912109375 0.033203125 0.04296875
0 0.6962890625 0.9052734375 0.109375 0.1865234375
0 0.607421875 0.4287109375 0.0263671875 0.048828125
0 0.44921875 0.4736328125 0.02734375 0.044921875
0 0.5751953125 0.4345703125 0.01953125 0.029296875