0 0.41015625 0.576171875 0.044921875 0.0712890625
0 0.2685546875 0.6875 0.076171875 0.099609375
0 0.7236328125 0.576171875 0.048828125 0.06640625
0 0.40234375 0.4365234375 0.0556640625 0.115234375
0 0.5771484375 0.548828125 0.0380859375 0.0634765625
0 0.26171875 0.521484375 0.138671875 0.197265625
0 0.53515625 0.4208984375 0.021484375 0.03515625
0 0.9375 0.83984375 0.125 0.3115234375
0 0.626953125 0.4560546875 0.021484375 0.0361328125
0 0.453125 0.43359375 0.021484375 0.0322265625
0 0.9375 0.83984375 0.125 0.30859375
0 0.599609375 0.4150390625 0.021484375 0.037109375
0 0.5673828125 0.421875 0.0205078125 0.025390625
0 0.9365234375 0.83984375 0.1259765625 0.306640625