0 0.658203125 0.58984375 0.052734375 0.078125
0 0.2861328125 0.673828125 0.068359375 0.087890625
0 0.3564453125 0.548828125 0.0390625 0.05859375
0 0.751953125 0.619140625 0.06640625 0.087890625
0 0.3876953125 0.6572265625 0.0673828125 0.12109375
0 0.439453125 0.498046875 0.029296875 0.044921875
0 0.9306640625 0.775390625 0.099609375 0.173828125
0 0.580078125 0.43359375 0.0283203125 0.0556640625
0 0.1416015625 0.6982421875 0.1181640625 0.1787109375
0 0.63671875 0.47265625 0.025390625 0.03515625
0 0.970703125 0.8779296875 0.0576171875 0.1943359375
0 0.4560546875 0.4384765625 0.021484375 0.0361328125
0 0.970703125 0.8759765625 0.0576171875 0.1982421875
0 0.142578125 0.7001953125 0.119140625 0.1787109375