0 0.849609375 0.8251953125 0.1904296875 0.2900390625
0 0.2841796875 0.55859375 0.041015625 0.0634765625
0 0.4365234375 0.5205078125 0.033203125 0.056640625
0 0.638671875 0.5322265625 0.0361328125 0.052734375
0 0.390625 0.4912109375 0.0302734375 0.04296875
0 0.5595703125 0.484375 0.029296875 0.0458984375
0 0.66796875 0.4560546875 0.08203125 0.1240234375
0 0.5751953125 0.40625 0.037109375 0.0712890625
0 0.404296875 0.4169921875 0.0224609375 0.0302734375
0 0.3564453125 0.46484375 0.0361328125 0.068359375
0 0.4248046875 0.421875 0.021484375 0.037109375
0 0.4619140625 0.431640625 0.021484375 0.0302734375