0 0.3681640625 0.5205078125 0.03515625 0.0498046875
0 0.734375 0.583984375 0.048828125 0.076171875
0 0.572265625 0.546875 0.0380859375 0.0634765625
0 0.197265625 0.7646484375 0.154296875 0.2490234375
0 0.6181640625 0.509765625 0.0341796875 0.0498046875
0 0.33984375 0.4541015625 0.07421875 0.1181640625
0 0.1962890625 0.763671875 0.154296875 0.24609375
0 0.4453125 0.4775390625 0.0302734375 0.0458984375
0 0.6015625 0.421875 0.0205078125 0.0361328125
0 0.5390625 0.4375 0.021484375 0.0361328125
0 0.6533203125 0.4765625 0.0400390625 0.076171875
0 0.4287109375 0.400390625 0.037109375 0.0654296875
0 0.5791015625 0.431640625 0.021484375 0.03515625