0 0.322265625 0.609375 0.0576171875 0.0830078125
0 0.67578125 0.8935546875 0.1025390625 0.1650390625
0 0.1220703125 0.7626953125 0.095703125 0.138671875
0 0.35546875 0.7744140625 0.080078125 0.15234375
0 0.7734375 0.61328125 0.0634765625 0.0732421875
0 0.4501953125 0.4794921875 0.0263671875 0.046875
0 0.638671875 0.4375 0.060546875 0.1083984375
0 0.400390625 0.4677734375 0.0263671875 0.0400390625
0 0.548828125 0.453125 0.03515625 0.0390625
0 0.6083984375 0.484375 0.029296875 0.044921875
0 0.697265625 0.599609375 0.08203125 0.1455078125
0 0.29296875 0.5380859375 0.05859375 0.1083984375
0 0.560546875 0.388671875 0.0390625 0.0693359375
0 0.2939453125 0.5380859375 0.05859375 0.107421875
0 0.697265625 0.5986328125 0.0830078125 0.1416015625
0 0.3779296875 0.4443359375 0.025390625 0.0458984375