0 0.3720703125 0.515625 0.033203125 0.046875
0 0.3056640625 0.9345703125 0.115234375 0.130859375
0 0.58203125 0.5732421875 0.0419921875 0.072265625
0 0.392578125 0.646484375 0.052734375 0.08203125
0 0.6806640625 0.4970703125 0.09375 0.158203125
0 0.162109375 0.794921875 0.1875 0.3212890625
0 0.2939453125 0.5390625 0.0400390625 0.0537109375
0 0.5546875 0.47265625 0.0263671875 0.037109375
0 0.447265625 0.4765625 0.029296875 0.0400390625
0 0.41796875 0.44140625 0.025390625 0.0361328125
0 0.1611328125 0.7939453125 0.189453125 0.3212890625
0 0.5390625 0.4365234375 0.0224609375 0.0390625
0 0.38671875 0.4365234375 0.025390625 0.033203125